0 3 80 36 164.31676725154983 5915.403621055794
1 0 50 0 1.0 0.0
2 5 81 100 172.60069524773067 17260.069524773065
3 0 50 0 1.0 0.0
4 0 50 0 1.0 0.0
5 0 50 0 1.0 0.0
6 0 50 0 1.0 0.0
7 3 41 36 262.5280937347468 9451.011374450885
8 1 57 4 18.520259177452132 74.08103670980853
9 1 57 4 18.520259177452132 74.08103670980853
10 1 6 4 14.696938456699069 58.787753826796276
11 0 8 0 22.627416997969522 0.0
12 2 43 16 281.96985654498604 4511.517704719777
13 0 50 0 1.0 0.0
14 0 50 0 1.0 0.0
15 1 56 4 14.696938456699069 58.787753826796276
16 3 43 36 281.96985654498604 10150.914835619498
17 4 90 64 252.98221281347034 16190.861620062102
18 2 63 16 500.0469977912076 8000.751964659322
19 0 50 0 1.0 0.0
20 2 19 16 82.8190799272728 1325.1052788363647
21 4 46 64 311.9871792237623 19967.17947032079
22 0 50 0 1.0 0.0
23 0 50 0 1.0 0.0
24 4 71 64 96.23408959407264 6158.981734020649
25 19 229 1444 3465.3988226465362 5004035.899901599
26 14 304 784 5300.421115345459 4155530.1544308397
27 5 87 100 225.06221362103412 22506.221362103413
28 0 5 0 11.180339887498949 0.0
29 0 6 0 14.696938456699069 0.0
30 0 16 0 64.0 0.0
31 3 62 36 488.18848818873226 17574.78557479436
32 0 50 0 1.0 0.0
33 0 50 0 1.0 0.0
34 1 7 4 18.520259177452132 74.08103670980853
35 2 25 16 125.0 2000.0
36 2 18 16 76.36753236814714 1221.8805178903542
37 2 39 16 243.55492193753753 3896.8787510006005
38 0 50 0 1.0 0.0
39 11 138 484 1621.132937176961 784628.3415936491
40 1 52 4 2.8284271247461903 11.313708498984761
41 3 74 36 636.5720697611544 22916.594511401556
42 1 8 4 22.627416997969522 90.50966799187809
43 5 37 100 225.06221362103412 22506.221362103413
44 1 50 4 1.0 4.0
45 3 82 36 742.5415813272682 26731.496927781656
46 1 12 4 41.569219381653056 166.27687752661222
47 0 50 0 1.0 0.0
48 0 50 0 1.0 0.0
49 1 30 4 164.31676725154983 657.2670690061993
50 0 50 0 1.0 0.0
51 0 6 0 14.696938456699069 0.0
52 2 66 16 64.0 1024.0
53 0 50 0 1.0 0.0
54 0 50 0 1.0 0.0
55 0 50 0 1.0 0.0
56 1 53 4 5.196152422706632 20.784609690826528
57 2 23 16 110.30412503619254 1764.8660005790807
58 0 50 0 1.0 0.0
59 2 30 16 164.31676725154983 2629.0682760247973
60 0 50 0 1.0 0.0
61 1 11 4 36.4828726939094 145.9314907756376
62 1 57 4 18.520259177452132 74.08103670980853
63 2 60 16 31.622776601683793 505.9644256269407
64 0 50 0 1.0 0.0
65 3 21 36 96.23408959407264 3464.427225386615
66 1 56 4 14.696938456699069 58.787753826796276
67 0 50 0 1.0 0.0
68 0 50 0 1.0 0.0
69 4 58 64 441.7148401401067 28269.749768966827
70 1 21 4 96.23408959407264 384.93635837629057
71 0 50 0 1.0 0.0
72 0 50 0 1.0 0.0
73 0 50 0 1.0 0.0
74 1 13 4 46.87216658103186 187.48866632412745
75 0 50 0 1.0 0.0
76 0 50 0 1.0 0.0
77 0 50 0 1.0 0.0
78 0 50 0 1.0 0.0
79 0 50 0 1.0 0.0
80 0 50 0 1.0 0.0
81 4 100 64 353.5533905932738 22627.41699796952
82 4 45 64 301.8691769624716 19319.627325598183
83 1 14 4 52.38320341483518 209.53281365934072
84 5 45 100 301.8691769624716 30186.91769624716
85 10 158 400 1986.0292042162926 794411.681686517
86 9 102 324 1030.1495037129318 333768.4392029899
87 4 53 64 385.84582413186746 24694.132744439517
88 28 559 3136 13216.538086806242 41447063.44022437
89 1 57 4 18.520259177452132 74.08103670980853
90 0 50 0 1.0 0.0
91 0 50 0 1.0 0.0
92 3 62 36 41.569219381653056 1496.49189773951
93 0 50 0 1.0 0.0
94 5 99 100 343.0 34300.0
95 7 74 196 636.5720697611544 124768.12567318625
96 5 74 100 636.5720697611544 63657.206976115434
97 4 100 64 353.5533905932738 22627.41699796952
98 0 50 0 1.0 0.0
99 0 50 0 1.0 0.0
100 2 13 16 46.87216658103186 749.9546652965098
101 0 50 0 1.0 0.0
102 9 250 324 1818.7767867443217 589283.6789051603
103 33 598 4356 14623.51503572243 63700031.49560691
104 0 50 0 1.0 0.0
105 1 51 4 1.0 4.0
106 0 50 0 1.0 0.0
107 0 50 0 1.0 0.0
108 9 89 324 839.6243207530378 272038.27992398426
109 1 57 4 18.520259177452132 74.08103670980853
110 7 174 196 2295.2176367394877 449862.6568009396
111 8 171 256 2236.1151580363658 572445.4804573096
112 0 50 0 1.0 0.0
113 1 51 4 1.0 4.0
114 0 50 0 1.0 0.0
115 1 55 4 11.180339887498949 44.721359549995796
116 7 327 196 675.6722578291934 132431.7625345219
117 0 50 0 1.0 0.0
118 0 50 0 1.0 0.0
119 0 50 0 1.0 0.0
120 0 15 0 58.09475019311125 0.0
121 3 37 36 225.06221362103412 8102.239690357228
122 0 50 0 1.0 0.0
123 4 36 64 216.0 13824.0
124 1 14 4 52.38320341483518 209.53281365934072
125 10 206 400 2956.656219447909 1182662.4877791635
126 0 50 0 1.0 0.0
127 0 50 0 1.0 0.0
128 0 50 0 1.0 0.0
129 2 17 16 70.09279563550022 1121.4847301680036
130 10 134 400 1551.1621449738902 620464.857989556
131 0 50 0 1.0 0.0
132 0 50 0 1.0 0.0
133 0 50 0 1.0 0.0
134 1 52 4 2.8284271247461903 11.313708498984761
135 28 545 3136 12723.15310762234 39899808.145503655
136 3 83 36 189.57056733575496 6824.5404240871785
137 2 13 16 46.87216658103186 749.9546652965098
138 0 50 0 1.0 0.0
139 1 8 4 22.627416997969522 90.50966799187809
140 0 50 0 1.0 0.0
141 1 55 4 11.180339887498949 44.721359549995796
142 2 28 16 148.16207341961706 2370.593174713873
143 7 79 196 702.1673589679315 137624.80235771457
144 6 333 144 756.1659870689768 108887.90213793266
145 22 297 1936 5118.405318065384 9909232.695774583
146 0 50 0 1.0 0.0
147 11 152 484 1873.9818569025688 907007.2187408432
148 24 403 2304 8090.168539653547 18639748.31536177
149 0 50 0 1.0 0.0
150 2 21 16 96.23408959407264 1539.7454335051623
151 5 43 100 281.96985654498604 28196.985654498603
152 3 103 36 385.84582413186746 13890.44966874723
153 1 9 4 27.0 108.0
154 0 50 0 1.0 0.0
155 7 325 196 649.519052838329 127305.73435631249
156 0 50 0 1.0 0.0
157 5 59 100 453.18759912424787 45318.759912424786
158 2 15 16 58.09475019311125 929.51600308978
159 3 21 36 96.23408959407264 3464.427225386615
160 1 15 4 58.09475019311125 232.379000772445
161 1 52 4 2.8284271247461903 11.313708498984761
162 2 71 16 96.23408959407264 1539.7454335051623
163 0 50 0 1.0 0.0
164 15 415 900 2119.4633754797464 1907517.0379317717
165 0 50 0 1.0 0.0
166 0 50 0 1.0 0.0
167 0 50 0 1.0 0.0
168 1 54 4 8.0 32.0
169 0 50 0 1.0 0.0
170 2 49 16 343.0 5488.0
171 2 32 16 181.01933598375618 2896.309375740099
172 28 516 3136 11721.266825731765 36757892.765494816
173 0 11 0 36.4828726939094 0.0
174 5 115 100 524.0467536394058 52404.67536394058
175 5 73 100 110.30412503619254 11030.412503619254
176 1 12 4 41.569219381653056 166.27687752661222
177 0 11 0 36.4828726939094 0.0
178 0 50 0 1.0 0.0
179 1 57 4 18.520259177452132 74.08103670980853
180 2 24 16 117.57550765359255 1881.2081224574808
181 2 64 16 52.38320341483518 838.1312546373629
182 6 62 144 488.18848818873226 70299.14229917745
183 2 19 16 82.8190799272728 1325.1052788363647
184 1 56 4 14.696938456699069 58.787753826796276
185 0 50 0 1.0 0.0
186 2 20 16 89.44271909999159 1431.0835055998655
187 2 62 16 488.18848818873226 7811.015811019716
188 2 23 16 110.30412503619254 1764.8660005790807
189 1 8 4 22.627416997969522 90.50966799187809
190 5 58 100 441.7148401401067 44171.48401401067
191 3 28 36 148.16207341961706 5333.834643106215
192 1 53 4 5.196152422706632 20.784609690826528
193 0 50 0 1.0 0.0
194 0 50 0 1.0 0.0
195 2 24 16 117.57550765359255 1881.2081224574808
196 4 86 64 216.0 13824.0
197 3 19 36 82.8190799272728 2981.4868773818207
198 0 50 0 1.0 0.0
199 1 20 4 89.44271909999159 357.77087639996637
200 3 97 36 322.21576621884907 11599.767583878567
201 1 8 4 22.627416997969522 90.50966799187809
202 0 50 0 1.0 0.0
203 3 56 36 419.06562731868144 15086.362583472532
204 8 131 256 1499.363531636007 383837.0640988178
205 3 77 36 140.29611541307906 5050.660154870846
206 0 50 0 1.0 0.0
207 2 26 16 132.5745073534124 2121.1921176545984
208 1 50 4 1.0 4.0
209 16 191 1024 2639.672517567283 2703024.657988898
210 5 67 100 548.4186357154541 54841.863571545415
211 2 58 16 22.627416997969522 362.03867196751236
212 7 100 196 1000.0 196000.0
213 8 120 256 1314.5341380123987 336520.73933117406
214 2 34 16 198.25236442474022 3172.0378307958435
215 0 50 0 1.0 0.0
216 1 11 4 36.4828726939094 145.9314907756376
217 17 196 1156 2744.0 3172064.0
218 4 60 64 464.75800154489 29744.51209887296
219 5 110 100 1153.6897329871667 115368.97329871668
220 0 50 0 1.0 0.0
221 4 68 64 560.7423650840018 35887.511365376115
222 0 50 0 1.0 0.0
223 0 50 0 1.0 0.0
224 13 192 676 2660.4300404257956 1798450.7073278378
225 3 25 36 125.0 4500.0
226 6 66 144 536.1865347059734 77210.86099766017
227 1 57 4 18.520259177452132 74.08103670980853
228 3 71 36 96.23408959407264 3464.427225386615
229 6 317 144 548.4186357154541 78972.28354302539
230 9 392 324 1692.125290869444 548248.5942416998
231 2 45 16 301.8691769624716 4829.906831399546
232 6 308 144 441.7148401401067 63606.936980175364
233 4 93 64 281.96985654498604 18046.070818879107
234 0 50 0 1.0 0.0
235 3 31 36 172.60069524773067 6213.625028918304
236 15 301 900 5222.154823442139 4699939.341097925
237 18 194 1296 2702.1073257737194 3501931.09420274
238 4 51 64 364.21284985568536 23309.622390763863
239 10 188 400 2577.7261297507926 1031090.451900317
240 3 66 36 64.0 2304.0
241 8 113 256 1201.2064768390153 307508.8580707879
242 0 50 0 1.0 0.0
243 9 86 324 797.5311906126306 258400.1057584923
244 7 127 196 1431.21731403725 280518.593551301
245 6 307 144 430.34056281043274 61969.04104470232
246 7 79 196 702.1673589679315 137624.80235771457
247 3 30 36 164.31676725154983 5915.403621055794
248 0 50 0 1.0 0.0
249 0 50 0 1.0 0.0
250 0 50 0 1.0 0.0
251 0 50 0 1.0 0.0
252 1 55 4 11.180339887498949 44.721359549995796
253 8 334 256 769.8727167525811 197087.41548866077
254 2 73 16 110.30412503619254 1764.8660005790807
255 9 124 324 1380.8055619818454 447381.0020821179
256 0 50 0 1.0 0.0
257 5 37 100 225.06221362103412 22506.221362103413
258 0 50 0 1.0 0.0
259 20 245 1600 3834.8565814121393 6135770.530259423
260 22 256 1936 4096.0 7929856.0
261 7 95 196 925.9454627568516 181485.3107003429
262 5 96 100 311.9871792237623 31198.717922376232
263 12 153 576 1892.505482158506 1090083.1577232995
264 12 196 576 2744.0 1580544.0
265 2 74 16 117.57550765359255 1881.2081224574808
266 7 114 196 1217.1869207315694 238568.6364633876
267 14 269 784 4411.928036584459 3458951.5806822157
268 5 63 100 500.0469977912076 50004.69977912076
269 5 106 100 419.06562731868144 41906.56273186814
270 9 134 324 1551.1621449738902 502576.53497154044
271 5 128 100 688.877347573572 68887.7347573572
272 0 50 0 1.0 0.0
273 4 54 64 396.81733833087486 25396.30965317599
274 7 99 196 985.0375627355537 193067.36229616852
275 4 78 64 148.16207341961706 9482.372698855492
276 6 342 144 882.4330002895404 127070.35204169381
277 6 300 144 353.5533905932738 50911.688245431425
278 3 82 36 181.01933598375618 6516.696095415223
279 33 454 4356 9673.503191708782 42137779.90308345
280 3 77 36 140.29611541307906 5050.660154870846
281 15 265 900 4313.8874579664225 3882498.7121697804
282 18 256 1296 4096.0 5308416.0
283 0 50 0 1.0 0.0
284 7 337 196 811.4819776187269 159050.46761327048
285 10 182 400 2455.3142365082317 982125.6946032927
286 15 180 900 2414.953415699773 2173458.0741297957
287 12 237 576 3648.568623446735 2101575.5271053193
288 5 71 100 598.2566338955214 59825.663389552145
289 2 87 16 225.06221362103412 3600.995417936546
290 15 254 900 4048.0938724293437 3643284.485186409
291 9 370 324 1314.5341380123987 425909.06071601715
292 13 181 676 2435.1059525203414 1646131.6239037507
293 3 27 36 140.29611541307906 5050.660154870846
294 4 126 64 662.5526394181824 42403.36892276367
295 4 68 64 560.7423650840018 35887.511365376115
296 10 393 400 1710.0312862634999 684012.5145054
297 6 315 144 524.0467536394058 75462.73252407444
298 4 88 64 234.2477321128211 14991.85485522055
299 15 180 900 2414.953415699773 2173458.0741297957
300 14 227 784 3420.0998523434955 2681358.2842373005
301 5 34 100 198.25236442474022 19825.236442474023
302 15 198 900 2786.1069613351174 2507496.265201606
303 6 359 144 1137.99340947125 163871.05096386
304 4 54 64 396.81733833087486 25396.30965317599
305 6 102 144 1030.1495037129318 148341.52853466218
306 2 53 16 5.196152422706632 83.13843876330611
307 4 101 64 364.21284985568536 23309.622390763863
308 4 110 64 464.75800154489 29744.51209887296
309 12 148 576 1800.497708968273 1037086.6803657252
310 4 93 64 281.96985654498604 18046.070818879107
311 3 67 36 70.09279563550022 2523.340642878008
312 20 352 1600 6604.1053898313885 10566568.623730222
313 8 340 256 853.8149682454624 218576.63187083838
314 7 140 196 1656.5023392678925 324674.4584965069
315 6 341 144 868.0846732894205 125004.19295367655
316 7 316 196 536.1865347059734 105092.56080237078
317 12 202 576 2870.959421517483 1653672.6267940702
318 1 52 4 2.8284271247461903 11.313708498984761
319 12 134 576 1551.1621449738902 893469.3955049608
320 13 171 676 2236.1151580363658 1511613.8468325832
321 6 92 144 882.4330002895404 127070.35204169381
322 14 251 784 3976.5878589564695 3117644.881421872
323 13 206 676 2956.656219447909 1998699.6043467864
324 0 50 0 1.0 0.0
325 15 510 900 4192.374029115246 3773136.6262037214
326 7 334 196 769.8727167525811 150895.0524835059
327 19 297 1444 5118.405318065384 7390977.279286414
328 10 131 400 1499.363531636007 599745.4126544029
329 25 585 2500 14149.262348263954 35373155.87065989
330 6 84 144 769.8727167525811 110861.67121237169
331 13 155 676 1929.7344376882536 1304500.4798772593
332 13 199 676 2807.240459953511 1897694.5509285736
333 25 441 2500 9261.0 23152500.0
334 18 238 1296 3671.68517168888 4758503.982508789
335 11 196 484 2744.0 1328096.0
336 14 155 784 1929.7344376882536 1512911.7991475908
337 8 70 256 585.6620185738528 149929.47675490633
338 16 212 1024 3086.7665930549397 3160848.991288258
339 7 155 196 1929.7344376882536 378227.9497868977
340 14 269 784 4411.928036584459 3458951.5806822157
341 10 148 400 1800.497708968273 720199.0835873092
342 5 47 100 322.21576621884907 32221.576621884906
343 17 178 1156 2374.8162034144875 2745287.5311471475
344 0 50 0 1.0 0.0
345 4 52 64 374.9773326482549 23998.549289488314
346 22 387 1936 7613.186126714622 14739128.341319509
347 17 215 1156 3152.518834202264 3644311.772337817
348 7 107 196 1106.8166063083802 216936.05483644252
349 12 156 576 1948.4393755003002 1122301.080288173
350 3 67 36 70.09279563550022 2523.340642878008
351 18 221 1296 3285.4011931573896 4257879.946331977
352 13 171 676 2236.1151580363658 1511613.8468325832
353 9 143 324 1710.0312862634999 554050.136749374
354 4 121 64 598.2566338955214 38288.42456931337
355 18 228 1296 3442.724502483462 4461770.955218567
356 9 166 324 2138.760388636371 692958.3659181842
357 8 167 256 2158.1156132144542 552477.5969829003
358 12 117 576 1265.5484976878602 728955.9346682074
359 21 319 1764 5697.522180737868 10050429.1268216
360 18 344 1296 6380.249524901044 8268803.384271754
361 16 283 1024 4760.7968870767845 4875056.012366627
362 15 172 900 2255.7588523598884 2030182.9671238996
363 13 159 676 2004.9137138540402 1355321.6705653311
364 6 97 144 955.3392067742221 137568.84577548798
365 8 315 256 524.0467536394058 134155.96893168788
366 10 145 400 1746.0312139248829 698412.4855699531
367 14 550 784 5196.152422706632 4073783.4994019996
368 5 54 100 396.81733833087486 39681.733833087485
369 4 77 64 140.29611541307906 8978.95138643706
370 9 166 324 2138.760388636371 692958.3659181842
371 15 163 900 2081.044689573004 1872940.2206157034
372 19 369 1444 7088.258530838163 10235445.318530308
373 9 155 324 1929.7344376882536 625233.9578109941
374 7 84 196 769.8727167525811 150895.0524835059
375 10 160 400 2023.8577025077627 809543.081003105
376 4 61 64 476.42523023030594 30491.21473473958
377 13 120 676 1314.5341380123987 888625.0772963815
378 17 214 1156 3130.5501114021476 3618915.9287808826
379 11 128 484 1448.1546878700494 700906.868929104
380 7 313 196 500.0469977912076 98009.2115670767
381 7 71 196 598.2566338955214 117258.3002435222
382 10 109 400 1137.99340947125 455197.3637885
383 17 199 1156 2807.240459953511 3245169.971706259
384 15 145 900 1746.0312139248829 1571428.0925323947
385 16 214 1024 3130.5501114021476 3205683.314075799
386 12 137 576 1603.5438877685885 923641.279354707
387 17 200 1156 2828.42712474619 3269661.756206596
388 14 163 784 2081.044689573004 1631539.0366252349
389 7 94 196 911.3638131942698 178627.3073860769
390 10 108 400 1122.3689233046325 448947.569321853
391 11 112 484 1185.2965873569365 573683.5482807573
392 12 114 576 1217.1869207315694 701099.6663413839
393 2 10 16 31.622776601683793 505.9644256269407
394 11 85 484 783.6612788698955 379292.0589730294
395 11 139 484 1638.785831034672 793172.3422207813
396 11 148 484 1800.497708968273 871440.8911406441
397 10 87 400 811.4819776187269 324592.7910474908
398 13 184 676 2495.8974337900986 1687226.6652421067
399 11 136 484 1586.0189153979218 767633.1550525941
1601's generation fitness ratios and roulette cutoffs:
63700031.49560691 561710476.2179196 1404276.190544799 1.0531054469350633e-05 1.0531054469350633e-05
63700031.49560691 561710476.2179196 1404276.190544799 0.0 1.0531054469350633e-05
63700031.49560691 561710476.2179196 1404276.190544799 3.0727697373543196e-05 4.125875184289383e-05
63700031.49560691 561710476.2179196 1404276.190544799 0.0 4.125875184289383e-05
63700031.49560691 561710476.2179196 1404276.190544799 0.0 4.125875184289383e-05
63700031.49560691 561710476.2179196 1404276.190544799 0.0 4.125875184289383e-05
63700031.49560691 561710476.2179196 1404276.190544799 0.0 4.125875184289383e-05
63700031.49560691 561710476.2179196 1404276.190544799 1.6825414113843764e-05 5.808416595673759e-05
63700031.49560691 561710476.2179196 1404276.190544799 1.3188473394444627e-07 5.821605069068204e-05
63700031.49560691 561710476.2179196 1404276.190544799 1.3188473394444627e-07 5.8347935424626487e-05
63700031.49560691 561710476.2179196 1404276.190544799 1.0465846074764885e-07 5.8452593885374135e-05
63700031.49560691 561710476.2179196 1404276.190544799 0.0 5.8452593885374135e-05
63700031.49560691 561710476.2179196 1404276.190544799 8.031749265380447e-06 6.648434315075458e-05
63700031.49560691 561710476.2179196 1404276.190544799 0.0 6.648434315075458e-05
63700031.49560691 561710476.2179196 1404276.190544799 0.0 6.648434315075458e-05
63700031.49560691 561710476.2179196 1404276.190544799 1.0465846074764885e-07 6.658900161150223e-05
63700031.49560691 561710476.2179196 1404276.190544799 1.8071435847106006e-05 8.466043745860823e-05
63700031.49560691 561710476.2179196 1404276.190544799 2.8824211592202425e-05 0.00011348464905081066
63700031.49560691 561710476.2179196 1404276.190544799 1.4243551266000197e-05 0.00012772820031681085
63700031.49560691 561710476.2179196 1404276.190544799 0.0 0.00012772820031681085
63700031.49560691 561710476.2179196 1404276.190544799 2.3590538808506764e-06 0.0001300872541976615
63700031.49560691 561710476.2179196 1404276.190544799 3.5547101782332397e-05 0.00016563435597999392
63700031.49560691 561710476.2179196 1404276.190544799 0.0 0.00016563435597999392
63700031.49560691 561710476.2179196 1404276.190544799 0.0 0.00016563435597999392
63700031.49560691 561710476.2179196 1404276.190544799 1.0964690876855264e-05 0.00017659904685684918
63700031.49560691 561710476.2179196 1404276.190544799 0.008908567868618935 0.009085166915475784
63700031.49560691 561710476.2179196 1404276.190544799 0.0073979929703477205 0.016483159885823506
63700031.49560691 561710476.2179196 1404276.190544799 4.0067298572818434e-05 0.016523227184396323
63700031.49560691 561710476.2179196 1404276.190544799 0.0 0.016523227184396323
63700031.49560691 561710476.2179196 1404276.190544799 0.0 0.016523227184396323
63700031.49560691 561710476.2179196 1404276.190544799 0.0 0.016523227184396323
63700031.49560691 561710476.2179196 1404276.190544799 3.1287978983635864e-05 0.016554515163379958
63700031.49560691 561710476.2179196 1404276.190544799 0.0 0.016554515163379958
63700031.49560691 561710476.2179196 1404276.190544799 0.0 0.016554515163379958
63700031.49560691 561710476.2179196 1404276.190544799 1.3188473394444627e-07 0.0165546470481139
63700031.49560691 561710476.2179196 1404276.190544799 3.5605531402339125e-06 0.016558207601254135
63700031.49560691 561710476.2179196 1404276.190544799 2.17528525748257e-06 0.016560382886511616
63700031.49560691 561710476.2179196 1404276.190544799 6.937521936992997e-06 0.016567320408448608
63700031.49560691 561710476.2179196 1404276.190544799 0.0 0.016567320408448608
63700031.49560691 561710476.2179196 1404276.190544799 0.001396855452788897 0.017964175861237504
63700031.49560691 561710476.2179196 1404276.190544799 2.0141530161875648e-08 0.017964196002767666
63700031.49560691 561710476.2179196 1404276.190544799 4.079787627551903e-05 0.018004993879043186
63700031.49560691 561710476.2179196 1404276.190544799 1.6113224129500518e-07 0.018005155011284482
63700031.49560691 561710476.2179196 1404276.190544799 4.0067298572818434e-05 0.0180452223098573
63700031.49560691 561710476.2179196 1404276.190544799 7.121106280467825e-09 0.01804522943096358
63700031.49560691 561710476.2179196 1404276.190544799 4.758945766468308e-05 0.018092818888628265
63700031.49560691 561710476.2179196 1404276.190544799 2.960188292128344e-07 0.018093114907457478
63700031.49560691 561710476.2179196 1404276.190544799 0.0 0.018093114907457478
63700031.49560691 561710476.2179196 1404276.190544799 0.0 0.018093114907457478
63700031.49560691 561710476.2179196 1404276.190544799 1.1701171632611813e-06 0.018094285024620738
63700031.49560691 561710476.2179196 1404276.190544799 0.0 0.018094285024620738
63700031.49560691 561710476.2179196 1404276.190544799 0.0 0.018094285024620738
63700031.49560691 561710476.2179196 1404276.190544799 1.8230032077997633e-06 0.018096108027828538
63700031.49560691 561710476.2179196 1404276.190544799 0.0 0.018096108027828538
63700031.49560691 561710476.2179196 1404276.190544799 0.0 0.018096108027828538
63700031.49560691 561710476.2179196 1404276.190544799 0.0 0.018096108027828538
63700031.49560691 561710476.2179196 1404276.190544799 3.70023536516043e-08 0.01809614503018219
63700031.49560691 561710476.2179196 1404276.190544799 3.1419495902269557e-06 0.01809928697977242
63700031.49560691 561710476.2179196 1404276.190544799 0.0 0.01809928697977242
63700031.49560691 561710476.2179196 1404276.190544799 4.680468653044725e-06 0.018103967448425462
63700031.49560691 561710476.2179196 1404276.190544799 0.0 0.018103967448425462
63700031.49560691 561710476.2179196 1404276.190544799 2.5979841387010633e-07 0.01810422724683933
63700031.49560691 561710476.2179196 1404276.190544799 1.3188473394444627e-07 0.018104359131573274
63700031.49560691 561710476.2179196 1404276.190544799 9.007566122563258e-07 0.01810525988818553
63700031.49560691 561710476.2179196 1404276.190544799 0.0 0.01810525988818553
63700031.49560691 561710476.2179196 1404276.190544799 6.167638618231087e-06 0.018111427526803763
63700031.49560691 561710476.2179196 1404276.190544799 1.0465846074764885e-07 0.01811153218526451
63700031.49560691 561710476.2179196 1404276.190544799 0.0 0.01811153218526451
63700031.49560691 561710476.2179196 1404276.190544799 0.0 0.01811153218526451
63700031.49560691 561710476.2179196 1404276.190544799 5.032797315676088e-05 0.01816186015842127
63700031.49560691 561710476.2179196 1404276.190544799 6.85293179803454e-07 0.018162545451601075
63700031.49560691 561710476.2179196 1404276.190544799 0.0 0.018162545451601075
63700031.49560691 561710476.2179196 1404276.190544799 0.0 0.018162545451601075
63700031.49560691 561710476.2179196 1404276.190544799 0.0 0.018162545451601075
63700031.49560691 561710476.2179196 1404276.190544799 3.337816798193201e-07 0.018162879233280894
63700031.49560691 561710476.2179196 1404276.190544799 0.0 0.018162879233280894
63700031.49560691 561710476.2179196 1404276.190544799 0.0 0.018162879233280894
63700031.49560691 561710476.2179196 1404276.190544799 0.0 0.018162879233280894
63700031.49560691 561710476.2179196 1404276.190544799 0.0 0.018162879233280894
63700031.49560691 561710476.2179196 1404276.190544799 0.0 0.018162879233280894
63700031.49560691 561710476.2179196 1404276.190544799 0.0 0.018162879233280894
63700031.49560691 561710476.2179196 1404276.190544799 4.028306032375129e-05 0.018203162293604646
63700031.49560691 561710476.2179196 1404276.190544799 3.4394279871153755e-05 0.0182375565734758
63700031.49560691 561710476.2179196 1404276.190544799 3.730263588284064e-07 0.01823792959983463
63700031.49560691 561710476.2179196 1404276.190544799 5.3741062298677745e-05 0.018291670662133306
63700031.49560691 561710476.2179196 1404276.190544799 0.0014142725039337156 0.01970594316606702
63700031.49560691 561710476.2179196 1404276.190544799 0.0005942001321575887 0.02030014329822461
63700031.49560691 561710476.2179196 1404276.190544799 4.39623859442836e-05 0.020344105684168896
63700031.49560691 561710476.2179196 1404276.190544799 0.07378723594278254 0.09413134162695144
63700031.49560691 561710476.2179196 1404276.190544799 1.3188473394444627e-07 0.09413147351168538
63700031.49560691 561710476.2179196 1404276.190544799 0.0 0.09413147351168538
63700031.49560691 561710476.2179196 1404276.190544799 0.0 0.09413147351168538
63700031.49560691 561710476.2179196 1404276.190544799 2.66416946291551e-06 0.0941341376811483
63700031.49560691 561710476.2179196 1404276.190544799 0.0 0.0941341376811483
63700031.49560691 561710476.2179196 1404276.190544799 6.10634863550116e-05 0.09419520116750331
63700031.49560691 561710476.2179196 1404276.190544799 0.00022212177083338137 0.09441732293833668
63700031.49560691 561710476.2179196 1404276.190544799 0.00011332743409866396 0.09453065037243535
63700031.49560691 561710476.2179196 1404276.190544799 4.028306032375129e-05 0.0945709334327591
63700031.49560691 561710476.2179196 1404276.190544799 0.0 0.0945709334327591
63700031.49560691 561710476.2179196 1404276.190544799 0.0 0.0945709334327591
63700031.49560691 561710476.2179196 1404276.190544799 1.3351267192772804e-06 0.09457226855947838
63700031.49560691 561710476.2179196 1404276.190544799 0.0 0.09457226855947838
63700031.49560691 561710476.2179196 1404276.190544799 0.0010490879267071806 0.09562135648618557
63700031.49560691 561710476.2179196 1404276.190544799 0.11340367358734114 0.2090250300735267
63700031.49560691 561710476.2179196 1404276.190544799 0.0 0.2090250300735267
63700031.49560691 561710476.2179196 1404276.190544799 7.121106280467825e-09 0.209025037194633
63700031.49560691 561710476.2179196 1404276.190544799 0.0 0.209025037194633
63700031.49560691 561710476.2179196 1404276.190544799 0.0 0.209025037194633
63700031.49560691 561710476.2179196 1404276.190544799 0.00048430337592358713 0.2095093405705566
63700031.49560691 561710476.2179196 1404276.190544799 1.3188473394444627e-07 0.20950947245529053
63700031.49560691 561710476.2179196 1404276.190544799 0.0008008799476732782 0.2103103524029638
63700031.49560691 561710476.2179196 1404276.190544799 0.0010191112765274924 0.2113294636794913
63700031.49560691 561710476.2179196 1404276.190544799 0.0 0.2113294636794913
63700031.49560691 561710476.2179196 1404276.190544799 7.121106280467825e-09 0.21132947080059758
63700031.49560691 561710476.2179196 1404276.190544799 0.0 0.21132947080059758
63700031.49560691 561710476.2179196 1404276.190544799 7.96163885906337e-08 0.21132955041698617
63700031.49560691 561710476.2179196 1404276.190544799 0.00023576516397950188 0.21156531558096567
63700031.49560691 561710476.2179196 1404276.190544799 0.0 0.21156531558096567
63700031.49560691 561710476.2179196 1404276.190544799 0.0 0.21156531558096567
63700031.49560691 561710476.2179196 1404276.190544799 0.0 0.21156531558096567
63700031.49560691 561710476.2179196 1404276.190544799 0.0 0.21156531558096567
63700031.49560691 561710476.2179196 1404276.190544799 1.4424227486214635e-05 0.21157973980845188
63700031.49560691 561710476.2179196 1404276.190544799 0.0 0.21157973980845188
63700031.49560691 561710476.2179196 1404276.190544799 2.4610543305296802e-05 0.21160435035175718
63700031.49560691 561710476.2179196 1404276.190544799 3.730263588284064e-07 0.211604723378116
63700031.49560691 561710476.2179196 1404276.190544799 0.002105466317349476 0.21371018969546549
63700031.49560691 561710476.2179196 1404276.190544799 0.0 0.21371018969546549
63700031.49560691 561710476.2179196 1404276.190544799 0.0 0.21371018969546549
63700031.49560691 561710476.2179196 1404276.190544799 0.0 0.21371018969546549
63700031.49560691 561710476.2179196 1404276.190544799 1.9965529888620337e-06 0.21371218624845434
63700031.49560691 561710476.2179196 1404276.190544799 0.0011045990492597512 0.21481678529771409
63700031.49560691 561710476.2179196 1404276.190544799 0.0 0.21481678529771409
63700031.49560691 561710476.2179196 1404276.190544799 0.0 0.21481678529771409
63700031.49560691 561710476.2179196 1404276.190544799 0.0 0.21481678529771409
63700031.49560691 561710476.2179196 1404276.190544799 2.0141530161875648e-08 0.21481680543924425
63700031.49560691 561710476.2179196 1404276.190544799 0.07103269359360184 0.28584949903284607
63700031.49560691 561710476.2179196 1404276.190544799 1.2149569418818441e-05 0.2858616486022649
63700031.49560691 561710476.2179196 1404276.190544799 1.3351267192772804e-06 0.28586298372898417
63700031.49560691 561710476.2179196 1404276.190544799 0.0 0.28586298372898417
63700031.49560691 561710476.2179196 1404276.190544799 1.6113224129500518e-07 0.28586314486122544
63700031.49560691 561710476.2179196 1404276.190544799 0.0 0.28586314486122544
63700031.49560691 561710476.2179196 1404276.190544799 7.96163885906337e-08 0.28586322447761403
63700031.49560691 561710476.2179196 1404276.190544799 4.2203114862222805e-06 0.28586744478910026
63700031.49560691 561710476.2179196 1404276.190544799 0.00024501021110441605 0.28611245500020466
63700031.49560691 561710476.2179196 1404276.190544799 0.00019385058094534955 0.28630630558115
63700031.49560691 561710476.2179196 1404276.190544799 0.017641174796124374 0.30394748037727437
63700031.49560691 561710476.2179196 1404276.190544799 0.0 0.30394748037727437
63700031.49560691 561710476.2179196 1404276.190544799 0.0016147237004512684 0.30556220407772566
63700031.49560691 561710476.2179196 1404276.190544799 0.03318390719871557 0.3387461112764412
63700031.49560691 561710476.2179196 1404276.190544799 0.0 0.3387461112764412
63700031.49560691 561710476.2179196 1404276.190544799 2.741172719213816e-06 0.3387488524491604
63700031.49560691 561710476.2179196 1404276.190544799 5.019843290862779e-05 0.3387990508820691
63700031.49560691 561710476.2179196 1404276.190544799 2.4728842093659527e-05 0.3388237797241627
63700031.49560691 561710476.2179196 1404276.190544799 1.9226986957263127e-07 0.3388239719940323
63700031.49560691 561710476.2179196 1404276.190544799 0.0 0.3388239719940323
63700031.49560691 561710476.2179196 1404276.190544799 0.00022663941611607635 0.33905061141014836
63700031.49560691 561710476.2179196 1404276.190544799 0.0 0.33905061141014836
63700031.49560691 561710476.2179196 1404276.190544799 8.067992645884541e-05 0.3391312913366072
63700031.49560691 561710476.2179196 1404276.190544799 1.6547955618494958e-06 0.33913294613216904
63700031.49560691 561710476.2179196 1404276.190544799 6.167638618231087e-06 0.33913911377078726
63700031.49560691 561710476.2179196 1404276.190544799 4.1369889046237395e-07 0.33913952746967774
63700031.49560691 561710476.2179196 1404276.190544799 2.0141530161875648e-08 0.3391395476112079
63700031.49560691 561710476.2179196 1404276.190544799 2.741172719213816e-06 0.3391422887839271
63700031.49560691 561710476.2179196 1404276.190544799 0.0 0.3391422887839271
63700031.49560691 561710476.2179196 1404276.190544799 0.0033959078897288306 0.3425381966736559
63700031.49560691 561710476.2179196 1404276.190544799 0.0 0.3425381966736559
63700031.49560691 561710476.2179196 1404276.190544799 0.0 0.3425381966736559
63700031.49560691 561710476.2179196 1404276.190544799 0.0 0.3425381966736559
63700031.49560691 561710476.2179196 1404276.190544799 5.69688502437426e-08 0.3425382536425062
63700031.49560691 561710476.2179196 1404276.190544799 0.0 0.3425382536425062
63700031.49560691 561710476.2179196 1404276.190544799 9.770157816801856e-06 0.34254802380032295
63700031.49560691 561710476.2179196 1404276.190544799 5.156231721440166e-06 0.3425531800320444
63700031.49560691 561710476.2179196 1404276.190544799 0.065439215257282 0.4079923952893264
63700031.49560691 561710476.2179196 1404276.190544799 0.0 0.4079923952893264
63700031.49560691 561710476.2179196 1404276.190544799 9.329481571500869e-05 0.4080856901050414
63700031.49560691 561710476.2179196 1404276.190544799 1.9637184938918473e-05 0.40810532728998034
63700031.49560691 561710476.2179196 1404276.190544799 2.960188292128344e-07 0.40810562330880956
63700031.49560691 561710476.2179196 1404276.190544799 0.0 0.40810562330880956
63700031.49560691 561710476.2179196 1404276.190544799 0.0 0.40810562330880956
63700031.49560691 561710476.2179196 1404276.190544799 1.3188473394444627e-07 0.40810575519354353
63700031.49560691 561710476.2179196 1404276.190544799 3.349070743924763e-06 0.4081091042642875
63700031.49560691 561710476.2179196 1404276.190544799 1.4921054353136256e-06 0.4081105963697228
63700031.49560691 561710476.2179196 1404276.190544799 0.00012515191593454346 0.40823574828565734
63700031.49560691 561710476.2179196 1404276.190544799 2.3590538808506764e-06 0.4082381073395382
63700031.49560691 561710476.2179196 1404276.190544799 1.0465846074764885e-07 0.4082382119979989
63700031.49560691 561710476.2179196 1404276.190544799 0.0 0.4082382119979989
63700031.49560691 561710476.2179196 1404276.190544799 2.5477244349002784e-06 0.40824075972243384
63700031.49560691 561710476.2179196 1404276.190544799 1.3905768437171496e-05 0.408254665490871
63700031.49560691 561710476.2179196 1404276.190544799 3.1419495902269557e-06 0.40825780744046125
63700031.49560691 561710476.2179196 1404276.190544799 1.6113224129500518e-07 0.4082579685727025
63700031.49560691 561710476.2179196 1404276.190544799 7.863745805743888e-05 0.40833660603075994
63700031.49560691 561710476.2179196 1404276.190544799 9.495700844000132e-06 0.40834610173160396
63700031.49560691 561710476.2179196 1404276.190544799 3.70023536516043e-08 0.4083461387339576
63700031.49560691 561710476.2179196 1404276.190544799 0.0 0.4083461387339576
63700031.49560691 561710476.2179196 1404276.190544799 0.0 0.4083461387339576
63700031.49560691 561710476.2179196 1404276.190544799 3.349070743924763e-06 0.40834948780470154
63700031.49560691 561710476.2179196 1404276.190544799 2.4610543305296802e-05 0.4083740983480068
63700031.49560691 561710476.2179196 1404276.190544799 5.307871231914022e-06 0.40837940621923874
63700031.49560691 561710476.2179196 1404276.190544799 0.0 0.40837940621923874
63700031.49560691 561710476.2179196 1404276.190544799 6.369311087250696e-07 0.4083800431503475
63700031.49560691 561710476.2179196 1404276.190544799 2.065079444838119e-05 0.4084006939447959
63700031.49560691 561710476.2179196 1404276.190544799 1.6113224129500518e-07 0.40840085507703716
63700031.49560691 561710476.2179196 1404276.190544799 0.0 0.40840085507703716
63700031.49560691 561710476.2179196 1404276.190544799 2.685789783564526e-05 0.4084277129748728
63700031.49560691 561710476.2179196 1404276.190544799 0.0006833361319576056 0.4091110491068304
63700031.49560691 561710476.2179196 1404276.190544799 8.991571937339844e-06 0.4091200406787677
63700031.49560691 561710476.2179196 1404276.190544799 0.0 0.4091200406787677
63700031.49560691 561710476.2179196 1404276.190544799 3.7763086277772516e-06 0.4091238169873955
63700031.49560691 561710476.2179196 1404276.190544799 7.121106280467825e-09 0.4091238241085018
63700031.49560691 561710476.2179196 1404276.190544799 0.004812131467066034 0.41393595557556784
63700031.49560691 561710476.2179196 1404276.190544799 9.763368477797292e-05 0.41403358926034584
63700031.49560691 561710476.2179196 1404276.190544799 6.445289651800207e-07 0.41403423378931103
63700031.49560691 561710476.2179196 1404276.190544799 0.0003489342077429234 0.41438316799705394
63700031.49560691 561710476.2179196 1404276.190544799 0.0005990999875897248 0.41498226798464366
63700031.49560691 561710476.2179196 1404276.190544799 5.647104629690454e-06 0.41498791508927335
63700031.49560691 561710476.2179196 1404276.190544799 0.0 0.41498791508927335
63700031.49560691 561710476.2179196 1404276.190544799 2.5979841387010633e-07 0.41498817488768724
63700031.49560691 561710476.2179196 1404276.190544799 0.005647151218111473 0.42063532610579873
63700031.49560691 561710476.2179196 1404276.190544799 5.2953457979183866e-05 0.4206882795637779
63700031.49560691 561710476.2179196 1404276.190544799 0.00020538868008215404 0.42089366824386004
63700031.49560691 561710476.2179196 1404276.190544799 0.0 0.42089366824386004
63700031.49560691 561710476.2179196 1404276.190544799 6.388969564358508e-05 0.4209575579395036
63700031.49560691 561710476.2179196 1404276.190544799 0.0 0.4209575579395036
63700031.49560691 561710476.2179196 1404276.190544799 0.0 0.4209575579395036
63700031.49560691 561710476.2179196 1404276.190544799 0.003201739656766017 0.42415929759626964
63700031.49560691 561710476.2179196 1404276.190544799 8.011244565526303e-06 0.42416730884083514
63700031.49560691 561710476.2179196 1404276.190544799 0.00013745668679269153 0.42430476552762786
63700031.49560691 561710476.2179196 1404276.190544799 1.3188473394444627e-07 0.4243048974123618
63700031.49560691 561710476.2179196 1404276.190544799 6.167638618231087e-06 0.42431106505098004
63700031.49560691 561710476.2179196 1404276.190544799 0.000140592506080281 0.4244516575570603
63700031.49560691 561710476.2179196 1404276.190544799 0.0009760341269280561 0.42542769168398836
63700031.49560691 561710476.2179196 1404276.190544799 8.598569967788439e-06 0.42543629025395613
63700031.49560691 561710476.2179196 1404276.190544799 0.00011323793960271199 0.42554952819355885
63700031.49560691 561710476.2179196 1404276.190544799 3.212699706152179e-05 0.42558165519062036
63700031.49560691 561710476.2179196 1404276.190544799 0.0 0.42558165519062036
63700031.49560691 561710476.2179196 1404276.190544799 1.1061971054475553e-05 0.42559271716167485
63700031.49560691 561710476.2179196 1404276.190544799 0.008367191889927562 0.4339599090516024
63700031.49560691 561710476.2179196 1404276.190544799 0.006234405877173174 0.4401943149287756
63700031.49560691 561710476.2179196 1404276.190544799 4.1497574600550496e-05 0.4402358125033761
63700031.49560691 561710476.2179196 1404276.190544799 0.0018356261731894388 0.44207143867656556
63700031.49560691 561710476.2179196 1404276.190544799 4.101757217549467e-06 0.4420755404337831
63700031.49560691 561710476.2179196 1404276.190544799 0.0005474508151268442 0.44262299124890997
63700031.49560691 561710476.2179196 1404276.190544799 0.0 0.44262299124890997
63700031.49560691 561710476.2179196 1404276.190544799 0.0004600236539975874 0.4430830149029076
63700031.49560691 561710476.2179196 1404276.190544799 0.0004994006795815426 0.4435824155824891
63700031.49560691 561710476.2179196 1404276.190544799 0.00011032203184449952 0.44369273761433364
63700031.49560691 561710476.2179196 1404276.190544799 0.00024501021110441605 0.44393774782543804
63700031.49560691 561710476.2179196 1404276.190544799 1.0531054469350633e-05 0.4439482788799074
63700031.49560691 561710476.2179196 1404276.190544799 0.0 0.4439482788799074
63700031.49560691 561710476.2179196 1404276.190544799 0.0 0.4439482788799074
63700031.49560691 561710476.2179196 1404276.190544799 0.0 0.4439482788799074
63700031.49560691 561710476.2179196 1404276.190544799 0.0 0.4439482788799074
63700031.49560691 561710476.2179196 1404276.190544799 7.96163885906337e-08 0.443948358496296
63700031.49560691 561710476.2179196 1404276.190544799 0.00035087010805936845 0.44429922860435533
63700031.49560691 561710476.2179196 1404276.190544799 3.1419495902269557e-06 0.44430237055394556
63700031.49560691 561710476.2179196 1404276.190544799 0.0007964619159222397 0.4450988324698678
63700031.49560691 561710476.2179196 1404276.190544799 0.0 0.4450988324698678
63700031.49560691 561710476.2179196 1404276.190544799 4.0067298572818434e-05 0.4451388997684406
63700031.49560691 561710476.2179196 1404276.190544799 0.0 0.4451388997684406
63700031.49560691 561710476.2179196 1404276.190544799 0.010923368514634943 0.45606226828307556
63700031.49560691 561710476.2179196 1404276.190544799 0.014117336841201367 0.4701796051242769
63700031.49560691 561710476.2179196 1404276.190544799 0.0003230940464602166 0.4705026991707371
63700031.49560691 561710476.2179196 1404276.190544799 5.554234653489437e-05 0.470558241517272
63700031.49560691 561710476.2179196 1404276.190544799 0.0019406495051738967 0.4724988910224459
63700031.49560691 561710476.2179196 1404276.190544799 0.0028138054512389346 0.47531269647368485
63700031.49560691 561710476.2179196 1404276.190544799 3.349070743924763e-06 0.4753160455444288
63700031.49560691 561710476.2179196 1404276.190544799 0.0004247181538605187 0.4757407636982893
63700031.49560691 561710476.2179196 1404276.190544799 0.00615789045625756 0.4818986541545469
63700031.49560691 561710476.2179196 1404276.190544799 8.902219541250123e-05 0.4819876763499594
63700031.49560691 561710476.2179196 1404276.190544799 7.460527176568128e-05 0.4820622816217251
63700031.49560691 561710476.2179196 1404276.190544799 0.0008947252299003985 0.4829570068516255
63700031.49560691 561710476.2179196 1404276.190544799 0.0001226392201569545 0.48307964607178244
63700031.49560691 561710476.2179196 1404276.190544799 0.0 0.48307964607178244
63700031.49560691 561710476.2179196 1404276.190544799 4.52124550429843e-05 0.4831248585268254
63700031.49560691 561710476.2179196 1404276.190544799 0.0003437133015501506 0.48346857182837555
63700031.49560691 561710476.2179196 1404276.190544799 1.6881245944889122e-05 0.48348545307432045
63700031.49560691 561710476.2179196 1404276.190544799 0.0002262203704963408 0.4837116734448168
63700031.49560691 561710476.2179196 1404276.190544799 9.063688572844041e-05 0.48380231033054527
63700031.49560691 561710476.2179196 1404276.190544799 1.1601521373240374e-05 0.4838139118519185
63700031.49560691 561710476.2179196 1404276.190544799 0.07501690227820461 0.5588308141301231
63700031.49560691 561710476.2179196 1404276.190544799 8.991571937339844e-06 0.5588398057020605
63700031.49560691 561710476.2179196 1404276.190544799 0.006911921490785116 0.5657517271928456
63700031.49560691 561710476.2179196 1404276.190544799 0.009450448629233972 0.5752021758220796
63700031.49560691 561710476.2179196 1404276.190544799 0.0 0.5752021758220796
63700031.49560691 561710476.2179196 1404276.190544799 0.0002831538209580512 0.5754853296430376
63700031.49560691 561710476.2179196 1404276.190544799 0.0017484553630120832 0.5772337850060496
63700031.49560691 561710476.2179196 1404276.190544799 0.003869356485504798 0.5811031414915544
63700031.49560691 561710476.2179196 1404276.190544799 0.003741385671236792 0.5848445271627912
63700031.49560691 561710476.2179196 1404276.190544799 0.00010650622682412345 0.5849510333896154
63700031.49560691 561710476.2179196 1404276.190544799 6.41076777165095e-06 0.584957444157387
63700031.49560691 561710476.2179196 1404276.190544799 0.0064860540072479815 0.591443498164635
63700031.49560691 561710476.2179196 1404276.190544799 0.0007582359217932455 0.5922017340864283
63700031.49560691 561710476.2179196 1404276.190544799 0.0029305695613644246 0.5951323036477927
63700031.49560691 561710476.2179196 1404276.190544799 8.991571937339844e-06 0.59514129521973
63700031.49560691 561710476.2179196 1404276.190544799 7.548972418722165e-05 0.5952167849439173
63700031.49560691 561710476.2179196 1404276.190544799 6.388969564358508e-05 0.5952806746395609
63700031.49560691 561710476.2179196 1404276.190544799 0.0012177314532407482 0.5964984060928017
63700031.49560691 561710476.2179196 1404276.190544799 0.00013434453462961253 0.5966327506274313
63700031.49560691 561710476.2179196 1404276.190544799 2.6689647941343277e-05 0.5966594402753727
63700031.49560691 561710476.2179196 1404276.190544799 0.003869356485504798 0.6005287967608774
63700031.49560691 561710476.2179196 1404276.190544799 0.004773559329516668 0.6053023560903941
63700031.49560691 561710476.2179196 1404276.190544799 3.529440393556534e-05 0.6053376504943296
63700031.49560691 561710476.2179196 1404276.190544799 0.0044640368505941925 0.6098016873449238
63700031.49560691 561710476.2179196 1404276.190544799 0.0002917357925514016 0.6100934231374752
63700031.49560691 561710476.2179196 1404276.190544799 4.52124550429843e-05 0.6101386355925181
63700031.49560691 561710476.2179196 1404276.190544799 0.00026408894762559496 0.6104027245401438
63700031.49560691 561710476.2179196 1404276.190544799 1.480094146064172e-07 0.6104028725495584
63700031.49560691 561710476.2179196 1404276.190544799 4.1497574600550496e-05 0.610444370124159
63700031.49560691 561710476.2179196 1404276.190544799 5.2953457979183866e-05 0.6104973235821382
63700031.49560691 561710476.2179196 1404276.190544799 0.0018463011182354733 0.6123436247003736
63700031.49560691 561710476.2179196 1404276.190544799 3.212699706152179e-05 0.6123757516974352
63700031.49560691 561710476.2179196 1404276.190544799 4.492244224939576e-06 0.6123802439416601
63700031.49560691 561710476.2179196 1404276.190544799 0.018811414547359885 0.63119165848902
63700031.49560691 561710476.2179196 1404276.190544799 0.0003891268564947327 0.6315807853455148
63700031.49560691 561710476.2179196 1404276.190544799 0.0005780103313767414 0.6321587956768915
63700031.49560691 561710476.2179196 1404276.190544799 0.00022254203588180948 0.6323813377127733
63700031.49560691 561710476.2179196 1404276.190544799 0.00018709382369005233 0.6325684315364634
63700031.49560691 561710476.2179196 1404276.190544799 0.0029439946321252446 0.6355124261685886
63700031.49560691 561710476.2179196 1404276.190544799 2.0141530161875648e-08 0.6355124463101187
63700031.49560691 561710476.2179196 1404276.190544799 0.0015906226309340419 0.6371030689410527
63700031.49560691 561710476.2179196 1404276.190544799 0.0026910907145804093 0.6397941596556331
63700031.49560691 561710476.2179196 1404276.190544799 0.0002262203704963408 0.6400203800261295
63700031.49560691 561710476.2179196 1404276.190544799 0.005550270136340415 0.64557065016247
63700031.49560691 561710476.2179196 1404276.190544799 0.0035582380763206144 0.6491288882387906
63700031.49560691 561710476.2179196 1404276.190544799 0.0 0.6491288882387906
63700031.49560691 561710476.2179196 1404276.190544799 0.006717226731480625 0.6558461149702712
63700031.49560691 561710476.2179196 1404276.190544799 0.00026863492648295396 0.6561147498967542
63700031.49560691 561710476.2179196 1404276.190544799 0.013157983680580371 0.6692727335773346
63700031.49560691 561710476.2179196 1404276.190544799 0.001067712706183759 0.6703404462835184
63700031.49560691 561710476.2179196 1404276.190544799 0.06297400060763086 0.7333144468911492
63700031.49560691 561710476.2179196 1404276.190544799 0.00019736443578339478 0.7335118113269327
63700031.49560691 561710476.2179196 1404276.190544799 0.0023223716400318107 0.7358341829669645
63700031.49560691 561710476.2179196 1404276.190544799 0.0033784211462567584 0.7392126041132212
63700031.49560691 561710476.2179196 1404276.190544799 0.04121785328963283 0.780430457402854
63700031.49560691 561710476.2179196 1404276.190544799 0.008471453148868623 0.7889019105517227
63700031.49560691 561710476.2179196 1404276.190544799 0.0023643781916660492 0.7912662887433887
63700031.49560691 561710476.2179196 1404276.190544799 0.002693401428675946 0.7939596901720646
63700031.49560691 561710476.2179196 1404276.190544799 0.00026691593463665453 0.7942266061067013
63700031.49560691 561710476.2179196 1404276.190544799 0.005627185400868301 0.7998537915075695
63700031.49560691 561710476.2179196 1404276.190544799 0.0006733503571689865 0.8005271418647385
63700031.49560691 561710476.2179196 1404276.190544799 0.00615789045625756 0.8066850323209961
63700031.49560691 561710476.2179196 1404276.190544799 0.00128215355433019 0.8079671858753262
63700031.49560691 561710476.2179196 1404276.190544799 5.7363317912169964e-05 0.8080245491932384
63700031.49560691 561710476.2179196 1404276.190544799 0.00488737106993549 0.8129119202631739
63700031.49560691 561710476.2179196 1404276.190544799 0.0 0.8129119202631739
63700031.49560691 561710476.2179196 1404276.190544799 4.2724055016872974e-05 0.8129546443181908
63700031.49560691 561710476.2179196 1404276.190544799 0.02623972484999792 0.8391943691681887
63700031.49560691 561710476.2179196 1404276.190544799 0.006487882862494415 0.8456822520306831
63700031.49560691 561710476.2179196 1404276.190544799 0.0003862061756389258 0.846068458206322
63700031.49560691 561710476.2179196 1404276.190544799 0.0019980063178539832 0.848066464524176
63700031.49560691 561710476.2179196 1404276.190544799 4.492244224939576e-06 0.8480709567684009
63700031.49560691 561710476.2179196 1404276.190544799 0.007580203906825661 0.8556511606752266
63700031.49560691 561710476.2179196 1404276.190544799 0.0026910907145804093 0.858342251389807
63700031.49560691 561710476.2179196 1404276.190544799 0.0009863624771250061 0.859328613866932
63700031.49560691 561710476.2179196 1404276.190544799 6.8163985167439e-05 0.8593967778520994
63700031.49560691 561710476.2179196 1404276.190544799 0.007943186292803965 0.8673399641449034
63700031.49560691 561710476.2179196 1404276.190544799 0.0012336575429106756 0.8685736216878142
63700031.49560691 561710476.2179196 1404276.190544799 0.0009835629214231757 0.8695571846092374
63700031.49560691 561710476.2179196 1404276.190544799 0.0012977431711375163 0.8708549277803749
63700031.49560691 561710476.2179196 1404276.190544799 0.017892543494101514 0.8887474712744764
63700031.49560691 561710476.2179196 1404276.190544799 0.014720756927922797 0.9034682282023992
63700031.49560691 561710476.2179196 1404276.190544799 0.008678947996824105 0.9121471761992234
63700031.49560691 561710476.2179196 1404276.190544799 0.0036142871694212013 0.9157614633686446
63700031.49560691 561710476.2179196 1404276.190544799 0.002412847415079231 0.9181743107837238
63700031.49560691 561710476.2179196 1404276.190544799 0.00024491059291213425 0.9184192213766359
63700031.49560691 561710476.2179196 1404276.190544799 0.00023883472823042225 0.9186580561048663
63700031.49560691 561710476.2179196 1404276.190544799 0.0012433673843373343 0.9199014234892036
63700031.49560691 561710476.2179196 1404276.190544799 0.007252461315714443 0.927153884804918
63700031.49560691 561710476.2179196 1404276.190544799 7.064446100466296e-05 0.9272245292659227
63700031.49560691 561710476.2179196 1404276.190544799 1.5985016777493057e-05 0.9272405142827002
63700031.49560691 561710476.2179196 1404276.190544799 0.0012336575429106756 0.9284741718256109
63700031.49560691 561710476.2179196 1404276.190544799 0.00333435159199182 0.9318085234176027
63700031.49560691 561710476.2179196 1404276.190544799 0.018221923485292793 0.9500304469028955
63700031.49560691 561710476.2179196 1404276.190544799 0.0011130893659324064 0.9511435362688279
63700031.49560691 561710476.2179196 1404276.190544799 0.00026863492648295396 0.9514121711953109
63700031.49560691 561710476.2179196 1404276.190544799 0.001441210579610121 0.952853381774921
63700031.49560691 561710476.2179196 1404276.190544799 5.4282795186661777e-05 0.9529076645701077
63700031.49560691 561710476.2179196 1404276.190544799 0.001581998404729117 0.9544896629748368
63700031.49560691 561710476.2179196 1404276.190544799 0.006442671237231649 0.9609323342120685
63700031.49560691 561710476.2179196 1404276.190544799 0.0012478080765885202 0.962180142288657
63700031.49560691 561710476.2179196 1404276.190544799 0.0001744835030085024 0.9623546257916655
63700031.49560691 561710476.2179196 1404276.190544799 0.00020875220457528196 0.9625633779962408
63700031.49560691 561710476.2179196 1404276.190544799 0.0008103772015316712 0.9633737551977725
63700031.49560691 561710476.2179196 1404276.190544799 0.005777300066675759 0.9691510552644482
63700031.49560691 561710476.2179196 1404276.190544799 0.0027975766147590024 0.9719486318792072
63700031.49560691 561710476.2179196 1404276.190544799 0.005707002895264021 0.9776556347744713
63700031.49560691 561710476.2179196 1404276.190544799 0.0016443369288280352 0.9792999717032993
63700031.49560691 561710476.2179196 1404276.190544799 0.005820902216782062 0.9851208739200814
63700031.49560691 561710476.2179196 1404276.190544799 0.0029045907201350964 0.9880254646402165
63700031.49560691 561710476.2179196 1404276.190544799 0.0003180060101225122 0.988343470650339
63700031.49560691 561710476.2179196 1404276.190544799 0.0007992508388746528 0.9891427214892137
63700031.49560691 561710476.2179196 1404276.190544799 0.0010213153796657917 0.9901640368688794
63700031.49560691 561710476.2179196 1404276.190544799 0.0012481513093043814 0.9914121881781838
63700031.49560691 561710476.2179196 1404276.190544799 9.007566122563258e-07 0.9914130889347961
63700031.49560691 561710476.2179196 1404276.190544799 0.000675244765821103 0.9920883337006172
63700031.49560691 561710476.2179196 1404276.190544799 0.001412066136920445 0.9935003998375377
63700031.49560691 561710476.2179196 1404276.190544799 0.0015514058007395296 0.9950518056382772
63700031.49560691 561710476.2179196 1404276.190544799 0.0005778649407307167 0.995629670579008
63700031.49560691 561710476.2179196 1404276.190544799 0.0030037301006070874 0.998633400679615
63700031.49560691 561710476.2179196 1404276.190544799 0.00136659932038509 1.0000000000000002
1601's generation extracting best parents:
0
0
17260.069524773065
0
0
0
0
0
0
0
0
0
0
0
0
0
0
16190.861620062102
0
0
0
19967.17947032079
0
0
0
5004035.899901599
4155530.1544308397
22506.221362103413
0
0
0
17574.78557479436
0
0
0
0
0
0
0
784628.3415936491
0
22916.594511401556
0
22506.221362103413
0
26731.496927781656
0
0
0
0
0
0
0
0
0
0
0
0
0
0
0
0
0
0
0
0
0
0
0
28269.749768966827
0
0
0
0
0
0
0
0
0
0
0
22627.41699796952
19319.627325598183
0
30186.91769624716
794411.681686517
333768.4392029899
24694.132744439517
41447063.44022437
0
0
0
0
0
34300.0
124768.12567318625
63657.206976115434
22627.41699796952
0
0
0
0
589283.6789051603
63700031.49560691
0
0
0
0
272038.27992398426
0
449862.6568009396
572445.4804573096
0
0
0
0
132431.7625345219
0
0
0
0
0
0
0
0
1182662.4877791635
0
0
0
0
620464.857989556
0
0
0
0
39899808.145503655
0
0
0
0
0
0
0
137624.80235771457
108887.90213793266
9909232.695774583
0
907007.2187408432
18639748.31536177
0
0
28196.985654498603
13890.44966874723
0
0
127305.73435631249
0
45318.759912424786
0
0
0
0
0
0
1907517.0379317717
0
0
0
0
0
0
0
36757892.765494816
0
52404.67536394058
0
0
0
0
0
0
0
70299.14229917745
0
0
0
0
0
0
0
44171.48401401067
0
0
0
0
0
0
0
0
0
0
0
0
15086.362583472532
383837.0640988178
0
0
0
0
2703024.657988898
54841.863571545415
0
196000.0
336520.73933117406
0
0
0
3172064.0
29744.51209887296
115368.97329871668
0
35887.511365376115
0
0
1798450.7073278378
0
77210.86099766017
0
0
78972.28354302539
548248.5942416998
0
63606.936980175364
18046.070818879107
0
0
4699939.341097925
3501931.09420274
23309.622390763863
1031090.451900317
0
307508.8580707879
0
258400.1057584923
280518.593551301
61969.04104470232
137624.80235771457
0
0
0
0
0
0
197087.41548866077
0
447381.0020821179
0
22506.221362103413
0
6135770.530259423
7929856.0
181485.3107003429
31198.717922376232
1090083.1577232995
1580544.0
0
238568.6364633876
3458951.5806822157
50004.69977912076
41906.56273186814
502576.53497154044
68887.7347573572
0
25396.30965317599
193067.36229616852
0
127070.35204169381
50911.688245431425
0
42137779.90308345
0
3882498.7121697804
5308416.0
0
159050.46761327048
982125.6946032927
2173458.0741297957
2101575.5271053193
59825.663389552145
0
3643284.485186409
425909.06071601715
1646131.6239037507
0
42403.36892276367
35887.511365376115
684012.5145054
75462.73252407444
14991.85485522055
2173458.0741297957
2681358.2842373005
19825.236442474023
2507496.265201606
163871.05096386
25396.30965317599
148341.52853466218
0
23309.622390763863
29744.51209887296
1037086.6803657252
18046.070818879107
0
10566568.623730222
218576.63187083838
324674.4584965069
125004.19295367655
105092.56080237078
1653672.6267940702
0
893469.3955049608
1511613.8468325832
127070.35204169381
3117644.881421872
1998699.6043467864
0
3773136.6262037214
150895.0524835059
7390977.279286414
599745.4126544029
35373155.87065989
110861.67121237169
1304500.4798772593
1897694.5509285736
23152500.0
4758503.982508789
1328096.0
1512911.7991475908
149929.47675490633
3160848.991288258
378227.9497868977
3458951.5806822157
720199.0835873092
32221.576621884906
2745287.5311471475
0
23998.549289488314
14739128.341319509
3644311.772337817
216936.05483644252
1122301.080288173
0
4257879.946331977
1511613.8468325832
554050.136749374
38288.42456931337
4461770.955218567
692958.3659181842
552477.5969829003
728955.9346682074
10050429.1268216
8268803.384271754
4875056.012366627
2030182.9671238996
1355321.6705653311
137568.84577548798
134155.96893168788
698412.4855699531
4073783.4994019996
39681.733833087485
0
692958.3659181842
1872940.2206157034
10235445.318530308
625233.9578109941
150895.0524835059
809543.081003105
30491.21473473958
888625.0772963815
3618915.9287808826
700906.868929104
98009.2115670767
117258.3002435222
455197.3637885
3245169.971706259
1571428.0925323947
3205683.314075799
923641.279354707
3269661.756206596
1631539.0366252349
178627.3073860769
448947.569321853
573683.5482807573
701099.6663413839
0
379292.0589730294
793172.3422207813
871440.8911406441
324592.7910474908
1687226.6652421067
767633.1550525941
