0 4 75 64 649.519052838329 41569.219381653056
1 5 52 100 374.9773326482549 37497.73326482549
2 0 50 0 1.0 0.0
3 5 56 100 419.06562731868144 41906.56273186814
4 0 50 0 1.0 0.0
5 0 50 0 1.0 0.0
6 1 10 4 31.622776601683793 126.49110640673517
7 8 114 256 1217.1869207315694 311599.8517072818
8 1 14 4 52.38320341483518 209.53281365934072
9 1 10 4 31.622776601683793 126.49110640673517
10 0 50 0 1.0 0.0
11 6 76 144 662.5526394181824 95407.58007621826
12 0 50 0 1.0 0.0
13 6 314 144 512.0 73728.0
14 5 41 100 262.5280937347468 26252.80937347468
15 0 50 0 1.0 0.0
16 0 50 0 1.0 0.0
17 0 50 0 1.0 0.0
18 0 50 0 1.0 0.0
19 5 63 100 500.0469977912076 50004.69977912076
20 2 68 16 76.36753236814714 1221.8805178903542
21 9 93 324 896.8595207723448 290582.4847302397
22 0 50 0 1.0 0.0
23 0 50 0 1.0 0.0
24 0 50 0 1.0 0.0
25 7 104 196 1060.5960588272992 207876.82753015065
26 1 53 4 5.196152422706632 20.784609690826528
27 0 50 0 1.0 0.0
28 6 88 144 825.5131737289236 118873.897016965
29 6 75 144 649.519052838329 93530.74360871938
30 1 13 4 46.87216658103186 187.48866632412745
31 2 22 16 103.18914671611545 1651.0263474578471
32 9 87 324 811.4819776187269 262920.1607484675
33 1 54 4 8.0 32.0
34 0 50 0 1.0 0.0
35 1 56 4 14.696938456699069 58.787753826796276
36 2 48 16 332.55375505322445 5320.860080851591
37 0 50 0 1.0 0.0
38 2 32 16 181.01933598375618 2896.309375740099
39 6 115 144 1233.2376088978149 177586.21568128534
40 1 54 4 8.0 32.0
41 1 28 4 148.16207341961706 592.6482936784682
42 0 50 0 1.0 0.0
43 0 50 0 1.0 0.0
44 0 50 0 1.0 0.0
45 1 57 4 18.520259177452132 74.08103670980853
46 0 50 0 1.0 0.0
47 0 50 0 1.0 0.0
48 1 14 4 52.38320341483518 209.53281365934072
49 0 50 0 1.0 0.0
50 5 94 100 291.8629815512752 29186.29815512752
51 6 77 144 675.6722578291934 97296.80512740386
52 1 56 4 14.696938456699069 58.787753826796276
53 3 32 36 181.01933598375618 6516.696095415223
54 0 50 0 1.0 0.0
55 2 82 16 181.01933598375618 2896.309375740099
56 2 70 16 89.44271909999159 1431.0835055998655
57 1 15 4 58.09475019311125 232.379000772445
58 0 50 0 1.0 0.0
59 0 50 0 1.0 0.0
60 1 13 4 46.87216658103186 187.48866632412745
61 4 36 64 216.0 13824.0
62 0 50 0 1.0 0.0
63 4 72 64 103.18914671611545 6604.1053898313885
64 5 100 100 1000.0 100000.0
65 4 65 64 524.0467536394058 33538.99223292197
66 5 60 100 464.75800154489 46475.800154489
67 2 26 16 132.5745073534124 2121.1921176545984
68 5 53 100 385.84582413186746 38584.58241318675
69 0 50 0 1.0 0.0
70 0 50 0 1.0 0.0
71 10 82 400 742.5415813272682 297016.6325309073
72 8 78 256 688.877347573572 176352.60097883444
73 3 44 36 291.8629815512752 10507.067335845906
74 0 50 0 1.0 0.0
75 0 50 0 1.0 0.0
76 0 50 0 1.0 0.0
77 0 50 0 1.0 0.0
78 2 13 16 46.87216658103186 749.9546652965098
79 1 54 4 8.0 32.0
80 3 39 36 243.55492193753753 8767.977189751351
81 1 10 4 31.622776601683793 126.49110640673517
82 2 70 16 89.44271909999159 1431.0835055998655
83 3 59 36 453.18759912424787 16314.753568472923
84 0 11 0 36.4828726939094 0.0
85 2 40 16 252.98221281347034 4047.7154050155254
86 0 50 0 1.0 0.0
87 0 50 0 1.0 0.0
88 0 50 0 1.0 0.0
89 1 52 4 2.8284271247461903 11.313708498984761
90 2 17 16 70.09279563550022 1121.4847301680036
91 1 20 4 89.44271909999159 357.77087639996637
92 0 50 0 1.0 0.0
93 7 81 196 729.0 142884.0
94 5 67 100 548.4186357154541 54841.863571545415
95 0 50 0 1.0 0.0
96 0 50 0 1.0 0.0
97 4 57 64 430.34056281043274 27541.796019867696
98 1 54 4 8.0 32.0
99 0 50 0 1.0 0.0
100 3 31 36 172.60069524773067 6213.625028918304
101 6 345 144 925.9454627568516 133336.14663698664
102 0 50 0 1.0 0.0
103 7 88 196 825.5131737289236 161800.582050869
104 1 14 4 52.38320341483518 209.53281365934072
105 2 38 16 234.2477321128211 3747.9637138051376
106 0 50 0 1.0 0.0
107 7 79 196 702.1673589679315 137624.80235771457
108 0 50 0 1.0 0.0
109 0 50 0 1.0 0.0
110 6 73 144 623.7122734081797 89814.56737077788
111 4 41 64 262.5280937347468 16801.797999023795
112 0 50 0 1.0 0.0
113 0 50 0 1.0 0.0
114 12 138 576 1621.132937176961 933772.5718139295
115 1 56 4 14.696938456699069 58.787753826796276
116 0 50 0 1.0 0.0
117 0 50 0 1.0 0.0
118 1 53 4 5.196152422706632 20.784609690826528
119 1 18 4 76.36753236814714 305.47012947258855
120 3 25 36 125.0 4500.0
121 0 50 0 1.0 0.0
122 6 62 144 488.18848818873226 70299.14229917745
123 5 51 100 364.21284985568536 36421.284985568534
124 1 21 4 96.23408959407264 384.93635837629057
125 9 346 324 940.6040612287404 304755.7158381119
126 2 61 16 476.42523023030594 7622.803683684895
127 0 50 0 1.0 0.0
128 0 50 0 1.0 0.0
129 8 68 256 560.7423650840018 143550.04546150446
130 0 50 0 1.0 0.0
131 0 50 0 1.0 0.0
132 1 59 4 27.0 108.0
133 2 17 16 70.09279563550022 1121.4847301680036
134 0 50 0 1.0 0.0
135 0 50 0 1.0 0.0
136 0 50 0 1.0 0.0
137 8 62 256 488.18848818873226 124976.25297631546
138 0 50 0 1.0 0.0
139 0 5 0 11.180339887498949 0.0
140 1 17 4 70.09279563550022 280.3711825420009
141 2 51 16 364.21284985568536 5827.405597690966
142 3 41 36 262.5280937347468 9451.011374450885
143 5 121 100 598.2566338955214 59825.663389552145
144 0 50 0 1.0 0.0
145 2 20 16 89.44271909999159 1431.0835055998655
146 8 114 256 1217.1869207315694 311599.8517072818
147 5 120 100 585.6620185738528 58566.201857385284
148 0 50 0 1.0 0.0
149 0 50 0 1.0 0.0
150 0 50 0 1.0 0.0
151 5 126 100 662.5526394181824 66255.26394181824
152 5 56 100 419.06562731868144 41906.56273186814
153 0 50 0 1.0 0.0
154 4 79 64 156.16977940690063 9994.86588204164
155 0 50 0 1.0 0.0
156 6 67 144 548.4186357154541 78972.28354302539
157 0 50 0 1.0 0.0
158 5 49 100 343.0 34300.0
159 2 35 16 207.06279240848656 3313.004678535785
160 9 131 324 1499.363531636007 485793.7842500663
161 0 50 0 1.0 0.0
162 0 50 0 1.0 0.0
163 2 15 16 58.09475019311125 929.51600308978
164 8 115 256 1233.2376088978149 315708.8278778406
165 0 50 0 1.0 0.0
166 3 22 36 103.18914671611545 3714.809281780156
167 3 41 36 262.5280937347468 9451.011374450885
168 8 127 256 1431.21731403725 366391.632393536
169 0 50 0 1.0 0.0
170 1 20 4 89.44271909999159 357.77087639996637
171 1 24 4 117.57550765359255 470.3020306143702
172 0 50 0 1.0 0.0
173 0 50 0 1.0 0.0
174 3 106 36 419.06562731868144 15086.362583472532
175 2 56 16 14.696938456699069 235.1510153071851
176 2 37 16 225.06221362103412 3600.995417936546
177 0 50 0 1.0 0.0
178 10 361 400 1169.4575665666541 467783.02662666165
179 2 37 16 225.06221362103412 3600.995417936546
180 4 40 64 252.98221281347034 16190.861620062102
181 6 107 144 1106.8166063083802 159381.59130840676
182 1 55 4 11.180339887498949 44.721359549995796
183 4 90 64 252.98221281347034 16190.861620062102
184 0 8 0 22.627416997969522 0.0
185 0 50 0 1.0 0.0
186 0 50 0 1.0 0.0
187 8 99 256 985.0375627355537 252169.61606030175
188 0 50 0 1.0 0.0
189 1 50 4 1.0 4.0
190 0 50 0 1.0 0.0
191 3 22 36 103.18914671611545 3714.809281780156
192 0 50 0 1.0 0.0
193 9 106 324 1091.336794944622 353593.1215620575
194 0 50 0 1.0 0.0
195 1 50 4 1.0 4.0
196 4 91 64 262.5280937347468 16801.797999023795
197 3 75 36 125.0 4500.0
198 5 49 100 343.0 34300.0
199 0 50 0 1.0 0.0
200 0 50 0 1.0 0.0
201 7 73 196 623.7122734081797 122247.60558800322
202 7 321 196 598.2566338955214 117258.3002435222
203 3 63 36 46.87216658103186 1687.397996917147
204 5 79 100 702.1673589679315 70216.73589679315
205 2 26 16 132.5745073534124 2121.1921176545984
206 1 14 4 52.38320341483518 209.53281365934072
207 5 37 100 225.06221362103412 22506.221362103413
208 6 71 144 598.2566338955214 86148.95528095508
209 6 80 144 715.5417527999327 103038.01240319031
210 6 62 144 488.18848818873226 70299.14229917745
211 6 70 144 585.6620185738528 84335.33067463481
212 2 29 16 156.16977940690063 2498.71647051041
213 8 131 256 1499.363531636007 383837.0640988178
214 0 50 0 1.0 0.0
215 0 50 0 1.0 0.0
216 0 50 0 1.0 0.0
217 0 50 0 1.0 0.0
218 0 50 0 1.0 0.0
219 2 18 16 76.36753236814714 1221.8805178903542
220 0 50 0 1.0 0.0
221 6 62 144 488.18848818873226 70299.14229917745
222 0 50 0 1.0 0.0
223 9 145 324 1746.0312139248829 565714.1133116621
224 0 50 0 1.0 0.0
225 1 55 4 11.180339887498949 44.721359549995796
226 0 50 0 1.0 0.0
227 1 8 4 22.627416997969522 90.50966799187809
228 3 105 36 407.8909167902615 14684.073004449414
229 0 50 0 1.0 0.0
230 0 50 0 1.0 0.0
231 2 32 16 181.01933598375618 2896.309375740099
232 2 34 16 198.25236442474022 3172.0378307958435
233 7 79 196 702.1673589679315 137624.80235771457
234 0 50 0 1.0 0.0
235 8 69 256 573.1570465413472 146728.20391458488
236 3 33 36 189.57056733575496 6824.5404240871785
237 0 50 0 1.0 0.0
238 3 42 36 272.19110933313016 9798.879935992685
239 0 5 0 11.180339887498949 0.0
240 0 50 0 1.0 0.0
241 0 50 0 1.0 0.0
242 4 49 64 343.0 21952.0
243 12 134 576 1551.1621449738902 893469.3955049608
244 0 50 0 1.0 0.0
245 3 31 36 172.60069524773067 6213.625028918304
246 1 55 4 11.180339887498949 44.721359549995796
247 4 35 64 207.06279240848656 13252.01871414314
248 3 97 36 322.21576621884907 11599.767583878567
249 1 56 4 14.696938456699069 58.787753826796276
250 2 18 16 76.36753236814714 1221.8805178903542
251 3 24 36 117.57550765359255 4232.718275529332
252 9 177 324 2354.8318411300625 762965.5165261403
253 9 170 324 2216.5288177689004 718155.3369571237
254 0 50 0 1.0 0.0
255 3 75 36 125.0 4500.0
256 0 50 0 1.0 0.0
257 3 35 36 207.06279240848656 7454.260526705516
258 0 50 0 1.0 0.0
259 3 79 36 156.16977940690063 5622.112058648423
260 3 55 36 407.8909167902615 14684.073004449414
261 6 88 144 825.5131737289236 118873.897016965
262 2 29 16 156.16977940690063 2498.71647051041
263 3 72 36 103.18914671611545 3714.809281780156
264 0 50 0 1.0 0.0
265 10 152 400 1030.1495037129318 412059.80148517276
266 0 50 0 1.0 0.0
267 0 50 0 1.0 0.0
268 3 67 36 70.09279563550022 2523.340642878008
269 0 50 0 1.0 0.0
270 5 55 100 407.8909167902615 40789.09167902615
271 5 48 100 332.55375505322445 33255.375505322445
272 2 30 16 164.31676725154983 2629.0682760247973
273 0 50 0 1.0 0.0
274 5 68 100 560.7423650840018 56074.23650840018
275 2 22 16 103.18914671611545 1651.0263474578471
276 7 72 196 610.9402589451771 119744.29075325471
277 4 62 64 488.18848818873226 31244.063244078865
278 8 135 256 1568.5582552140038 401550.913334785
279 9 106 324 1091.336794944622 353593.1215620575
280 5 96 100 311.9871792237623 31198.717922376232
281 0 50 0 1.0 0.0
282 3 31 36 172.60069524773067 6213.625028918304
283 0 50 0 1.0 0.0
284 9 324 324 636.5720697611544 206249.35060261402
285 0 50 0 1.0 0.0
286 14 155 784 1929.7344376882536 1512911.7991475908
287 6 91 144 868.0846732894205 125004.19295367655
288 3 27 36 140.29611541307906 5050.660154870846
289 0 50 0 1.0 0.0
290 6 78 144 688.877347573572 99198.33805059438
291 1 55 4 11.180339887498949 44.721359549995796
292 3 47 36 322.21576621884907 11599.767583878567
293 8 122 256 1347.5340440968457 344968.7152887925
294 8 74 256 636.5720697611544 162962.4498588555
295 0 50 0 1.0 0.0
296 0 50 0 1.0 0.0
297 5 97 100 322.21576621884907 32221.576621884906
298 2 59 16 27.0 432.0
299 6 145 144 1746.0312139248829 251428.49480518315
300 1 54 4 8.0 32.0
301 5 97 100 322.21576621884907 32221.576621884906
302 4 88 64 234.2477321128211 14991.85485522055
303 5 88 100 234.2477321128211 23424.77321128211
304 13 215 676 3152.518834202264 2131102.7319207303
305 0 50 0 1.0 0.0
306 0 50 0 1.0 0.0
307 2 20 16 89.44271909999159 1431.0835055998655
308 3 54 36 396.81733833087486 14285.424179911495
309 0 50 0 1.0 0.0
310 8 123 256 1364.1359902883582 349218.8135138197
311 0 50 0 1.0 0.0
312 6 74 144 636.5720697611544 91666.37804560622
313 5 104 100 396.81733833087486 39681.733833087485
314 3 19 36 82.8190799272728 2981.4868773818207
315 6 94 144 911.3638131942698 131236.38909997485
316 6 76 144 662.5526394181824 95407.58007621826
317 13 225 676 2100.2247498779743 1419751.9309175105
318 6 67 144 548.4186357154541 78972.28354302539
319 2 62 16 41.569219381653056 665.1075101064489
320 8 116 256 1249.358235255205 319835.7082253325
321 6 64 144 512.0 73728.0
322 3 42 36 272.19110933313016 9798.879935992685
323 3 80 36 164.31676725154983 5915.403621055794
324 10 126 400 1414.3464922005498 565738.59688022
325 6 112 144 1185.2965873569365 170682.70857939887
326 13 232 676 3533.7187211208534 2388793.8554776968
327 7 102 196 1030.1495037129318 201909.30272773464
328 5 50 100 353.5533905932738 35355.33905932738
329 4 82 64 742.5415813272682 47522.661204945165
330 1 56 4 14.696938456699069 58.787753826796276
331 5 99 100 343.0 34300.0
332 1 55 4 11.180339887498949 44.721359549995796
333 7 76 196 662.5526394181824 129860.31732596374
334 0 50 0 1.0 0.0
335 5 48 100 332.55375505322445 33255.375505322445
336 0 50 0 1.0 0.0
337 6 59 144 453.18759912424787 65259.01427389169
338 7 91 196 868.0846732894205 170144.5959647264
339 3 55 36 407.8909167902615 14684.073004449414
340 4 45 64 301.8691769624716 19319.627325598183
341 13 190 676 2618.969262897142 1770423.221718468
342 13 139 676 1638.785831034672 1107819.2217794382
343 8 102 256 1030.1495037129318 263718.27295051055
344 9 74 324 636.5720697611544 206249.35060261402
345 3 50 36 353.5533905932738 12727.922061357856
346 11 214 484 3130.5501114021476 1515186.2539186394
347 5 27 100 140.29611541307906 14029.611541307906
348 6 355 144 1075.929830425758 154933.89558130913
349 6 105 144 1075.929830425758 154933.89558130913
350 4 88 64 825.5131737289236 52832.84311865111
351 7 89 196 839.6243207530378 164566.3668675954
352 8 155 256 1929.7344376882536 494012.0160481929
353 5 99 100 343.0 34300.0
354 5 81 100 729.0 72900.0
355 0 50 0 1.0 0.0
356 3 66 36 536.1865347059734 19302.715249415043
357 9 115 324 1233.2376088978149 399568.985282892
358 5 41 100 262.5280937347468 26252.80937347468
359 3 85 36 207.06279240848656 7454.260526705516
360 5 44 100 291.8629815512752 29186.29815512752
361 10 125 400 1397.5424859373686 559016.9943749474
362 7 73 196 623.7122734081797 122247.60558800322
363 9 106 324 1091.336794944622 353593.1215620575
364 5 57 100 430.34056281043274 43034.056281043275
365 5 64 100 512.0 51200.0
366 4 49 64 343.0 21952.0
367 5 78 100 688.877347573572 68887.7347573572
368 8 107 256 1106.8166063083802 283345.0512149453
369 6 53 144 385.84582413186746 55561.79867498892
370 6 54 144 396.81733833087486 57141.69671964598
371 6 59 144 453.18759912424787 65259.01427389169
372 9 103 324 1045.3358312044986 338688.80931025755
373 7 57 196 430.34056281043274 84346.75031084481
374 9 86 324 797.5311906126306 258400.1057584923
375 1 56 4 14.696938456699069 58.787753826796276
376 4 52 64 374.9773326482549 23998.549289488314
377 6 81 144 729.0 104976.0
378 8 131 256 1499.363531636007 383837.0640988178
379 8 96 256 940.6040612287404 240794.63967455755
380 5 106 100 419.06562731868144 41906.56273186814
381 3 27 36 140.29611541307906 5050.660154870846
382 7 130 196 1482.2280526288794 290516.69831526035
383 4 85 64 783.6612788698955 50154.32184767331
384 2 58 16 22.627416997969522 362.03867196751236
385 8 347 256 955.3392067742221 244566.83693420087
386 7 83 196 756.1659870689768 148208.53346551946
387 7 93 196 896.8595207723448 175784.46607137957
388 11 106 484 1091.336794944622 528207.008753197
389 8 86 256 797.5311906126306 204167.98479683342
390 6 55 144 407.8909167902615 58736.292017797656
391 3 36 36 216.0 7776.0
392 5 99 100 343.0 34300.0
393 4 108 64 441.7148401401067 28269.749768966827
394 6 324 144 636.5720697611544 91666.37804560622
395 8 112 256 1185.2965873569365 303435.92636337574
396 6 70 144 585.6620185738528 84335.33067463481
397 6 71 144 598.2566338955214 86148.95528095508
398 5 66 100 536.1865347059734 53618.65347059734
399 5 98 100 970.1505037879432 97015.05037879432
501's generation fitness ratios and roulette cutoffs:
2388793.8554776968 38077236.23952109 95193.09059880274 0.0010917078939281723 0.0010917078939281723
2388793.8554776968 38077236.23952109 95193.09059880274 0.0009847808551269241 0.002076488749055096
2388793.8554776968 38077236.23952109 95193.09059880274 0.0 0.002076488749055096
2388793.8554776968 38077236.23952109 95193.09059880274 0.001100567343392757 0.0031770560924478533
2388793.8554776968 38077236.23952109 95193.09059880274 0.0 0.0031770560924478533
2388793.8554776968 38077236.23952109 95193.09059880274 0.0 0.0031770560924478533
2388793.8554776968 38077236.23952109 95193.09059880274 3.3219613317273177e-06 0.003180378053779581
2388793.8554776968 38077236.23952109 95193.09059880274 0.008183363145034836 0.011363741198814416
2388793.8554776968 38077236.23952109 95193.09059880274 5.502836716963785e-06 0.01136924403553138
2388793.8554776968 38077236.23952109 95193.09059880274 3.3219613317273177e-06 0.011372565996863107
2388793.8554776968 38077236.23952109 95193.09059880274 0.0 0.011372565996863107
2388793.8554776968 38077236.23952109 95193.09059880274 0.00250563301065409 0.013878199007517198
2388793.8554776968 38077236.23952109 95193.09059880274 0.0 0.013878199007517198
2388793.8554776968 38077236.23952109 95193.09059880274 0.0019362749842509919 0.01581447399176819
2388793.8554776968 38077236.23952109 95193.09059880274 0.0006894620504580211 0.016503936042226212
2388793.8554776968 38077236.23952109 95193.09059880274 0.0 0.016503936042226212
2388793.8554776968 38077236.23952109 95193.09059880274 0.0 0.016503936042226212
2388793.8554776968 38077236.23952109 95193.09059880274 0.0 0.016503936042226212
2388793.8554776968 38077236.23952109 95193.09059880274 0.0 0.016503936042226212
2388793.8554776968 38077236.23952109 95193.09059880274 0.0013132439409355011 0.017817179983161714
2388793.8554776968 38077236.23952109 95193.09059880274 3.208952745950981e-05 0.017849269510621223
2388793.8554776968 38077236.23952109 95193.09059880274 0.007631396430727254 0.025480665941348478
2388793.8554776968 38077236.23952109 95193.09059880274 0.0 0.025480665941348478
2388793.8554776968 38077236.23952109 95193.09059880274 0.0 0.025480665941348478
2388793.8554776968 38077236.23952109 95193.09059880274 0.0 0.025480665941348478
2388793.8554776968 38077236.23952109 95193.09059880274 0.005459346529840611 0.03094001247118909
2388793.8554776968 38077236.23952109 95193.09059880274 5.458539469640862e-07 0.030940558325136053
2388793.8554776968 38077236.23952109 95193.09059880274 0.0 0.030940558325136053
2388793.8554776968 38077236.23952109 95193.09059880274 0.0031219150536346833 0.03406247337877074
2388793.8554776968 38077236.23952109 95193.09059880274 0.002456342761338388 0.03651881614010913
2388793.8554776968 38077236.23952109 95193.09059880274 4.923904275634621e-06 0.036523740044384766
2388793.8554776968 38077236.23952109 95193.09059880274 4.335993130048171e-05 0.03656709997568525
2388793.8554776968 38077236.23952109 95193.09059880274 0.006904917129347156 0.0434720171050324
2388793.8554776968 38077236.23952109 95193.09059880274 8.403971285811597e-07 0.04347285750216098
2388793.8554776968 38077236.23952109 95193.09059880274 0.0 0.04347285750216098
2388793.8554776968 38077236.23952109 95193.09059880274 1.5439081097429896e-06 0.04347440141027072
2388793.8554776968 38077236.23952109 95193.09059880274 0.00013973861042280606 0.043614140020693526
2388793.8554776968 38077236.23952109 95193.09059880274 0.0 0.043614140020693526
2388793.8554776968 38077236.23952109 95193.09059880274 7.606406508920845e-05 0.04369020408578273
2388793.8554776968 38077236.23952109 95193.09059880274 0.0046638420541920845 0.048354046139974814
2388793.8554776968 38077236.23952109 95193.09059880274 8.403971285811597e-07 0.048354886537103396
2388793.8554776968 38077236.23952109 95193.09059880274 1.556437263330964e-05 0.048370450909736705
2388793.8554776968 38077236.23952109 95193.09059880274 0.0 0.048370450909736705
2388793.8554776968 38077236.23952109 95193.09059880274 0.0 0.048370450909736705
2388793.8554776968 38077236.23952109 95193.09059880274 0.0 0.048370450909736705
2388793.8554776968 38077236.23952109 95193.09059880274 1.945546579163705e-06 0.04837239645631587
2388793.8554776968 38077236.23952109 95193.09059880274 0.0 0.04837239645631587
2388793.8554776968 38077236.23952109 95193.09059880274 0.0 0.04837239645631587
2388793.8554776968 38077236.23952109 95193.09059880274 5.502836716963785e-06 0.048377899293032836
2388793.8554776968 38077236.23952109 95193.09059880274 0.0 0.048377899293032836
2388793.8554776968 38077236.23952109 95193.09059880274 0.0007665025363588363 0.04914440182939167
2388793.8554776968 38077236.23952109 95193.09059880274 0.0025552486140372143 0.051699650443428884
2388793.8554776968 38077236.23952109 95193.09059880274 1.5439081097429896e-06 0.051701194351538624
2388793.8554776968 38077236.23952109 95193.09059880274 0.000171144146450719 0.05187233849798934
2388793.8554776968 38077236.23952109 95193.09059880274 0.0 0.05187233849798934
2388793.8554776968 38077236.23952109 95193.09059880274 7.606406508920845e-05 0.05194840256307855
2388793.8554776968 38077236.23952109 95193.09059880274 3.758370215206209e-05 0.051985986265230606
2388793.8554776968 38077236.23952109 95193.09059880274 6.102832655991308e-06 0.0519920890978866
2388793.8554776968 38077236.23952109 95193.09059880274 0.0 0.0519920890978866
2388793.8554776968 38077236.23952109 95193.09059880274 0.0 0.0519920890978866
2388793.8554776968 38077236.23952109 95193.09059880274 4.923904275634621e-06 0.05199701300216224
2388793.8554776968 38077236.23952109 95193.09059880274 0.00036305155954706095 0.052360064561709295
2388793.8554776968 38077236.23952109 95193.09059880274 0.0 0.052360064561709295
2388793.8554776968 38077236.23952109 95193.09059880274 0.00017343972520192683 0.05253350428691122
2388793.8554776968 38077236.23952109 95193.09059880274 0.002626241026816124 0.055159745313727346
2388793.8554776968 38077236.23952109 95193.09059880274 0.00088081477400167 0.056040560087729015
2388793.8554776968 38077236.23952109 95193.09059880274 0.0012205665311982616 0.05726112661892727
2388793.8554776968 38077236.23952109 95193.09059880274 5.5707617651434806e-05 0.057316834236578705
2388793.8554776968 38077236.23952109 95193.09059880274 0.0010133241333607891 0.058330158369939496
2388793.8554776968 38077236.23952109 95193.09059880274 0.0 0.058330158369939496
2388793.8554776968 38077236.23952109 95193.09059880274 0.0 0.058330158369939496
2388793.8554776968 38077236.23952109 95193.09059880274 0.007800372659994373 0.06613053102993387
2388793.8554776968 38077236.23952109 95193.09059880274 0.0046314443587634835 0.07076197538869736
2388793.8554776968 38077236.23952109 95193.09059880274 0.00027594091308918105 0.07103791630178653
2388793.8554776968 38077236.23952109 95193.09059880274 0.0 0.07103791630178653
2388793.8554776968 38077236.23952109 95193.09059880274 0.0 0.07103791630178653
2388793.8554776968 38077236.23952109 95193.09059880274 0.0 0.07103791630178653
2388793.8554776968 38077236.23952109 95193.09059880274 0.0 0.07103791630178653
2388793.8554776968 38077236.23952109 95193.09059880274 1.9695617102538483e-05 0.07105761191888907
2388793.8554776968 38077236.23952109 95193.09059880274 8.403971285811597e-07 0.07105845231601765
2388793.8554776968 38077236.23952109 95193.09059880274 0.0002302682141791294 0.07128872053019678
2388793.8554776968 38077236.23952109 95193.09059880274 3.3219613317273177e-06 0.0712920424915285
2388793.8554776968 38077236.23952109 95193.09059880274 3.758370215206209e-05 0.07132962619368056
2388793.8554776968 38077236.23952109 95193.09059880274 0.0004284647516391835 0.07175809094531975
2388793.8554776968 38077236.23952109 95193.09059880274 0.0 0.07175809094531975
2388793.8554776968 38077236.23952109 95193.09059880274 0.00010630276261527417 0.07186439370793503
2388793.8554776968 38077236.23952109 95193.09059880274 0.0 0.07186439370793503
2388793.8554776968 38077236.23952109 95193.09059880274 0.0 0.07186439370793503
2388793.8554776968 38077236.23952109 95193.09059880274 0.0 0.07186439370793503
2388793.8554776968 38077236.23952109 95193.09059880274 2.971252542547205e-07 0.07186469083318929
2388793.8554776968 38077236.23952109 95193.09059880274 2.9452892093150214e-05 0.07189414372528244
2388793.8554776968 38077236.23952109 95193.09059880274 9.395925538015522e-06 0.07190353965082046
2388793.8554776968 38077236.23952109 95193.09059880274 0.0 0.07190353965082046
2388793.8554776968 38077236.23952109 95193.09059880274 0.0037524782287559504 0.0756560178795764
2388793.8554776968 38077236.23952109 95193.09059880274 0.0014402795209864522 0.07709629740056285
2388793.8554776968 38077236.23952109 95193.09059880274 0.0 0.07709629740056285
2388793.8554776968 38077236.23952109 95193.09059880274 0.0 0.07709629740056285
2388793.8554776968 38077236.23952109 95193.09059880274 0.0007233139465957757 0.07781961134715863
2388793.8554776968 38077236.23952109 95193.09059880274 8.403971285811597e-07 0.07782045174428721
2388793.8554776968 38077236.23952109 95193.09059880274 0.0 0.07782045174428721
2388793.8554776968 38077236.23952109 95193.09059880274 0.00016318476976196776 0.07798363651404919
2388793.8554776968 38077236.23952109 95193.09059880274 0.0035017285865562506 0.08148536510060544
2388793.8554776968 38077236.23952109 95193.09059880274 0.0 0.08148536510060544
2388793.8554776968 38077236.23952109 95193.09059880274 0.004249273267447207 0.08573463836805265
2388793.8554776968 38077236.23952109 95193.09059880274 5.502836716963785e-06 0.08574014120476961
2388793.8554776968 38077236.23952109 95193.09059880274 9.843056072213178e-05 0.08583857176549174
2388793.8554776968 38077236.23952109 95193.09059880274 0.0 0.08583857176549174
2388793.8554776968 38077236.23952109 95193.09059880274 0.003614359022592904 0.08945293078808464
2388793.8554776968 38077236.23952109 95193.09059880274 0.0 0.08945293078808464
2388793.8554776968 38077236.23952109 95193.09059880274 0.0 0.08945293078808464
2388793.8554776968 38077236.23952109 95193.09059880274 0.002358747016348776 0.09181167780443342
2388793.8554776968 38077236.23952109 95193.09059880274 0.0004412557122931335 0.09225293351672655
2388793.8554776968 38077236.23952109 95193.09059880274 0.0 0.09225293351672655
2388793.8554776968 38077236.23952109 95193.09059880274 0.0 0.09225293351672655
2388793.8554776968 38077236.23952109 95193.09059880274 0.02452311837813347 0.11677605189486001
2388793.8554776968 38077236.23952109 95193.09059880274 1.5439081097429896e-06 0.11677759580296976
2388793.8554776968 38077236.23952109 95193.09059880274 0.0 0.11677759580296976
2388793.8554776968 38077236.23952109 95193.09059880274 0.0 0.11677759580296976
2388793.8554776968 38077236.23952109 95193.09059880274 5.458539469640862e-07 0.11677814165691672
2388793.8554776968 38077236.23952109 95193.09059880274 8.022381864877452e-06 0.1167861640387816
2388793.8554776968 38077236.23952109 95193.09059880274 0.00011818084620672558 0.11690434488498833
2388793.8554776968 38077236.23952109 95193.09059880274 0.0 0.11690434488498833
2388793.8554776968 38077236.23952109 95193.09059880274 0.0018462249165608457 0.11875056980154917
2388793.8554776968 38077236.23952109 95193.09059880274 0.0009565107287846218 0.1197070805303338
2388793.8554776968 38077236.23952109 95193.09059880274 1.0109356570810089e-05 0.11971718988690461
2388793.8554776968 38077236.23952109 95193.09059880274 0.008003619640907659 0.12772080952781226
2388793.8554776968 38077236.23952109 95193.09059880274 0.0002001931977345835 0.12792100272554685
2388793.8554776968 38077236.23952109 95193.09059880274 0.0 0.12792100272554685
2388793.8554776968 38077236.23952109 95193.09059880274 0.0 0.12792100272554685
2388793.8554776968 38077236.23952109 95193.09059880274 0.0037699701879232274 0.13169097291347007
2388793.8554776968 38077236.23952109 95193.09059880274 0.0 0.13169097291347007
2388793.8554776968 38077236.23952109 95193.09059880274 0.0 0.13169097291347007
2388793.8554776968 38077236.23952109 95193.09059880274 2.8363403089614137e-06 0.13169380925377902
2388793.8554776968 38077236.23952109 95193.09059880274 2.9452892093150214e-05 0.13172326214587218
2388793.8554776968 38077236.23952109 95193.09059880274 0.0 0.13172326214587218
2388793.8554776968 38077236.23952109 95193.09059880274 0.0 0.13172326214587218
2388793.8554776968 38077236.23952109 95193.09059880274 0.0 0.13172326214587218
2388793.8554776968 38077236.23952109 95193.09059880274 0.0032821776294415035 0.13500543977531368
2388793.8554776968 38077236.23952109 95193.09059880274 0.0 0.13500543977531368
2388793.8554776968 38077236.23952109 95193.09059880274 0.0 0.13500543977531368
2388793.8554776968 38077236.23952109 95193.09059880274 7.3632230232875536e-06 0.13501280299833696
2388793.8554776968 38077236.23952109 95193.09059880274 0.0001530417166055395 0.1351658447149425
2388793.8554776968 38077236.23952109 95193.09059880274 0.0002482063381648876 0.1354140510531074
2388793.8554776968 38077236.23952109 95193.09059880274 0.0015711661165013322 0.1369852171696087
2388793.8554776968 38077236.23952109 95193.09059880274 0.0 0.1369852171696087
2388793.8554776968 38077236.23952109 95193.09059880274 3.758370215206209e-05 0.13702280087176077
2388793.8554776968 38077236.23952109 95193.09059880274 0.008183363145034836 0.14520616401679562
2388793.8554776968 38077236.23952109 95193.09059880274 0.0015380896210265991 0.14674425363782223
2388793.8554776968 38077236.23952109 95193.09059880274 0.0 0.14674425363782223
2388793.8554776968 38077236.23952109 95193.09059880274 0.0 0.14674425363782223
2388793.8554776968 38077236.23952109 95193.09059880274 0.0 0.14674425363782223
2388793.8554776968 38077236.23952109 95193.09059880274 0.0017400229240653402 0.14848427656188756
2388793.8554776968 38077236.23952109 95193.09059880274 0.001100567343392757 0.14958484390528032
2388793.8554776968 38077236.23952109 95193.09059880274 0.0 0.14958484390528032
2388793.8554776968 38077236.23952109 95193.09059880274 0.0002624892683694248 0.14984733317364973
2388793.8554776968 38077236.23952109 95193.09059880274 0.0 0.14984733317364973
2388793.8554776968 38077236.23952109 95193.09059880274 0.002074002510220491 0.15192133568387023
2388793.8554776968 38077236.23952109 95193.09059880274 0.0 0.15192133568387023
2388793.8554776968 38077236.23952109 95193.09059880274 0.0009008006721979305 0.15282213635606817
2388793.8554776968 38077236.23952109 95193.09059880274 8.700748808804442e-05 0.15290914384415621
2388793.8554776968 38077236.23952109 95193.09059880274 0.012758115667697847 0.16566725951185407
2388793.8554776968 38077236.23952109 95193.09059880274 0.0 0.16566725951185407
2388793.8554776968 38077236.23952109 95193.09059880274 0.0 0.16566725951185407
2388793.8554776968 38077236.23952109 95193.09059880274 2.441133062396523e-05 0.16569167084247804
2388793.8554776968 38077236.23952109 95193.09059880274 0.008291274763008151 0.1739829456054862
2388793.8554776968 38077236.23952109 95193.09059880274 0.0 0.1739829456054862
2388793.8554776968 38077236.23952109 95193.09059880274 9.755984542608385e-05 0.17408050545091228
2388793.8554776968 38077236.23952109 95193.09059880274 0.0002482063381648876 0.17432871178907716
2388793.8554776968 38077236.23952109 95193.09059880274 0.009622327368740358 0.18395103915781752
2388793.8554776968 38077236.23952109 95193.09059880274 0.0 0.18395103915781752
2388793.8554776968 38077236.23952109 95193.09059880274 9.395925538015522e-06 0.18396043508335552
2388793.8554776968 38077236.23952109 95193.09059880274 1.2351264877943917e-05 0.18397278634823347
2388793.8554776968 38077236.23952109 95193.09059880274 0.0 0.18397278634823347
2388793.8554776968 38077236.23952109 95193.09059880274 0.0 0.18397278634823347
2388793.8554776968 38077236.23952109 95193.09059880274 0.0003962042436213925 0.18436899059185485
2388793.8554776968 38077236.23952109 95193.09059880274 6.175632438971958e-06 0.1843751662242938
2388793.8554776968 38077236.23952109 95193.09059880274 9.457081903961831e-05 0.18446973704333344
2388793.8554776968 38077236.23952109 95193.09059880274 0.0 0.18446973704333344
2388793.8554776968 38077236.23952109 95193.09059880274 0.012285109761751581 0.19675484680508504
2388793.8554776968 38077236.23952109 95193.09059880274 9.457081903961831e-05 0.19684941762412467
2388793.8554776968 38077236.23952109 95193.09059880274 0.00042521105046109666 0.19727462867458576
2388793.8554776968 38077236.23952109 95193.09059880274 0.00418574474013378 0.20146037341471953
2388793.8554776968 38077236.23952109 95193.09059880274 1.1744906922519403e-06 0.2014615479054118
2388793.8554776968 38077236.23952109 95193.09059880274 0.00042521105046109666 0.20188675895587288
2388793.8554776968 38077236.23952109 95193.09059880274 0.0 0.20188675895587288
2388793.8554776968 38077236.23952109 95193.09059880274 0.0 0.20188675895587288
2388793.8554776968 38077236.23952109 95193.09059880274 0.0 0.20188675895587288
2388793.8554776968 38077236.23952109 95193.09059880274 0.006622581914140346 0.20850934087001322
2388793.8554776968 38077236.23952109 95193.09059880274 0.0 0.20850934087001322
2388793.8554776968 38077236.23952109 95193.09059880274 1.0504964107264496e-07 0.20850944591965428
2388793.8554776968 38077236.23952109 95193.09059880274 0.0 0.20850944591965428
2388793.8554776968 38077236.23952109 95193.09059880274 9.755984542608385e-05 0.20860700576508037
2388793.8554776968 38077236.23952109 95193.09059880274 0.0 0.20860700576508037
2388793.8554776968 38077236.23952109 95193.09059880274 0.009286207626462565 0.21789321339154294
2388793.8554776968 38077236.23952109 95193.09059880274 0.0 0.21789321339154294
2388793.8554776968 38077236.23952109 95193.09059880274 1.0504964107264496e-07 0.217893318441184
2388793.8554776968 38077236.23952109 95193.09059880274 0.0004412557122931335 0.21833457415347715
2388793.8554776968 38077236.23952109 95193.09059880274 0.00011818084620672558 0.2184527549996839
2388793.8554776968 38077236.23952109 95193.09059880274 0.0009008006721979305 0.21935355567188183
2388793.8554776968 38077236.23952109 95193.09059880274 0.0 0.21935355567188183
2388793.8554776968 38077236.23952109 95193.09059880274 0.0 0.21935355567188183
2388793.8554776968 38077236.23952109 95193.09059880274 0.003210516772252501 0.22256407244413434
2388793.8554776968 38077236.23952109 95193.09059880274 0.003079485588342611 0.22564355803247696
2388793.8554776968 38077236.23952109 95193.09059880274 4.431513848071159e-05 0.22568787317095768
2388793.8554776968 38077236.23952109 95193.09059880274 0.0018440607258127062 0.22753193389677037
2388793.8554776968 38077236.23952109 95193.09059880274 5.5707617651434806e-05 0.22758764151442182
2388793.8554776968 38077236.23952109 95193.09059880274 5.502836716963785e-06 0.22759314435113878
2388793.8554776968 38077236.23952109 95193.09059880274 0.0005910676189976145 0.22818421197013639
2388793.8554776968 38077236.23952109 95193.09059880274 0.002262479207761918 0.23044669117789832
2388793.8554776968 38077236.23952109 95193.09059880274 0.0027060265549484703 0.2331527177328468
2388793.8554776968 38077236.23952109 95193.09059880274 0.0018462249165608457 0.23499894264940763
2388793.8554776968 38077236.23952109 95193.09059880274 0.002214849054278303 0.23721379170368592
2388793.8554776968 38077236.23952109 95193.09059880274 6.56223170923562e-05 0.2372794140207783
2388793.8554776968 38077236.23952109 95193.09059880274 0.010080486453489657 0.24735990047426795
2388793.8554776968 38077236.23952109 95193.09059880274 0.0 0.24735990047426795
2388793.8554776968 38077236.23952109 95193.09059880274 0.0 0.24735990047426795
2388793.8554776968 38077236.23952109 95193.09059880274 0.0 0.24735990047426795
2388793.8554776968 38077236.23952109 95193.09059880274 0.0 0.24735990047426795
2388793.8554776968 38077236.23952109 95193.09059880274 0.0 0.24735990047426795
2388793.8554776968 38077236.23952109 95193.09059880274 3.208952745950981e-05 0.24739199000172746
2388793.8554776968 38077236.23952109 95193.09059880274 0.0 0.24739199000172746
2388793.8554776968 38077236.23952109 95193.09059880274 0.0018462249165608457 0.2492382149182883
2388793.8554776968 38077236.23952109 95193.09059880274 0.0 0.2492382149182883
2388793.8554776968 38077236.23952109 95193.09059880274 0.014857016138279925 0.26409523105656824
2388793.8554776968 38077236.23952109 95193.09059880274 0.0 0.26409523105656824
2388793.8554776968 38077236.23952109 95193.09059880274 1.1744906922519403e-06 0.2640964055472605
2388793.8554776968 38077236.23952109 95193.09059880274 0.0 0.2640964055472605
2388793.8554776968 38077236.23952109 95193.09059880274 2.377002034037764e-06 0.26409878254929453
2388793.8554776968 38077236.23952109 95193.09059880274 0.0003856391496504815 0.26448442169894504
2388793.8554776968 38077236.23952109 95193.09059880274 0.0 0.26448442169894504
2388793.8554776968 38077236.23952109 95193.09059880274 0.0 0.26448442169894504
2388793.8554776968 38077236.23952109 95193.09059880274 7.606406508920845e-05 0.26456048576403424
2388793.8554776968 38077236.23952109 95193.09059880274 8.330535889848866e-05 0.26464379112293274
2388793.8554776968 38077236.23952109 95193.09059880274 0.003614359022592904 0.2682581501455256
2388793.8554776968 38077236.23952109 95193.09059880274 0.0 0.2682581501455256
2388793.8554776968 38077236.23952109 95193.09059880274 0.00385343628911525 0.2721115864346409
2388793.8554776968 38077236.23952109 95193.09059880274 0.00017922888050902856 0.2722908153151499
2388793.8554776968 38077236.23952109 95193.09059880274 0.0 0.2722908153151499
2388793.8554776968 38077236.23952109 95193.09059880274 0.00025734220504749345 0.2725481575201974
2388793.8554776968 38077236.23952109 95193.09059880274 0.0 0.2725481575201974
2388793.8554776968 38077236.23952109 95193.09059880274 0.0 0.2725481575201974
2388793.8554776968 38077236.23952109 95193.09059880274 0.0 0.2725481575201974
2388793.8554776968 38077236.23952109 95193.09059880274 0.0005765124302066755 0.2731246699504041
2388793.8554776968 38077236.23952109 95193.09059880274 0.023464659826797296 0.29658932977720137
2388793.8554776968 38077236.23952109 95193.09059880274 0.0 0.29658932977720137
2388793.8554776968 38077236.23952109 95193.09059880274 0.00016318476976196776 0.29675251454696333
2388793.8554776968 38077236.23952109 95193.09059880274 1.1744906922519403e-06 0.2967536890376556
2388793.8554776968 38077236.23952109 95193.09059880274 0.00034802995235217767 0.29710171899000776
2388793.8554776968 38077236.23952109 95193.09059880274 0.0003046378553031364 0.2974063568453109
2388793.8554776968 38077236.23952109 95193.09059880274 1.5439081097429896e-06 0.29740790075342066
2388793.8554776968 38077236.23952109 95193.09059880274 3.208952745950981e-05 0.2974399902808802
2388793.8554776968 38077236.23952109 95193.09059880274 0.00011116138390149524 0.2975511516647817
2388793.8554776968 38077236.23952109 95193.09059880274 0.02003731341546905 0.31758846508025074
2388793.8554776968 38077236.23952109 95193.09059880274 0.01886049009543756 0.3364489551756883
2388793.8554776968 38077236.23952109 95193.09059880274 0.0 0.3364489551756883
2388793.8554776968 38077236.23952109 95193.09059880274 0.00011818084620672558 0.33656713602189503
2388793.8554776968 38077236.23952109 95193.09059880274 0.0 0.33656713602189503
2388793.8554776968 38077236.23952109 95193.09059880274 0.00019576684819809994 0.33676290287009314
2388793.8554776968 38077236.23952109 95193.09059880274 0.0 0.33676290287009314
2388793.8554776968 38077236.23952109 95193.09059880274 0.00014765021345780147 0.33691055308355095
2388793.8554776968 38077236.23952109 95193.09059880274 0.0003856391496504815 0.33729619223320145
2388793.8554776968 38077236.23952109 95193.09059880274 0.0031219150536346833 0.34041810728683614
2388793.8554776968 38077236.23952109 95193.09059880274 6.56223170923562e-05 0.3404837296039285
2388793.8554776968 38077236.23952109 95193.09059880274 9.755984542608385e-05 0.34058128944935456
2388793.8554776968 38077236.23952109 95193.09059880274 0.0 0.34058128944935456
2388793.8554776968 38077236.23952109 95193.09059880274 0.010821683561620683 0.35140297301097523
2388793.8554776968 38077236.23952109 95193.09059880274 0.0 0.35140297301097523
2388793.8554776968 38077236.23952109 95193.09059880274 0.0 0.35140297301097523
2388793.8554776968 38077236.23952109 95193.09059880274 6.626900720958799e-05 0.3514692420181848
2388793.8554776968 38077236.23952109 95193.09059880274 0.0 0.3514692420181848
2388793.8554776968 38077236.23952109 95193.09059880274 0.0010712198601402264 0.35254046187832505
2388793.8554776968 38077236.23952109 95193.09059880274 0.0008733663151425379 0.3534138281934676
2388793.8554776968 38077236.23952109 95193.09059880274 6.90456696879706e-05 0.3534828738631556
2388793.8554776968 38077236.23952109 95193.09059880274 0.0 0.3534828738631556
2388793.8554776968 38077236.23952109 95193.09059880274 0.0014726446046575106 0.3549555184678131
2388793.8554776968 38077236.23952109 95193.09059880274 4.335993130048171e-05 0.3549988783991136
2388793.8554776968 38077236.23952109 95193.09059880274 0.0031447736910319613 0.35814365209014554
2388793.8554776968 38077236.23952109 95193.09059880274 0.0008205444073603759 0.35896419649750594
2388793.8554776968 38077236.23952109 95193.09059880274 0.01054569482955298 0.3695098913270589
2388793.8554776968 38077236.23952109 95193.09059880274 0.009286207626462565 0.37879609895352145
2388793.8554776968 38077236.23952109 95193.09059880274 0.0008193535299180797 0.37961545248343953
2388793.8554776968 38077236.23952109 95193.09059880274 0.0 0.37961545248343953
2388793.8554776968 38077236.23952109 95193.09059880274 0.00016318476976196776 0.3797786372532015
2388793.8554776968 38077236.23952109 95193.09059880274 0.0 0.3797786372532015
2388793.8554776968 38077236.23952109 95193.09059880274 0.0054166050630676775 0.38519524231626917
2388793.8554776968 38077236.23952109 95193.09059880274 0.0 0.38519524231626917
2388793.8554776968 38077236.23952109 95193.09059880274 0.03973271036875598 0.42492795268502515
2388793.8554776968 38077236.23952109 95193.09059880274 0.0032829114005898438 0.428210864085615
2388793.8554776968 38077236.23952109 95193.09059880274 0.00013264250911227294 0.42834350659472725
2388793.8554776968 38077236.23952109 95193.09059880274 0.0 0.42834350659472725
2388793.8554776968 38077236.23952109 95193.09059880274 0.0026051874518044594 0.4309486940465317
2388793.8554776968 38077236.23952109 95193.09059880274 1.1744906922519403e-06 0.43094986853722395
2388793.8554776968 38077236.23952109 95193.09059880274 0.0003046378553031364 0.4312545063925271
2388793.8554776968 38077236.23952109 95193.09059880274 0.009059709930594776 0.4403142163231219
2388793.8554776968 38077236.23952109 95193.09059880274 0.004279786716497918 0.4445940030396198
2388793.8554776968 38077236.23952109 95193.09059880274 0.0 0.4445940030396198
2388793.8554776968 38077236.23952109 95193.09059880274 0.0 0.4445940030396198
2388793.8554776968 38077236.23952109 95193.09059880274 0.0008462162647309342 0.44544021930435074
2388793.8554776968 38077236.23952109 95193.09059880274 1.1345361235845655e-05 0.4454515646655866
2388793.8554776968 38077236.23952109 95193.09059880274 0.0066031182836799665 0.4520546829492666
2388793.8554776968 38077236.23952109 95193.09059880274 8.403971285811597e-07 0.45205552334639515
2388793.8554776968 38077236.23952109 95193.09059880274 0.0008462162647309342 0.45290173961112606
2388793.8554776968 38077236.23952109 95193.09059880274 0.0003937222428885271 0.4532954618540146
2388793.8554776968 38077236.23952109 95193.09059880274 0.0006151910045133236 0.45391065285852794
2388793.8554776968 38077236.23952109 95193.09059880274 0.05596789426930145 0.5098785471278294
2388793.8554776968 38077236.23952109 95193.09059880274 0.0 0.5098785471278294
2388793.8554776968 38077236.23952109 95193.09059880274 0.0 0.5098785471278294
2388793.8554776968 38077236.23952109 95193.09059880274 3.758370215206209e-05 0.5099161308299814
2388793.8554776968 38077236.23952109 95193.09059880274 0.00037516967066754647 0.510291300500649
2388793.8554776968 38077236.23952109 95193.09059880274 0.0 0.510291300500649
2388793.8554776968 38077236.23952109 95193.09059880274 0.009171327753860424 0.5194626282545094
2388793.8554776968 38077236.23952109 95193.09059880274 0.0 0.5194626282545094
2388793.8554776968 38077236.23952109 95193.09059880274 0.002407380028030079 0.5218700082825395
2388793.8554776968 38077236.23952109 95193.09059880274 0.001042137974076518 0.522912146256616
2388793.8554776968 38077236.23952109 95193.09059880274 7.830103158294032e-05 0.5229904472881989
2388793.8554776968 38077236.23952109 95193.09059880274 0.003446583892655583 0.5264370311808545
2388793.8554776968 38077236.23952109 95193.09059880274 0.00250563301065409 0.5289426641915086
2388793.8554776968 38077236.23952109 95193.09059880274 0.037286107688769776 0.5662287718802783
2388793.8554776968 38077236.23952109 95193.09059880274 0.002074002510220491 0.5683027743904988
2388793.8554776968 38077236.23952109 95193.09059880274 1.7467326302850758e-05 0.5683202417168016
2388793.8554776968 38077236.23952109 95193.09059880274 0.008399656587821594 0.5767198983046232
2388793.8554776968 38077236.23952109 95193.09059880274 0.0019362749842509919 0.5786561732888742
2388793.8554776968 38077236.23952109 95193.09059880274 0.00025734220504749345 0.5789135154939217
2388793.8554776968 38077236.23952109 95193.09059880274 0.00015535275679793388 0.5790688682507196
2388793.8554776968 38077236.23952109 95193.09059880274 0.01485765913580222 0.5939265273865217
2388793.8554776968 38077236.23952109 95193.09059880274 0.004482539318393177 0.5984090667049149
2388793.8554776968 38077236.23952109 95193.09059880274 0.06273548427861794 0.6611445509835329
2388793.8554776968 38077236.23952109 95193.09059880274 0.0053026249451941345 0.666447175928727
2388793.8554776968 38077236.23952109 95193.09059880274 0.0009285164195460015 0.6673756923482731
2388793.8554776968 38077236.23952109 95193.09059880274 0.0012480596255990996 0.6686237519738722
2388793.8554776968 38077236.23952109 95193.09059880274 1.5439081097429896e-06 0.6686252958819819
2388793.8554776968 38077236.23952109 95193.09059880274 0.0009008006721979305 0.6695260965541798
2388793.8554776968 38077236.23952109 95193.09059880274 1.1744906922519403e-06 0.6695272710448721
2388793.8554776968 38077236.23952109 95193.09059880274 0.003410444931168067 0.6729377159760401
2388793.8554776968 38077236.23952109 95193.09059880274 0.0 0.6729377159760401
2388793.8554776968 38077236.23952109 95193.09059880274 0.0008733663151425379 0.6738110822911827
2388793.8554776968 38077236.23952109 95193.09059880274 0.0 0.6738110822911827
2388793.8554776968 38077236.23952109 95193.09059880274 0.001713859006556734 0.6755249412977394
2388793.8554776968 38077236.23952109 95193.09059880274 0.004468407184136176 0.6799933484818756
2388793.8554776968 38077236.23952109 95193.09059880274 0.0003856391496504815 0.6803789876315262
2388793.8554776968 38077236.23952109 95193.09059880274 0.0005073799790528382 0.680886367610579
2388793.8554776968 38077236.23952109 95193.09059880274 0.046495580997050194 0.7273819486076292
2388793.8554776968 38077236.23952109 95193.09059880274 0.02909400290532671 0.7564759515129559
2388793.8554776968 38077236.23952109 95193.09059880274 0.006925877479437237 0.7634018289923932
2388793.8554776968 38077236.23952109 95193.09059880274 0.0054166050630676775 0.7688184340554608
2388793.8554776968 38077236.23952109 95193.09059880274 0.0003342659110365605 0.7691526999664974
2388793.8554776968 38077236.23952109 95193.09059880274 0.03979244303308964 0.808945142999587
2388793.8554776968 38077236.23952109 95193.09059880274 0.00036845141420075816 0.8093135944137877
2388793.8554776968 38077236.23952109 95193.09059880274 0.004068937530200794 0.8133825319439885
2388793.8554776968 38077236.23952109 95193.09059880274 0.004068937530200794 0.8174514694741892
2388793.8554776968 38077236.23952109 95193.09059880274 0.0013875178016154147 0.8188389872758046
2388793.8554776968 38077236.23952109 95193.09059880274 0.004321909443017527 0.8231608967188222
2388793.8554776968 38077236.23952109 95193.09059880274 0.012973946242859096 0.8361348429616813
2388793.8554776968 38077236.23952109 95193.09059880274 0.0009008006721979305 0.8370356436338792
2388793.8554776968 38077236.23952109 95193.09059880274 0.0019145297085489542 0.8389501733424282
2388793.8554776968 38077236.23952109 95193.09059880274 0.0 0.8389501733424282
2388793.8554776968 38077236.23952109 95193.09059880274 0.0005069358271696301 0.8394571091695978
2388793.8554776968 38077236.23952109 95193.09059880274 0.01049364462193219 0.84995075379153
2388793.8554776968 38077236.23952109 95193.09059880274 0.0006894620504580211 0.850640215841988
2388793.8554776968 38077236.23952109 95193.09059880274 0.00019576684819809994 0.8508359826901861
2388793.8554776968 38077236.23952109 95193.09059880274 0.0007665025363588363 0.8516024852265449
2388793.8554776968 38077236.23952109 95193.09059880274 0.014681133653149252 0.8662836188796942
2388793.8554776968 38077236.23952109 95193.09059880274 0.003210516772252501 0.8694941356519467
2388793.8554776968 38077236.23952109 95193.09059880274 0.009286207626462565 0.8787803432784093
2388793.8554776968 38077236.23952109 95193.09059880274 0.0011301780415558995 0.8799105213199652
2388793.8554776968 38077236.23952109 95193.09059880274 0.0013446354057298554 0.881255156725695
2388793.8554776968 38077236.23952109 95193.09059880274 0.0005765124302066755 0.8818316691559016
2388793.8554776968 38077236.23952109 95193.09059880274 0.0018091579526419857 0.8836408271085436
2388793.8554776968 38077236.23952109 95193.09059880274 0.007441323982460052 0.8910821510910036
2388793.8554776968 38077236.23952109 95193.09059880274 0.0014591867520395365 0.8925413378430431
2388793.8554776968 38077236.23952109 95193.09059880274 0.0015006786826701859 0.8940420165257134
2388793.8554776968 38077236.23952109 95193.09059880274 0.001713859006556734 0.8957558755322701
2388793.8554776968 38077236.23952109 95193.09059880274 0.008894784463341012 0.9046506599956111
2388793.8554776968 38077236.23952109 95193.09059880274 0.002215148961449563 0.9068658089570607
2388793.8554776968 38077236.23952109 95193.09059880274 0.006786209590765779 0.9136520185478265
2388793.8554776968 38077236.23952109 95193.09059880274 1.5439081097429896e-06 0.9136535624559362
2388793.8554776968 38077236.23952109 95193.09059880274 0.0006302597472812315 0.9142838222032175
2388793.8554776968 38077236.23952109 95193.09059880274 0.0027569227803104944 0.917040744983528
2388793.8554776968 38077236.23952109 95193.09059880274 0.010080486453489657 0.9271212314370176
2388793.8554776968 38077236.23952109 95193.09059880274 0.006323847617507285 0.9334450790545249
2388793.8554776968 38077236.23952109 95193.09059880274 0.001100567343392757 0.9345456463979177
2388793.8554776968 38077236.23952109 95193.09059880274 0.00013264250911227294 0.93467828890703
2388793.8554776968 38077236.23952109 95193.09059880274 0.007629668720906994 0.942307957627937
2388793.8554776968 38077236.23952109 95193.09059880274 0.0013171733770849991 0.943625131005022
2388793.8554776968 38077236.23952109 95193.09059880274 9.508008136151056e-06 0.9436346390131581
2388793.8554776968 38077236.23952109 95193.09059880274 0.006422914609552472 0.9500575536227106
2388793.8554776968 38077236.23952109 95193.09059880274 0.0038923133111139767 0.9539498669338246
2388793.8554776968 38077236.23952109 95193.09059880274 0.00461652376673624 0.9585663907005608
2388793.8554776968 38077236.23952109 95193.09059880274 0.013871989170394694 0.9724383798709555
2388793.8554776968 38077236.23952109 95193.09059880274 0.005361943380358146 0.9778003232513136
2388793.8554776968 38077236.23952109 95193.09059880274 0.001542556598601926 0.9793428798499155
2388793.8554776968 38077236.23952109 95193.09059880274 0.0002042165022452218 0.9795470963521608
2388793.8554776968 38077236.23952109 95193.09059880274 0.0009008006721979305 0.9804478970243586
2388793.8554776968 38077236.23952109 95193.09059880274 0.0007424317666108632 0.9811903287909695
2388793.8554776968 38077236.23952109 95193.09059880274 0.002407380028030079 0.9835977088189995
2388793.8554776968 38077236.23952109 95193.09059880274 0.007968958788254536 0.9915666676072541
2388793.8554776968 38077236.23952109 95193.09059880274 0.002214849054278303 0.9937815166615324
2388793.8554776968 38077236.23952109 95193.09059880274 0.002262479207761918 0.9960439958692943
2388793.8554776968 38077236.23952109 95193.09059880274 0.0014081550754711947 0.9974521509447655
2388793.8554776968 38077236.23952109 95193.09059880274 0.002547849055234228 0.9999999999999997
501's generation extracting best parents:
41569.219381653056
37497.73326482549
0
41906.56273186814
0
0
0
311599.8517072818
0
0
0
95407.58007621826
0
73728.0
26252.80937347468
0
0
0
0
50004.69977912076
0
290582.4847302397
0
0
0
207876.82753015065
0
0
118873.897016965
93530.74360871938
0
0
262920.1607484675
0
0
0
5320.860080851591
0
0
177586.21568128534
0
0
0
0
0
0
0
0
0
0
29186.29815512752
97296.80512740386
0
6516.696095415223
0
0
0
0
0
0
0
13824.0
0
6604.1053898313885
100000.0
33538.99223292197
46475.800154489
0
38584.58241318675
0
0
297016.6325309073
176352.60097883444
10507.067335845906
0
0
0
0
0
0
8767.977189751351
0
0
16314.753568472923
0
0
0
0
0
0
0
0
0
142884.0
54841.863571545415
0
0
27541.796019867696
0
0
6213.625028918304
133336.14663698664
0
161800.582050869
0
0
0
137624.80235771457
0
0
89814.56737077788
16801.797999023795
0
0
933772.5718139295
0
0
0
0
0
0
0
70299.14229917745
36421.284985568534
0
304755.7158381119
7622.803683684895
0
0
143550.04546150446
0
0
0
0
0
0
0
124976.25297631546
0
0
0
5827.405597690966
9451.011374450885
59825.663389552145
0
0
311599.8517072818
58566.201857385284
0
0
0
66255.26394181824
41906.56273186814
0
9994.86588204164
0
78972.28354302539
0
34300.0
0
485793.7842500663
0
0
0
315708.8278778406
0
0
9451.011374450885
366391.632393536
0
0
0
0
0
15086.362583472532
0
0
0
467783.02662666165
0
16190.861620062102
159381.59130840676
0
16190.861620062102
0
0
0
252169.61606030175
0
0
0
0
0
353593.1215620575
0
0
16801.797999023795
0
34300.0
0
0
122247.60558800322
117258.3002435222
0
70216.73589679315
0
0
22506.221362103413
86148.95528095508
103038.01240319031
70299.14229917745
84335.33067463481
0
383837.0640988178
0
0
0
0
0
0
0
70299.14229917745
0
565714.1133116621
0
0
0
0
14684.073004449414
0
0
0
0
137624.80235771457
0
146728.20391458488
6824.5404240871785
0
9798.879935992685
0
0
0
21952.0
893469.3955049608
0
6213.625028918304
0
13252.01871414314
11599.767583878567
0
0
0
762965.5165261403
718155.3369571237
0
0
0
7454.260526705516
0
5622.112058648423
14684.073004449414
118873.897016965
0
0
0
412059.80148517276
0
0
0
0
40789.09167902615
33255.375505322445
0
0
56074.23650840018
0
119744.29075325471
31244.063244078865
401550.913334785
353593.1215620575
31198.717922376232
0
6213.625028918304
0
206249.35060261402
0
1512911.7991475908
125004.19295367655
5050.660154870846
0
99198.33805059438
0
11599.767583878567
344968.7152887925
162962.4498588555
0
0
32221.576621884906
0
251428.49480518315
0
32221.576621884906
14991.85485522055
23424.77321128211
2131102.7319207303
0
0
0
14285.424179911495
0
349218.8135138197
0
91666.37804560622
39681.733833087485
0
131236.38909997485
95407.58007621826
1419751.9309175105
78972.28354302539
0
319835.7082253325
73728.0
9798.879935992685
5915.403621055794
565738.59688022
170682.70857939887
2388793.8554776968
201909.30272773464
35355.33905932738
47522.661204945165
0
34300.0
0
129860.31732596374
0
33255.375505322445
0
65259.01427389169
170144.5959647264
14684.073004449414
19319.627325598183
1770423.221718468
1107819.2217794382
263718.27295051055
206249.35060261402
12727.922061357856
1515186.2539186394
14029.611541307906
154933.89558130913
154933.89558130913
52832.84311865111
164566.3668675954
494012.0160481929
34300.0
72900.0
0
19302.715249415043
399568.985282892
26252.80937347468
7454.260526705516
29186.29815512752
559016.9943749474
122247.60558800322
353593.1215620575
43034.056281043275
51200.0
21952.0
68887.7347573572
283345.0512149453
55561.79867498892
57141.69671964598
65259.01427389169
338688.80931025755
84346.75031084481
258400.1057584923
0
23998.549289488314
104976.0
383837.0640988178
240794.63967455755
41906.56273186814
5050.660154870846
290516.69831526035
50154.32184767331
0
244566.83693420087
148208.53346551946
175784.46607137957
528207.008753197
204167.98479683342
58736.292017797656
7776.0
34300.0
28269.749768966827
91666.37804560622
303435.92636337574
84335.33067463481
86148.95528095508
53618.65347059734
97015.05037879432
