0 1 52 4 2.8284271247461903 11.313708498984761
1 0 50 0 1.0 0.0
2 0 50 0 1.0 0.0
3 1 52 4 2.8284271247461903 11.313708498984761
4 0 50 0 1.0 0.0
5 0 5 0 11.180339887498949 0.0
6 6 96 144 940.6040612287404 135446.9848169386
7 2 22 16 103.18914671611545 1651.0263474578471
8 1 26 4 132.5745073534124 530.2980294136496
9 2 58 16 22.627416997969522 362.03867196751236
10 10 108 400 1122.3689233046325 448947.569321853
11 0 50 0 1.0 0.0
12 0 50 0 1.0 0.0
13 0 50 0 1.0 0.0
14 5 74 100 117.57550765359255 11757.550765359256
15 0 50 0 1.0 0.0
16 0 6 0 14.696938456699069 0.0
17 0 50 0 1.0 0.0
18 1 9 4 27.0 108.0
19 3 60 36 464.75800154489 16731.28805561604
20 3 32 36 181.01933598375618 6516.696095415223
21 1 55 4 11.180339887498949 44.721359549995796
22 9 98 324 970.1505037879432 314328.7632272936
23 6 104 144 1060.5960588272992 152725.83247113109
24 6 276 144 132.5745073534124 19090.729058891386
25 6 80 144 715.5417527999327 103038.01240319031
26 9 349 324 985.0375627355537 319152.1703263194
27 0 50 0 1.0 0.0
28 4 46 64 311.9871792237623 19967.17947032079
29 0 50 0 1.0 0.0
30 0 50 0 1.0 0.0
31 6 312 144 488.18848818873226 70299.14229917745
32 0 50 0 1.0 0.0
33 4 81 64 729.0 46656.0
34 0 50 0 1.0 0.0
35 5 92 100 882.4330002895404 88243.30002895404
36 0 50 0 1.0 0.0
37 0 50 0 1.0 0.0
38 4 89 64 243.55492193753753 15587.515004002402
39 1 12 4 41.569219381653056 166.27687752661222
40 1 52 4 2.8284271247461903 11.313708498984761
41 2 25 16 125.0 2000.0
42 4 54 64 396.81733833087486 25396.30965317599
43 4 37 64 225.06221362103412 14403.981671746184
44 0 50 0 1.0 0.0
45 1 54 4 8.0 32.0
46 0 50 0 1.0 0.0
47 0 50 0 1.0 0.0
48 7 101 196 1015.0374377332099 198947.33779570914
49 9 157 324 1967.204361524242 637374.2131338543
50 0 50 0 1.0 0.0
51 2 23 16 110.30412503619254 1764.8660005790807
52 0 50 0 1.0 0.0
53 0 50 0 1.0 0.0
54 1 8 4 22.627416997969522 90.50966799187809
55 0 50 0 1.0 0.0
56 8 94 256 911.3638131942698 233309.13617773307
57 2 75 16 125.0 2000.0
58 2 32 16 181.01933598375618 2896.309375740099
59 6 46 144 311.9871792237623 44926.153808221774
60 0 8 0 22.627416997969522 0.0
61 1 54 4 8.0 32.0
62 0 6 0 14.696938456699069 0.0
63 5 96 100 940.6040612287404 94060.40612287405
64 1 26 4 132.5745073534124 530.2980294136496
65 6 53 144 385.84582413186746 55561.79867498892
66 0 50 0 1.0 0.0
67 5 47 100 322.21576621884907 32221.576621884906
68 0 50 0 1.0 0.0
69 1 20 4 89.44271909999159 357.77087639996637
70 0 50 0 1.0 0.0
71 0 50 0 1.0 0.0
72 7 100 196 1000.0 196000.0
73 0 50 0 1.0 0.0
74 1 29 4 156.16977940690063 624.6791176276025
75 9 172 324 2255.7588523598884 730865.8681646038
76 0 50 0 1.0 0.0
77 5 37 100 225.06221362103412 22506.221362103413
78 0 50 0 1.0 0.0
79 1 58 4 22.627416997969522 90.50966799187809
80 0 50 0 1.0 0.0
81 0 50 0 1.0 0.0
82 2 74 16 117.57550765359255 1881.2081224574808
83 9 319 324 573.1570465413472 185702.8830793965
84 0 50 0 1.0 0.0
85 0 50 0 1.0 0.0
86 13 149 676 1818.7767867443217 1229493.1078391615
87 0 50 0 1.0 0.0
88 2 16 16 64.0 1024.0
89 0 50 0 1.0 0.0
90 0 50 0 1.0 0.0
91 0 50 0 1.0 0.0
92 0 50 0 1.0 0.0
93 3 51 36 364.21284985568536 13111.662594804673
94 0 50 0 1.0 0.0
95 1 52 4 2.8284271247461903 11.313708498984761
96 0 50 0 1.0 0.0
97 0 50 0 1.0 0.0
98 1 18 4 76.36753236814714 305.47012947258855
99 0 50 0 1.0 0.0
100 2 37 16 225.06221362103412 3600.995417936546
101 1 9 4 27.0 108.0
102 0 50 0 1.0 0.0
103 0 50 0 1.0 0.0
104 1 12 4 41.569219381653056 166.27687752661222
105 8 134 256 1551.1621449738902 397097.5091133159
106 0 50 0 1.0 0.0
107 1 54 4 8.0 32.0
108 1 51 4 1.0 4.0
109 3 38 36 234.2477321128211 8432.91835606156
110 15 168 900 2177.5288746650413 1959775.9871985372
111 16 120 1024 1314.5341380123987 1346082.9573246962
112 1 12 4 41.569219381653056 166.27687752661222
113 2 30 16 164.31676725154983 2629.0682760247973
114 0 50 0 1.0 0.0
115 1 57 4 18.520259177452132 74.08103670980853
116 0 50 0 1.0 0.0
117 1 9 4 27.0 108.0
118 0 50 0 1.0 0.0
119 0 9 0 27.0 0.0
120 0 5 0 11.180339887498949 0.0
121 0 9 0 27.0 0.0
122 7 89 196 839.6243207530378 164566.3668675954
123 2 47 16 322.21576621884907 5155.452259501585
124 0 50 0 1.0 0.0
125 0 50 0 1.0 0.0
126 2 11 16 36.4828726939094 583.7259631025504
127 0 50 0 1.0 0.0
128 2 12 16 41.569219381653056 665.1075101064489
129 0 50 0 1.0 0.0
130 8 114 256 1217.1869207315694 311599.8517072818
131 0 50 0 1.0 0.0
132 0 50 0 1.0 0.0
133 8 350 256 1000.0 256000.0
134 2 11 16 36.4828726939094 583.7259631025504
135 1 55 4 11.180339887498949 44.721359549995796
136 4 38 64 234.2477321128211 14991.85485522055
137 10 112 400 1185.2965873569365 474118.6349427746
138 0 50 0 1.0 0.0
139 1 8 4 22.627416997969522 90.50966799187809
140 0 9 0 27.0 0.0
141 13 108 676 1122.3689233046325 758721.3921539315
142 10 106 400 1091.336794944622 436534.7179778488
143 15 126 900 1414.3464922005498 1272911.842980495
144 0 50 0 1.0 0.0
145 0 50 0 1.0 0.0
146 0 50 0 1.0 0.0
147 2 20 16 89.44271909999159 1431.0835055998655
148 2 16 16 64.0 1024.0
149 0 50 0 1.0 0.0
150 3 25 36 125.0 4500.0
151 4 43 64 281.96985654498604 18046.070818879107
152 3 69 36 82.8190799272728 2981.4868773818207
153 0 50 0 1.0 0.0
154 0 50 0 1.0 0.0
155 1 53 4 5.196152422706632 20.784609690826528
156 0 50 0 1.0 0.0
157 2 56 16 14.696938456699069 235.1510153071851
158 1 8 4 22.627416997969522 90.50966799187809
159 3 87 36 225.06221362103412 8102.239690357228
160 1 53 4 5.196152422706632 20.784609690826528
161 0 50 0 1.0 0.0
162 0 50 0 1.0 0.0
163 3 98 36 332.55375505322445 11971.93518191608
164 0 50 0 1.0 0.0
165 5 114 100 512.0 51200.0
166 2 17 16 70.09279563550022 1121.4847301680036
167 15 159 900 2004.9137138540402 1804422.342468636
168 7 74 196 636.5720697611544 124768.12567318625
169 0 5 0 11.180339887498949 0.0
170 0 50 0 1.0 0.0
171 4 28 64 148.16207341961706 9482.372698855492
172 0 50 0 1.0 0.0
173 0 50 0 1.0 0.0
174 1 54 4 8.0 32.0
175 8 103 256 1045.3358312044986 267605.97278835165
176 2 18 16 76.36753236814714 1221.8805178903542
177 2 13 16 46.87216658103186 749.9546652965098
178 0 50 0 1.0 0.0
179 0 50 0 1.0 0.0
180 1 55 4 11.180339887498949 44.721359549995796
181 0 50 0 1.0 0.0
182 0 50 0 1.0 0.0
183 4 31 64 172.60069524773067 11046.444495854763
184 3 56 36 419.06562731868144 15086.362583472532
185 0 50 0 1.0 0.0
186 13 205 676 2935.1533179716525 1984163.642948837
187 1 15 4 58.09475019311125 232.379000772445
188 3 33 36 189.57056733575496 6824.5404240871785
189 0 9 0 27.0 0.0
190 1 55 4 11.180339887498949 44.721359549995796
191 7 65 196 524.0467536394058 102713.16371332353
192 0 50 0 1.0 0.0
193 1 19 4 82.8190799272728 331.2763197090912
194 3 25 36 125.0 4500.0
195 0 50 0 1.0 0.0
196 3 28 36 148.16207341961706 5333.834643106215
197 0 11 0 36.4828726939094 0.0
198 0 50 0 1.0 0.0
199 2 54 16 8.0 128.0
200 2 13 16 46.87216658103186 749.9546652965098
201 5 57 100 430.34056281043274 43034.056281043275
202 6 84 144 769.8727167525811 110861.67121237169
203 8 104 256 1060.5960588272992 271512.5910597886
204 2 25 16 125.0 2000.0
205 5 86 100 797.5311906126306 79753.11906126306
206 3 63 36 46.87216658103186 1687.397996917147
207 9 418 324 2177.5288746650413 705519.3553914734
208 1 22 4 103.18914671611545 412.7565868644618
209 4 49 64 343.0 21952.0
210 6 118 144 1281.8080979616254 184580.36610647407
211 4 88 64 234.2477321128211 14991.85485522055
212 1 54 4 8.0 32.0
213 1 53 4 5.196152422706632 20.784609690826528
214 10 204 400 2913.702798845483 1165481.119538193
215 7 92 196 882.4330002895404 172956.86805674993
216 2 17 16 70.09279563550022 1121.4847301680036
217 7 82 196 742.5415813272682 145538.14994014456
218 0 50 0 1.0 0.0
219 1 52 4 2.8284271247461903 11.313708498984761
220 2 62 16 41.569219381653056 665.1075101064489
221 5 81 100 729.0 72900.0
222 13 147 676 1782.2802809883747 1204821.4699481414
223 1 58 4 22.627416997969522 90.50966799187809
224 16 212 1024 3086.7665930549397 3160848.991288258
225 0 50 0 1.0 0.0
226 14 222 784 3307.7255025167974 2593256.7939731693
227 2 18 16 76.36753236814714 1221.8805178903542
228 0 50 0 1.0 0.0
229 2 36 16 216.0 3456.0
230 0 50 0 1.0 0.0
231 5 44 100 291.8629815512752 29186.29815512752
232 1 24 4 117.57550765359255 470.3020306143702
233 12 246 576 3858.359236774098 2222414.9203818804
234 3 23 36 110.30412503619254 3970.9485013029316
235 2 27 16 140.29611541307906 2244.737846609265
236 13 110 676 1153.6897329871667 779894.2594993247
237 1 8 4 22.627416997969522 90.50966799187809
238 0 50 0 1.0 0.0
239 3 30 36 164.31676725154983 5915.403621055794
240 3 32 36 181.01933598375618 6516.696095415223
241 2 26 16 132.5745073534124 2121.1921176545984
242 2 34 16 198.25236442474022 3172.0378307958435
243 6 57 144 430.34056281043274 61969.04104470232
244 2 11 16 36.4828726939094 583.7259631025504
245 2 77 16 140.29611541307906 2244.737846609265
246 9 141 324 1674.2822342723464 542467.4439042403
247 2 18 16 76.36753236814714 1221.8805178903542
248 3 32 36 181.01933598375618 6516.696095415223
249 5 46 100 311.9871792237623 31198.717922376232
250 8 91 256 868.0846732894205 222229.67636209165
251 2 33 16 189.57056733575496 3033.1290773720793
252 4 102 64 374.9773326482549 23998.549289488314
253 10 149 400 1818.7767867443217 727510.7146977286
254 1 52 4 2.8284271247461903 11.313708498984761
255 12 114 576 1217.1869207315694 701099.6663413839
256 7 125 196 1397.5424859373686 273918.32724372426
257 3 57 36 18.520259177452132 666.7293303882768
258 4 79 64 156.16977940690063 9994.86588204164
259 2 27 16 140.29611541307906 2244.737846609265
260 4 79 64 702.1673589679315 44938.710973947615
261 8 74 256 636.5720697611544 162962.4498588555
262 0 50 0 1.0 0.0
263 1 55 4 11.180339887498949 44.721359549995796
264 11 152 484 1873.9818569025688 907007.2187408432
265 0 50 0 1.0 0.0
266 3 58 36 441.7148401401067 15901.734245043841
267 2 71 16 96.23408959407264 1539.7454335051623
268 5 65 100 524.0467536394058 52404.67536394058
269 5 62 100 488.18848818873226 48818.84881887323
270 8 92 256 882.4330002895404 225902.84807412233
271 0 50 0 1.0 0.0
272 3 27 36 140.29611541307906 5050.660154870846
273 6 59 144 453.18759912424787 65259.01427389169
274 2 60 16 31.622776601683793 505.9644256269407
275 13 189 676 2598.3204190399615 1756464.603271014
276 9 113 324 1201.2064768390153 389190.89849584096
277 4 34 64 198.25236442474022 12688.151323183374
278 4 55 64 407.8909167902615 26105.018674576735
279 10 115 400 1233.2376088978149 493295.043559126
280 8 72 256 610.9402589451771 156400.70628996534
281 6 309 144 453.18759912424787 65259.01427389169
282 6 76 144 662.5526394181824 95407.58007621826
283 12 110 576 1153.6897329871667 664525.286200608
284 10 100 400 1000.0 400000.0
285 10 111 400 1169.4575665666541 467783.02662666165
286 20 316 1600 5617.338871743452 8987742.194789523
287 5 42 100 272.19110933313016 27219.110933313015
288 11 106 484 1091.336794944622 528207.008753197
289 10 125 400 1397.5424859373686 559016.9943749474
290 2 32 16 181.01933598375618 2896.309375740099
291 0 50 0 1.0 0.0
292 3 32 36 181.01933598375618 6516.696095415223
293 11 115 484 1233.2376088978149 596887.0027065424
294 9 341 324 868.0846732894205 281259.43414577225
295 7 317 196 548.4186357154541 107490.05260022901
296 0 50 0 1.0 0.0
297 1 56 4 14.696938456699069 58.787753826796276
298 8 50 256 353.5533905932738 90509.66799187809
299 4 41 64 262.5280937347468 16801.797999023795
300 7 328 196 688.877347573572 135019.96012442012
301 12 138 576 1621.132937176961 933772.5718139295
302 8 81 256 729.0 186624.0
303 10 321 400 598.2566338955214 239302.65355820858
304 7 315 196 524.0467536394058 102713.16371332353
305 0 50 0 1.0 0.0
306 8 73 256 623.7122734081797 159670.341992494
307 0 50 0 1.0 0.0
308 14 138 784 1621.132937176961 1270968.2227467373
309 9 136 324 1586.0189153979218 513870.12858892663
310 3 68 36 76.36753236814714 2749.231165253297
311 7 318 196 560.7423650840018 109905.50355646435
312 6 288 144 234.2477321128211 33731.67342424624
313 4 95 64 301.8691769624716 19319.627325598183
314 6 72 144 610.9402589451771 87975.39728810551
315 9 148 324 1800.497708968273 583361.2577057205
316 12 427 576 2354.8318411300625 1356383.140490916
317 12 155 576 1929.7344376882536 1111527.036108434
318 7 64 196 512.0 100352.0
319 9 138 324 1621.132937176961 525247.0716453353
320 12 106 576 1091.336794944622 628609.9938881022
321 0 50 0 1.0 0.0
322 3 44 36 291.8629815512752 10507.067335845906
323 4 29 64 156.16977940690063 9994.86588204164
324 7 77 196 675.6722578291934 132431.7625345219
325 12 440 576 2618.969262897142 1508526.2954287538
326 8 96 256 940.6040612287404 240794.63967455755
327 5 99 100 343.0 34300.0
328 7 96 196 940.6040612287404 184358.39600083313
329 8 89 256 839.6243207530378 214943.82611277766
330 5 71 100 598.2566338955214 59825.663389552145
331 9 133 324 1533.830825091216 496961.187329554
332 15 157 900 1967.204361524242 1770483.9253718178
333 3 56 36 419.06562731868144 15086.362583472532
334 4 38 64 234.2477321128211 14991.85485522055
335 0 50 0 1.0 0.0
336 5 84 100 198.25236442474022 19825.236442474023
337 10 143 400 1710.0312862634999 684012.5145054
338 10 55 400 407.8909167902615 163156.3667161046
339 14 144 784 1728.0 1354752.0
340 11 104 484 1060.5960588272992 513328.4924724128
341 4 67 64 70.09279563550022 4485.938920672014
342 5 50 100 353.5533905932738 35355.33905932738
343 2 9 16 27.0 432.0
344 13 172 676 2255.7588523598884 1524892.9841952845
345 6 71 144 598.2566338955214 86148.95528095508
346 16 181 1024 2435.1059525203414 2493548.4953808296
347 3 55 36 407.8909167902615 14684.073004449414
348 5 94 100 291.8629815512752 29186.29815512752
349 11 121 484 1331.0 644204.0
350 12 405 576 1929.7344376882536 1111527.036108434
351 4 40 64 252.98221281347034 16190.861620062102
352 9 330 324 715.5417527999327 231835.5279071782
353 15 210 900 3043.189116699782 2738870.205029804
354 5 157 100 1106.8166063083802 110681.66063083801
355 10 79 400 702.1673589679315 280866.9435871726
356 15 214 900 3130.5501114021476 2817495.1002619327
357 14 134 784 1551.1621449738902 1216111.1216595299
358 10 106 400 1091.336794944622 436534.7179778488
359 11 91 484 868.0846732894205 420152.98187207954
360 11 120 484 1314.5341380123987 636234.522798001
361 11 399 484 1818.7767867443217 880287.9647842518
362 11 167 484 2158.1156132144542 1044527.9567957958
363 10 428 400 2374.8162034144875 949926.481365795
364 11 83 484 756.1659870689768 365984.3377413848
365 11 119 484 1298.13674164165 628298.1829545585
366 0 50 0 1.0 0.0
367 14 235 784 3602.4817834376345 2824345.7182151056
368 10 199 400 2807.240459953511 1122896.1839814044
369 0 50 0 1.0 0.0
370 11 439 484 2598.3204190399615 1257587.0828153414
371 10 79 400 702.1673589679315 280866.9435871726
372 11 89 484 839.6243207530378 406378.1712444703
373 14 160 784 2023.8577025077627 1586704.438766086
374 9 96 324 940.6040612287404 304755.7158381119
375 10 126 400 1414.3464922005498 565738.59688022
376 5 50 100 353.5533905932738 35355.33905932738
377 7 312 196 488.18848818873226 95684.94368499152
378 8 93 256 896.8595207723448 229596.03731772027
379 9 99 324 985.0375627355537 319152.1703263194
380 7 139 196 1638.785831034672 321202.0228827957
381 11 105 484 1075.929830425758 520750.03792606684
382 10 140 400 1656.5023392678925 662600.935707157
383 5 40 100 252.98221281347034 25298.221281347032
384 6 41 144 262.5280937347468 37804.04549780354
385 13 123 676 1364.1359902883582 922155.9294349302
386 8 106 256 1091.336794944622 279382.2195058232
387 10 117 400 1265.5484976878602 506219.3990751441
388 9 104 324 1060.5960588272992 343633.12306004495
389 17 244 1156 3811.4018418424475 4405980.52916987
390 10 113 400 1201.2064768390153 480482.5907356061
391 11 110 484 1153.6897329871667 558385.8307657887
392 12 89 576 839.6243207530378 483623.60875374975
393 11 147 484 1782.2802809883747 862623.6559983733
394 10 152 400 1873.9818569025688 749592.7427610275
395 10 112 400 1185.2965873569365 474118.6349427746
396 12 161 576 2042.8609840123727 1176687.9267911266
397 10 369 400 1298.13674164165 519254.69665665994
398 6 84 144 769.8727167525811 110861.67121237169
399 7 62 196 488.18848818873226 95684.94368499152
1301's generation fitness ratios and roulette cutoffs:
8987742.194789523 107054926.92818992 267637.3173204748 1.056813434338594e-07 1.056813434338594e-07
8987742.194789523 107054926.92818992 267637.3173204748 0.0 1.056813434338594e-07
8987742.194789523 107054926.92818992 267637.3173204748 0.0 1.056813434338594e-07
8987742.194789523 107054926.92818992 267637.3173204748 1.056813434338594e-07 2.113626868677188e-07
8987742.194789523 107054926.92818992 267637.3173204748 0.0 2.113626868677188e-07
8987742.194789523 107054926.92818992 267637.3173204748 0.0 2.113626868677188e-07
8987742.194789523 107054926.92818992 267637.3173204748 0.001265210193527977 0.0012654215562148447
8987742.194789523 107054926.92818992 267637.3173204748 1.542223599447524e-05 0.0012808437922093199
8987742.194789523 107054926.92818992 267637.3173204748 4.953513533939094e-06 0.001285797305743259
8987742.194789523 107054926.92818992 267637.3173204748 3.381802989883501e-06 0.0012891791087331426
8987742.194789523 107054926.92818992 267637.3173204748 0.004193618941265516 0.0054827980499986585
8987742.194789523 107054926.92818992 267637.3173204748 0.0 0.0054827980499986585
8987742.194789523 107054926.92818992 267637.3173204748 0.0 0.0054827980499986585
8987742.194789523 107054926.92818992 267637.3173204748 0.0 0.0054827980499986585
8987742.194789523 107054926.92818992 267637.3173204748 0.00010982727374374802 0.0055926253237424065
8987742.194789523 107054926.92818992 267637.3173204748 0.0 0.0055926253237424065
8987742.194789523 107054926.92818992 267637.3173204748 0.0 0.0055926253237424065
8987742.194789523 107054926.92818992 267637.3173204748 0.0 0.0055926253237424065
8987742.194789523 107054926.92818992 267637.3173204748 1.0088279269243163e-06 0.005593634151669331
8987742.194789523 107054926.92818992 267637.3173204748 0.0001562869504066732 0.005749921102076004
8987742.194789523 107054926.92818992 267637.3173204748 6.087245381790302e-05 0.005810793555893907
8987742.194789523 107054926.92818992 267637.3173204748 4.1774218929684474e-07 0.005811211298083204
8987742.194789523 107054926.92818992 267637.3173204748 0.0029361447646229157 0.00874735606270612
8987742.194789523 107054926.92818992 267637.3173204748 0.0014266118977744593 0.01017396796048058
8987742.194789523 107054926.92818992 267637.3173204748 0.00017832648722180741 0.010352294447702387
8987742.194789523 107054926.92818992 267637.3173204748 0.0009624780041399303 0.011314772451842318
8987742.194789523 107054926.92818992 267637.3173204748 0.0029812002070712697 0.014295972658913587
8987742.194789523 107054926.92818992 267637.3173204748 0.0 0.014295972658913587
8987742.194789523 107054926.92818992 267637.3173204748 0.0001865134099219397 0.014482486068835527
8987742.194789523 107054926.92818992 267637.3173204748 0.0 0.014482486068835527
8987742.194789523 107054926.92818992 267637.3173204748 0.0 0.014482486068835527
8987742.194789523 107054926.92818992 267637.3173204748 0.0006566642406503398 0.015139150309485866
8987742.194789523 107054926.92818992 267637.3173204748 0.0 0.015139150309485866
8987742.194789523 107054926.92818992 267637.3173204748 0.00043581366443130464 0.015574963973917172
8987742.194789523 107054926.92818992 267637.3173204748 0.0 0.015574963973917172
8987742.194789523 107054926.92818992 267637.3173204748 0.0008242806058626867 0.01639924457977986
8987742.194789523 107054926.92818992 267637.3173204748 0.0 0.01639924457977986
8987742.194789523 107054926.92818992 267637.3173204748 0.0 0.01639924457977986
8987742.194789523 107054926.92818992 267637.3173204748 0.00014560296710545759 0.016544847546885316
8987742.194789523 107054926.92818992 267637.3173204748 1.5531922004687098e-06 0.016546400739085785
8987742.194789523 107054926.92818992 267637.3173204748 1.056813434338594e-07 0.016546506420429218
8987742.194789523 107054926.92818992 267637.3173204748 1.86819986467466e-05 0.016565188419075966
8987742.194789523 107054926.92818992 267637.3173204748 0.00023722691128649572 0.01680241533036246
8987742.194789523 107054926.92818992 267637.3173204748 0.0001345475830496625 0.016936962913412124
8987742.194789523 107054926.92818992 267637.3173204748 0.0 0.016936962913412124
8987742.194789523 107054926.92818992 267637.3173204748 2.9891197834794557e-07 0.01693726182539047
8987742.194789523 107054926.92818992 267637.3173204748 0.0 0.01693726182539047
8987742.194789523 107054926.92818992 267637.3173204748 0.0 0.01693726182539047
8987742.194789523 107054926.92818992 267637.3173204748 0.0018583669477366383 0.01879562877312711
8987742.194789523 107054926.92818992 267637.3173204748 0.005953712093618922 0.02474934086674603
8987742.194789523 107054926.92818992 267637.3173204748 0.0 0.02474934086674603
8987742.194789523 107054926.92818992 267637.3173204748 1.6485612117253734e-05 0.024765826478863284
8987742.194789523 107054926.92818992 267637.3173204748 0.0 0.024765826478863284
8987742.194789523 107054926.92818992 267637.3173204748 0.0 0.024765826478863284
8987742.194789523 107054926.92818992 267637.3173204748 8.454507474708752e-07 0.024766671929610753
8987742.194789523 107054926.92818992 267637.3173204748 0.0 0.024766671929610753
8987742.194789523 107054926.92818992 267637.3173204748 0.0021793404831730134 0.026946012412783767
8987742.194789523 107054926.92818992 267637.3173204748 1.86819986467466e-05 0.026964694411430516
8987742.194789523 107054926.92818992 267637.3173204748 2.7054423919068006e-05 0.026991748835349584
8987742.194789523 107054926.92818992 267637.3173204748 0.00041965517232436437 0.02741140400767395
8987742.194789523 107054926.92818992 267637.3173204748 0.0 0.02741140400767395
8987742.194789523 107054926.92818992 267637.3173204748 2.9891197834794557e-07 0.027411702919652295
8987742.194789523 107054926.92818992 267637.3173204748 0.0 0.027411702919652295
8987742.194789523 107054926.92818992 267637.3173204748 0.0008786181899499842 0.02829032110960228
8987742.194789523 107054926.92818992 267637.3173204748 4.953513533939094e-06 0.02829527462313622
8987742.194789523 107054926.92818992 267637.3173204748 0.000519002723828475 0.028814277346964692
8987742.194789523 107054926.92818992 267637.3173204748 0.0 0.028814277346964692
8987742.194789523 107054926.92818992 267637.3173204748 0.00030098172542304783 0.02911525907238774
8987742.194789523 107054926.92818992 267637.3173204748 0.0 0.02911525907238774
8987742.194789523 107054926.92818992 267637.3173204748 3.341937514374758e-06 0.029118601009902115
8987742.194789523 107054926.92818992 267637.3173204748 0.0 0.029118601009902115
8987742.194789523 107054926.92818992 267637.3173204748 0.0 0.029118601009902115
8987742.194789523 107054926.92818992 267637.3173204748 0.0018308358673811665 0.03094943687728328
8987742.194789523 107054926.92818992 267637.3173204748 0.0 0.03094943687728328
8987742.194789523 107054926.92818992 267637.3173204748 5.835127215084865e-06 0.030955272004498366
8987742.194789523 107054926.92818992 267637.3173204748 0.006827017580002203 0.03778228958450057
8987742.194789523 107054926.92818992 267637.3173204748 0.0 0.03778228958450057
8987742.194789523 107054926.92818992 267637.3173204748 0.00021023059851509767 0.03799252018301567
8987742.194789523 107054926.92818992 267637.3173204748 0.0 0.03799252018301567
8987742.194789523 107054926.92818992 267637.3173204748 8.454507474708752e-07 0.03799336563376314
8987742.194789523 107054926.92818992 267637.3173204748 0.0 0.03799336563376314
8987742.194789523 107054926.92818992 267637.3173204748 0.0 0.03799336563376314
8987742.194789523 107054926.92818992 267637.3173204748 1.7572363798999684e-05 0.03801093799756214
8987742.194789523 107054926.92818992 267637.3173204748 0.0017346505051931136 0.03974558850275525
8987742.194789523 107054926.92818992 267637.3173204748 0.0 0.03974558850275525
8987742.194789523 107054926.92818992 267637.3173204748 0.0 0.03974558850275525
8987742.194789523 107054926.92818992 267637.3173204748 0.011484694288417743 0.051230282791173
8987742.194789523 107054926.92818992 267637.3173204748 0.0 0.051230282791173
8987742.194789523 107054926.92818992 267637.3173204748 9.565183307134258e-06 0.051239847974480134
8987742.194789523 107054926.92818992 267637.3173204748 0.0 0.051239847974480134
8987742.194789523 107054926.92818992 267637.3173204748 0.0 0.051239847974480134
8987742.194789523 107054926.92818992 267637.3173204748 0.0 0.051239847974480134
8987742.194789523 107054926.92818992 267637.3173204748 0.0 0.051239847974480134
8987742.194789523 107054926.92818992 267637.3173204748 0.00012247603142636945 0.051362324005906505
8987742.194789523 107054926.92818992 267637.3173204748 0.0 0.051362324005906505
8987742.194789523 107054926.92818992 267637.3173204748 1.056813434338594e-07 0.05136242968724994
8987742.194789523 107054926.92818992 267637.3173204748 0.0 0.05136242968724994
8987742.194789523 107054926.92818992 267637.3173204748 0.0 0.05136242968724994
8987742.194789523 107054926.92818992 267637.3173204748 2.853396272714204e-06 0.05136528308352265
8987742.194789523 107054926.92818992 267637.3173204748 0.0 0.05136528308352265
8987742.194789523 107054926.92818992 267637.3173204748 3.3636895762415626e-05 0.051398919979285064
8987742.194789523 107054926.92818992 267637.3173204748 1.0088279269243163e-06 0.05139992880721199
8987742.194789523 107054926.92818992 267637.3173204748 0.0 0.05139992880721199
8987742.194789523 107054926.92818992 267637.3173204748 0.0 0.05139992880721199
8987742.194789523 107054926.92818992 267637.3173204748 1.5531922004687098e-06 0.05140148199941246
8987742.194789523 107054926.92818992 267637.3173204748 0.003709287563940706 0.05511076956335317
8987742.194789523 107054926.92818992 267637.3173204748 0.0 0.05511076956335317
8987742.194789523 107054926.92818992 267637.3173204748 2.9891197834794557e-07 0.055111068475331516
8987742.194789523 107054926.92818992 267637.3173204748 3.7363997293493196e-08 0.05511110583932881
8987742.194789523 107054926.92818992 267637.3173204748 7.87718846580333e-05 0.05518987772398684
8987742.194789523 107054926.92818992 267637.3173204748 0.018306266170384774 0.07349614389437162
8987742.194789523 107054926.92818992 267637.3173204748 0.012573759993574317 0.08606990388794594
8987742.194789523 107054926.92818992 267637.3173204748 1.5531922004687098e-06 0.08607145708014641
8987742.194789523 107054926.92818992 267637.3173204748 2.4558124987449838e-05 0.08609601520513385
8987742.194789523 107054926.92818992 267637.3173204748 0.0 0.08609601520513385
8987742.194789523 107054926.92818992 267637.3173204748 6.91990913781114e-07 0.08609670719604763
8987742.194789523 107054926.92818992 267637.3173204748 0.0 0.08609670719604763
8987742.194789523 107054926.92818992 267637.3173204748 1.0088279269243163e-06 0.08609771602397455
8987742.194789523 107054926.92818992 267637.3173204748 0.0 0.08609771602397455
8987742.194789523 107054926.92818992 267637.3173204748 0.0 0.08609771602397455
8987742.194789523 107054926.92818992 267637.3173204748 0.0 0.08609771602397455
8987742.194789523 107054926.92818992 267637.3173204748 0.0 0.08609771602397455
8987742.194789523 107054926.92818992 267637.3173204748 0.0015372143215602108 0.08763493034553475
8987742.194789523 107054926.92818992 267637.3173204748 4.815707606768765e-05 0.08768308742160244
8987742.194789523 107054926.92818992 267637.3173204748 0.0 0.08768308742160244
8987742.194789523 107054926.92818992 267637.3173204748 0.0 0.08768308742160244
8987742.194789523 107054926.92818992 267637.3173204748 5.452583826376351e-06 0.08768854000542882
8987742.194789523 107054926.92818992 267637.3173204748 0.0 0.08768854000542882
8987742.194789523 107054926.92818992 267637.3173204748 6.212768801874839e-06 0.0876947527742307
8987742.194789523 107054926.92818992 267637.3173204748 0.0 0.0876947527742307
8987742.194789523 107054926.92818992 267637.3173204748 0.0029106540039609396 0.09060540677819164
8987742.194789523 107054926.92818992 267637.3173204748 0.0 0.09060540677819164
8987742.194789523 107054926.92818992 267637.3173204748 0.0 0.09060540677819164
8987742.194789523 107054926.92818992 267637.3173204748 0.0023912958267835647 0.0929967026049752
8987742.194789523 107054926.92818992 267637.3173204748 5.452583826376351e-06 0.09300215518880157
8987742.194789523 107054926.92818992 267637.3173204748 4.1774218929684474e-07 0.09300257293099087
8987742.194789523 107054926.92818992 267637.3173204748 0.00014003890605872587 0.0931426118370496
8987742.194789523 107054926.92818992 267637.3173204748 0.00442874184819913 0.09757135368524873
8987742.194789523 107054926.92818992 267637.3173204748 0.0 0.09757135368524873
8987742.194789523 107054926.92818992 267637.3173204748 8.454507474708752e-07 0.0975721991359962
8987742.194789523 107054926.92818992 267637.3173204748 0.0 0.0975721991359962
8987742.194789523 107054926.92818992 267637.3173204748 0.007087216010738722 0.10465941514673492
8987742.194789523 107054926.92818992 267637.3173204748 0.004077670505260039 0.10873708565199496
8987742.194789523 107054926.92818992 267637.3173204748 0.011890268663994662 0.12062735431598962
8987742.194789523 107054926.92818992 267637.3173204748 0.0 0.12062735431598962
8987742.194789523 107054926.92818992 267637.3173204748 0.0 0.12062735431598962
8987742.194789523 107054926.92818992 267637.3173204748 0.0 0.12062735431598962
8987742.194789523 107054926.92818992 267637.3173204748 1.3367750057499032e-05 0.12064072206604712
8987742.194789523 107054926.92818992 267637.3173204748 9.565183307134258e-06 0.12065028724935425
8987742.194789523 107054926.92818992 267637.3173204748 0.0 0.12065028724935425
8987742.194789523 107054926.92818992 267637.3173204748 4.2034496955179845e-05 0.12069232174630944
8987742.194789523 107054926.92818992 267637.3173204748 0.00016856833530869638 0.12086089008161813
8987742.194789523 107054926.92818992 267637.3173204748 2.785006690426996e-05 0.1208887401485224
8987742.194789523 107054926.92818992 267637.3173204748 0.0 0.1208887401485224
8987742.194789523 107054926.92818992 267637.3173204748 0.0 0.1208887401485224
8987742.194789523 107054926.92818992 267637.3173204748 1.9414902505858872e-07 0.12088893429754746
8987742.194789523 107054926.92818992 267637.3173204748 0.0 0.12088893429754746
8987742.194789523 107054926.92818992 267637.3173204748 2.1965454748749605e-06 0.12089113084302233
8987742.194789523 107054926.92818992 267637.3173204748 8.454507474708752e-07 0.1208919762937698
8987742.194789523 107054926.92818992 267637.3173204748 7.568301546543515e-05 0.12096765930923524
8987742.194789523 107054926.92818992 267637.3173204748 1.9414902505858872e-07 0.1209678534582603
8987742.194789523 107054926.92818992 267637.3173204748 0.0 0.1209678534582603
8987742.194789523 107054926.92818992 267637.3173204748 0.0 0.1209678534582603
8987742.194789523 107054926.92818992 267637.3173204748 0.0001118298384337471 0.12107968329669405
8987742.194789523 107054926.92818992 267637.3173204748 0.0 0.12107968329669405
8987742.194789523 107054926.92818992 267637.3173204748 0.0004782591653567129 0.12155794246205076
8987742.194789523 107054926.92818992 267637.3173204748 1.0475788105672808e-05 0.12156841825015643
8987742.194789523 107054926.92818992 267637.3173204748 0.016855107880079195 0.13842352613023562
8987742.194789523 107054926.92818992 267637.3173204748 0.0011654589774917875 0.1395889851077274
8987742.194789523 107054926.92818992 267637.3173204748 0.0 0.1395889851077274
8987742.194789523 107054926.92818992 267637.3173204748 0.0 0.1395889851077274
8987742.194789523 107054926.92818992 267637.3173204748 8.857483696398259e-05 0.1396775599446914
8987742.194789523 107054926.92818992 267637.3173204748 0.0 0.1396775599446914
8987742.194789523 107054926.92818992 267637.3173204748 0.0 0.1396775599446914
8987742.194789523 107054926.92818992 267637.3173204748 2.9891197834794557e-07 0.13967785885666972
8987742.194789523 107054926.92818992 267637.3173204748 0.002499707210746646 0.14217756606741638
8987742.194789523 107054926.92818992 267637.3173204748 1.1413585090856816e-05 0.14218897965250724
8987742.194789523 107054926.92818992 267637.3173204748 7.005326021095347e-06 0.14219598497852834
8987742.194789523 107054926.92818992 267637.3173204748 0.0 0.14219598497852834
8987742.194789523 107054926.92818992 267637.3173204748 0.0 0.14219598497852834
8987742.194789523 107054926.92818992 267637.3173204748 4.1774218929684474e-07 0.14219640272071762
8987742.194789523 107054926.92818992 267637.3173204748 0.0 0.14219640272071762
8987742.194789523 107054926.92818992 267637.3173204748 0.0 0.14219640272071762
8987742.194789523 107054926.92818992 267637.3173204748 0.00010318483056146004 0.14229958755127908
8987742.194789523 107054926.92818992 267637.3173204748 0.00014092170268438118 0.14244050925396345
8987742.194789523 107054926.92818992 267637.3173204748 0.0 0.14244050925396345
8987742.194789523 107054926.92818992 267637.3173204748 0.018534071246246987 0.16097458050021043
8987742.194789523 107054926.92818992 267637.3173204748 2.1706520889815724e-06 0.16097675115229942
8987742.194789523 107054926.92818992 267637.3173204748 6.374802748373206e-05 0.16104049917978316
8987742.194789523 107054926.92818992 267637.3173204748 0.0 0.16104049917978316
8987742.194789523 107054926.92818992 267637.3173204748 4.1774218929684474e-07 0.16104091692197245
8987742.194789523 107054926.92818992 267637.3173204748 0.000959443592747686 0.16200036051472014
8987742.194789523 107054926.92818992 267637.3173204748 0.0 0.16200036051472014
8987742.194789523 107054926.92818992 267637.3173204748 3.0944518782522175e-06 0.1620034549665984
8987742.194789523 107054926.92818992 267637.3173204748 4.2034496955179845e-05 0.16204548946355357
8987742.194789523 107054926.92818992 267637.3173204748 0.0 0.16204548946355357
8987742.194789523 107054926.92818992 267637.3173204748 4.982334579224021e-05 0.1620953128093458
8987742.194789523 107054926.92818992 267637.3173204748 0.0 0.1620953128093458
8987742.194789523 107054926.92818992 267637.3173204748 0.0 0.1620953128093458
8987742.194789523 107054926.92818992 267637.3173204748 1.1956479133917823e-06 0.1620965084572592
8987742.194789523 107054926.92818992 267637.3173204748 7.005326021095347e-06 0.1621035137832803
8987742.194789523 107054926.92818992 267637.3173204748 0.0004019810906032337 0.16250549487388355
8987742.194789523 107054926.92818992 267637.3173204748 0.001035558795782797 0.16354105366966634
8987742.194789523 107054926.92818992 267637.3173204748 0.0025361989293768163 0.16607725259904316
8987742.194789523 107054926.92818992 267637.3173204748 1.86819986467466e-05 0.1660959345976899
8987742.194789523 107054926.92818992 267637.3173204748 0.0007449738311881684 0.16684090842887805
8987742.194789523 107054926.92818992 267637.3173204748 1.5761983547464532e-05 0.16685667041242552
8987742.194789523 107054926.92818992 267637.3173204748 0.0065902558213385195 0.17344692623376404
8987742.194789523 107054926.92818992 267637.3173204748 3.85555899861881e-06 0.17345078179276266
8987742.194789523 107054926.92818992 267637.3173204748 0.00020505361714669065 0.17365583540990934
8987742.194789523 107054926.92818992 267637.3173204748 0.0017241650749085702 0.17538000048481792
8987742.194789523 107054926.92818992 267637.3173204748 0.00014003890605872587 0.17552003939087665
8987742.194789523 107054926.92818992 267637.3173204748 2.9891197834794557e-07 0.175520338302855
8987742.194789523 107054926.92818992 267637.3173204748 1.9414902505858872e-07 0.17552053245188004
8987742.194789523 107054926.92818992 267637.3173204748 0.010886758349010617 0.18640729080089066
8987742.194789523 107054926.92818992 267637.3173204748 0.001615589987490866 0.18802288078838153
8987742.194789523 107054926.92818992 267637.3173204748 1.0475788105672808e-05 0.1880333565764872
8987742.194789523 107054926.92818992 267637.3173204748 0.001359471760115892 0.1893928283366031
8987742.194789523 107054926.92818992 267637.3173204748 0.0 0.1893928283366031
8987742.194789523 107054926.92818992 267637.3173204748 1.056813434338594e-07 0.18939293401794652
8987742.194789523 107054926.92818992 267637.3173204748 6.212768801874839e-06 0.1893991467867484
8987742.194789523 107054926.92818992 267637.3173204748 0.0006809588506739135 0.1900801056374223
8987742.194789523 107054926.92818992 267637.3173204748 0.011254236535571211 0.2013343421729935
8987742.194789523 107054926.92818992 267637.3173204748 8.454507474708752e-07 0.20133518762374097
8987742.194789523 107054926.92818992 267637.3173204748 0.029525488288908795 0.23086067591264978
8987742.194789523 107054926.92818992 267637.3173204748 0.0 0.23086067591264978
8987742.194789523 107054926.92818992 267637.3173204748 0.024223609957836584 0.25508428587048637
8987742.194789523 107054926.92818992 267637.3173204748 1.1413585090856816e-05 0.25509569945557725
8987742.194789523 107054926.92818992 267637.3173204748 0.0 0.25509569945557725
8987742.194789523 107054926.92818992 267637.3173204748 3.228249366157812e-05 0.2551279819492388
8987742.194789523 107054926.92818992 267637.3173204748 0.0 0.2551279819492388
8987742.194789523 107054926.92818992 267637.3173204748 0.00027262919131881754 0.2554006111405576
8987742.194789523 107054926.92818992 267637.3173204748 4.393090949749921e-06 0.25540500423150736
8987742.194789523 107054926.92818992 267637.3173204748 0.02075957626754187 0.27616458049904924
8987742.194789523 107054926.92818992 267637.3173204748 3.70926272638209e-05 0.27620167312631305
8987742.194789523 107054926.92818992 267637.3173204748 2.096809470632758e-05 0.27622264122101936
8987742.194789523 107054926.92818992 267637.3173204748 0.007284991750285913 0.28350763297130527
8987742.194789523 107054926.92818992 267637.3173204748 8.454507474708752e-07 0.28350847842205273
8987742.194789523 107054926.92818992 267637.3173204748 0.0 0.28350847842205273
8987742.194789523 107054926.92818992 267637.3173204748 5.525578122176214e-05 0.2835637342032745
8987742.194789523 107054926.92818992 267637.3173204748 6.087245381790302e-05 0.28362460665709244
8987742.194789523 107054926.92818992 267637.3173204748 1.9814054135756377e-05 0.2836444207112282
8987742.194789523 107054926.92818992 267637.3173204748 2.963000323117848e-05 0.2836740507144594
8987742.194789523 107054926.92818992 267637.3173204748 0.0005788527704686566 0.28425290348492804
8987742.194789523 107054926.92818992 267637.3173204748 5.452583826376351e-06 0.28425835606875444
8987742.194789523 107054926.92818992 267637.3173204748 2.096809470632758e-05 0.28427932416346074
8987742.194789523 107054926.92818992 267637.3173204748 0.005067188026461551 0.2893465121899223
8987742.194789523 107054926.92818992 267637.3173204748 1.1413585090856816e-05 0.2893579257750132
8987742.194789523 107054926.92818992 267637.3173204748 6.087245381790302e-05 0.2894187982288311
8987742.194789523 107054926.92818992 267637.3173204748 0.0002914272030030308 0.2897102254318341
8987742.194789523 107054926.92818992 267637.3173204748 0.0020758472565317655 0.29178607268836587
8987742.194789523 107054926.92818992 267637.3173204748 2.833245665943647e-05 0.2918144051450253
8987742.194789523 107054926.92818992 267637.3173204748 0.0002241704326750511 0.29203857557770035
8987742.194789523 107054926.92818992 267637.3173204748 0.006795677093738309 0.29883425267143865
8987742.194789523 107054926.92818992 267637.3173204748 1.056813434338594e-07 0.2988343583527821
8987742.194789523 107054926.92818992 267637.3173204748 0.006548971508912113 0.3053833298616942
8987742.194789523 107054926.92818992 267637.3173204748 0.0025586709094431743 0.30794200077113737
8987742.194789523 107054926.92818992 267637.3173204748 6.227918224030027e-06 0.3079482286893614
8987742.194789523 107054926.92818992 267637.3173204748 9.336203544135783e-05 0.30804159072480275
8987742.194789523 107054926.92818992 267637.3173204748 2.096809470632758e-05 0.30806255881950906
8987742.194789523 107054926.92818992 267637.3173204748 0.0004197724688009129 0.30848233128831
8987742.194789523 107054926.92818992 267637.3173204748 0.0015222321338668246 0.3100045634221768
8987742.194789523 107054926.92818992 267637.3173204748 0.0 0.3100045634221768
8987742.194789523 107054926.92818992 267637.3173204748 4.1774218929684474e-07 0.3100049811643661
8987742.194789523 107054926.92818992 267637.3173204748 0.008472353816552914 0.318477334980919
8987742.194789523 107054926.92818992 267637.3173204748 0.0 0.318477334980919
8987742.194789523 107054926.92818992 267637.3173204748 0.00014853808882341654 0.31862587306974244
8987742.194789523 107054926.92818992 267637.3173204748 1.4382761052538847e-05 0.31864025583079497
8987742.194789523 107054926.92818992 267637.3173204748 0.0004895120371161664 0.31912976786791114
8987742.194789523 107054926.92818992 267637.3173204748 0.00045601683378495824 0.3195857847016961
8987742.194789523 107054926.92818992 267637.3173204748 0.002110158351008478 0.32169594305270455
8987742.194789523 107054926.92818992 267637.3173204748 0.0 0.32169594305270455
8987742.194789523 107054926.92818992 267637.3173204748 4.717821308923705e-05 0.3217431212657938
8987742.194789523 107054926.92818992 267637.3173204748 0.0006095844081764307 0.32235270567397023
8987742.194789523 107054926.92818992 267637.3173204748 4.726213357432213e-06 0.3223574318873277
8987742.194789523 107054926.92818992 267637.3173204748 0.016407134670683693 0.33876456655801135
8987742.194789523 107054926.92818992 267637.3173204748 0.0036354319195126966 0.34239999847752406
8987742.194789523 107054926.92818992 267637.3173204748 0.00011852001292471392 0.3425185184904488
8987742.194789523 107054926.92818992 267637.3173204748 0.00024384696177586862 0.34276236545222466
8987742.194789523 107054926.92818992 267637.3173204748 0.0046078686681091975 0.34737023412033385
8987742.194789523 107054926.92818992 267637.3173204748 0.0014609388916296724 0.34883117301196354
8987742.194789523 107054926.92818992 267637.3173204748 0.0006095844081764307 0.34944075742013997
8987742.194789523 107054926.92818992 267637.3173204748 0.0008912021409366387 0.3503319595610766
8987742.194789523 107054926.92818992 267637.3173204748 0.006207330248764327 0.35653928980984095
8987742.194789523 107054926.92818992 267637.3173204748 0.0037363997293493197 0.36027568953919026
8987742.194789523 107054926.92818992 267637.3173204748 0.0043695609352051605 0.36464525047439544
8987742.194789523 107054926.92818992 267637.3173204748 0.08395449376018259 0.44859974423457805
8987742.194789523 107054926.92818992 267637.3173204748 0.00025425369681089964 0.44885399793138897
8987742.194789523 107054926.92818992 267637.3173204748 0.004933981311364648 0.4537879792427536
8987742.194789523 107054926.92818992 267637.3173204748 0.005221777366210559 0.45900975660896415
8987742.194789523 107054926.92818992 267637.3173204748 2.7054423919068006e-05 0.45903681103288324
8987742.194789523 107054926.92818992 267637.3173204748 0.0 0.45903681103288324
8987742.194789523 107054926.92818992 267637.3173204748 6.087245381790302e-05 0.45909768348670116
8987742.194789523 107054926.92818992 267637.3173204748 0.005575521088412129 0.4646732045751133
8987742.194789523 107054926.92818992 267637.3173204748 0.0026272441840480155 0.4673004487591613
8987742.194789523 107054926.92818992 267637.3173204748 0.0010040645086080995 0.46830451326776945
8987742.194789523 107054926.92818992 267637.3173204748 0.0 0.46830451326776945
8987742.194789523 107054926.92818992 267637.3173204748 5.491363687187401e-07 0.46830506240413816
8987742.194789523 107054926.92818992 267637.3173204748 0.0008454507474708751 0.46915051315160905
8987742.194789523 107054926.92818992 267637.3173204748 0.00015694558374033612 0.4693074587353494
8987742.194789523 107054926.92818992 267637.3173204748 0.001261221356164098 0.4705686800915135
8987742.194789523 107054926.92818992 267637.3173204748 0.00872236896149846 0.47929104905301195
8987742.194789523 107054926.92818992 267637.3173204748 0.0017432546577252185 0.4810343037107372
8987742.194789523 107054926.92818992 267637.3173204748 0.0022353259249686614 0.48326962963570586
8987742.194789523 107054926.92818992 267637.3173204748 0.000959443592747686 0.48422907322845354
8987742.194789523 107054926.92818992 267637.3173204748 0.0 0.48422907322845354
8987742.194789523 107054926.92818992 267637.3173204748 0.0014914805565146697 0.4857205537849682
8987742.194789523 107054926.92818992 267637.3173204748 0.0 0.4857205537849682
8987742.194789523 107054926.92818992 267637.3173204748 0.011872113308706238 0.49759266709367445
8987742.194789523 107054926.92818992 267637.3173204748 0.004800060523450914 0.5023927276171254
8987742.194789523 107054926.92818992 267637.3173204748 2.5680566454427836e-05 0.5024184081835799
8987742.194789523 107054926.92818992 267637.3173204748 0.0010266272343559353 0.5034450354179358
8987742.194789523 107054926.92818992 267637.3173204748 0.0003150875386321332 0.503760122956568
8987742.194789523 107054926.92818992 267637.3173204748 0.00018046462577623693 0.5039405875823443
8987742.194789523 107054926.92818992 267637.3173204748 0.0008217781265416908 0.504762365708886
8987742.194789523 107054926.92818992 267637.3173204748 0.005449177113511332 0.5102115428223973
8987742.194789523 107054926.92818992 267637.3173204748 0.012669973997560598 0.522881516819958
8987742.194789523 107054926.92818992 267637.3173204748 0.01038277329220001 0.533264290112158
8987742.194789523 107054926.92818992 267637.3173204748 0.0009373879640991573 0.5342016780762572
8987742.194789523 107054926.92818992 267637.3173204748 0.004906332540842884 0.5391080106171
8987742.194789523 107054926.92818992 267637.3173204748 0.005871845527574457 0.5449798561446745
8987742.194789523 107054926.92818992 267637.3173204748 0.0 0.5449798561446745
8987742.194789523 107054926.92818992 267637.3173204748 9.81465088747743e-05 0.5450780026535492
8987742.194789523 107054926.92818992 267637.3173204748 9.336203544135783e-05 0.5451713646889906
8987742.194789523 107054926.92818992 267637.3173204748 0.0012370450042281024 0.5464084096932187
8987742.194789523 107054926.92818992 267637.3173204748 0.014091143104890819 0.5604995527981095
8987742.194789523 107054926.92818992 267637.3173204748 0.0022492625662719596 0.5627488153643815
8987742.194789523 107054926.92818992 267637.3173204748 0.00032039627679170417 0.5630692116411732
8987742.194789523 107054926.92818992 267637.3173204748 0.001722091652301969 0.5647913032934752
8987742.194789523 107054926.92818992 267637.3173204748 0.002007790134282724 0.5667990934277579
8987742.194789523 107054926.92818992 267637.3173204748 0.0005588314812421653 0.567357924909
8987742.194789523 107054926.92818992 267637.3173204748 0.004642114114588155 0.5720000390235882
8987742.194789523 107054926.92818992 267637.3173204748 0.016538089148941452 0.5885381281725297
8987742.194789523 107054926.92818992 267637.3173204748 0.00014092170268438118 0.5886790498752141
8987742.194789523 107054926.92818992 267637.3173204748 0.00014003890605872587 0.5888190887812729
8987742.194789523 107054926.92818992 267637.3173204748 0.0 0.5888190887812729
8987742.194789523 107054926.92818992 267637.3173204748 0.00018518752019486552 0.5890042763014678
8987742.194789523 107054926.92818992 267637.3173204748 0.00638936043517381 0.5953936367366416
8987742.194789523 107054926.92818992 267637.3173204748 0.001524043511099179 0.5969176802477407
8987742.194789523 107054926.92818992 267637.3173204748 0.012654737515338623 0.6095724177630794
8987742.194789523 107054926.92818992 267637.3173204748 0.004795001100853044 0.6143674188639324
8987742.194789523 107054926.92818992 267637.3173204748 4.190315242269123e-05 0.6144093220163551
8987742.194789523 107054926.92818992 267637.3173204748 0.0003302541982308106 0.614739576214586
8987742.194789523 107054926.92818992 267637.3173204748 4.035311707697265e-06 0.6147436115262936
8987742.194789523 107054926.92818992 267637.3173204748 0.014244024333584843 0.6289876358598785
8987742.194789523 107054926.92818992 267637.3173204748 0.000804717332988718 0.6297923531928672
8987742.194789523 107054926.92818992 267637.3173204748 0.023292234808150836 0.653084588001018
8987742.194789523 107054926.92818992 267637.3173204748 0.0001371639159989261 0.6532217519170169
8987742.194789523 107054926.92818992 267637.3173204748 0.00027262919131881754 0.6534943811083357
8987742.194789523 107054926.92818992 267637.3173204748 0.006017509128114373 0.6595118902364501
8987742.194789523 107054926.92818992 267637.3173204748 0.01038277329220001 0.6698946635286501
8987742.194789523 107054926.92818992 267637.3173204748 0.0001512388274378308 0.670045902356088
8987742.194789523 107054926.92818992 267637.3173204748 0.002165575509314843 0.6722114778654028
8987742.194789523 107054926.92818992 267637.3173204748 0.025583784731990685 0.6977952625973934
8987742.194789523 107054926.92818992 267637.3173204748 0.001033877317062491 0.6988291399144559
8987742.194789523 107054926.92818992 267637.3173204748 0.002623577930005706 0.7014527178444616
8987742.194789523 107054926.92818992 267637.3173204748 0.0263182198251543 0.7277709376696159
8987742.194789523 107054926.92818992 267637.3173204748 0.011359693164568412 0.7391306308341843
8987742.194789523 107054926.92818992 267637.3173204748 0.004077670505260039 0.7432083013394444
8987742.194789523 107054926.92818992 267637.3173204748 0.003924648719380369 0.7471329500588247
8987742.194789523 107054926.92818992 267637.3173204748 0.005943066246962861 0.7530760163057876
8987742.194789523 107054926.92818992 267637.3173204748 0.008222769283423354 0.7612987855892109
8987742.194789523 107054926.92818992 267637.3173204748 0.009756934937674024 0.771055720526885
8987742.194789523 107054926.92818992 267637.3173204748 0.00887326261969227 0.7799289831465772
8987742.194789523 107054926.92818992 267637.3173204748 0.0034186594512075003 0.7833476425977847
8987742.194789523 107054926.92818992 267637.3173204748 0.0058689329018552045 0.7892165754996399
8987742.194789523 107054926.92818992 267637.3173204748 0.0 0.7892165754996399
8987742.194789523 107054926.92818992 267637.3173204748 0.026382211442819575 0.8155987869424595
8987742.194789523 107054926.92818992 267637.3173204748 0.010488972494788758 0.8260877594372482
8987742.194789523 107054926.92818992 267637.3173204748 0.0 0.8260877594372482
8987742.194789523 107054926.92818992 267637.3173204748 0.011747120089661105 0.8378348795269093
8987742.194789523 107054926.92818992 267637.3173204748 0.002623577930005706 0.8404584574569149
8987742.194789523 107054926.92818992 267637.3173204748 0.0037959782226282754 0.8442544356795432
8987742.194789523 107054926.92818992 267637.3173204748 0.014821405088907419 0.8590758407684506
8987742.194789523 107054926.92818992 267637.3173204748 0.0028467229354379483 0.8619225637038885
8987742.194789523 107054926.92818992 267637.3173204748 0.005284563850664294 0.8672071275545529
8987742.194789523 107054926.92818992 267637.3173204748 0.0003302541982308106 0.8675373817527837
8987742.194789523 107054926.92818992 267637.3173204748 0.000893792994218518 0.8684311747470023
8987742.194789523 107054926.92818992 267637.3173204748 0.002144656429234016 0.8705758311762363
8987742.194789523 107054926.92818992 267637.3173204748 0.0029812002070712697 0.8735570313833075
8987742.194789523 107054926.92818992 267637.3173204748 0.0030003478784143296 0.8765573792617218
8987742.194789523 107054926.92818992 267637.3173204748 0.00486432575191401 0.8814217050136358
8987742.194789523 107054926.92818992 267637.3173204748 0.006189354892107068 0.8876110599057428
8987742.194789523 107054926.92818992 267637.3173204748 0.00023631066787161063 0.8878473705736145
8987742.194789523 107054926.92818992 267637.3173204748 0.0003531275634157563 0.8882004981370303
8987742.194789523 107054926.92818992 267637.3173204748 0.008613857912896358 0.8968143560499267
8987742.194789523 107054926.92818992 267637.3173204748 0.002609709123366425 0.8994240651732931
8987742.194789523 107054926.92818992 267637.3173204748 0.004728595064239359 0.9041526602375325
8987742.194789523 107054926.92818992 267637.3173204748 0.0032098767699925337 0.907362537007525
8987742.194789523 107054926.92818992 267637.3173204748 0.041156261141771684 0.9485187981492967
8987742.194789523 107054926.92818992 267637.3173204748 0.004488187554953946 0.9530069857042507
8987742.194789523 107054926.92818992 267637.3173204748 0.00521588166736447 0.9582228673716151
8987742.194789523 107054926.92818992 267637.3173204748 0.00451752780213613 0.9627403951737512
8987742.194789523 107054926.92818992 267637.3173204748 0.008057766987006606 0.9707981621607578
8987742.194789523 107054926.92818992 267637.3173204748 0.007001945302936294 0.9778001074636941
8987742.194789523 107054926.92818992 267637.3173204748 0.00442874184819913 0.9822288493118931
8987742.194789523 107054926.92818992 267637.3173204748 0.010991441127977444 0.9932202904398706
8987742.194789523 107054926.92818992 267637.3173204748 0.004850357770128268 0.9980706482099989
8987742.194789523 107054926.92818992 267637.3173204748 0.001035558795782797 0.9991062070057817
8987742.194789523 107054926.92818992 267637.3173204748 0.000893792994218518 1.0000000000000002
1301's generation extracting best parents:
0
0
0
0
0
0
135446.9848169386
0
0
0
448947.569321853
0
0
0
11757.550765359256
0
0
0
0
16731.28805561604
0
0
314328.7632272936
152725.83247113109
19090.729058891386
103038.01240319031
319152.1703263194
0
19967.17947032079
0
0
70299.14229917745
0
46656.0
0
88243.30002895404
0
0
15587.515004002402
0
0
0
25396.30965317599
14403.981671746184
0
0
0
0
198947.33779570914
637374.2131338543
0
0
0
0
0
0
233309.13617773307
0
0
44926.153808221774
0
0
0
94060.40612287405
0
55561.79867498892
0
32221.576621884906
0
0
0
0
196000.0
0
0
730865.8681646038
0
22506.221362103413
0
0
0
0
0
185702.8830793965
0
0
1229493.1078391615
0
0
0
0
0
0
13111.662594804673
0
0
0
0
0
0
0
0
0
0
0
397097.5091133159
0
0
0
8432.91835606156
1959775.9871985372
1346082.9573246962
0
0
0
0
0
0
0
0
0
0
164566.3668675954
0
0
0
0
0
0
0
311599.8517072818
0
0
256000.0
0
0
14991.85485522055
474118.6349427746
0
0
0
758721.3921539315
436534.7179778488
1272911.842980495
0
0
0
0
0
0
0
18046.070818879107
0
0
0
0
0
0
0
8102.239690357228
0
0
0
11971.93518191608
0
51200.0
0
1804422.342468636
124768.12567318625
0
0
9482.372698855492
0
0
0
267605.97278835165
0
0
0
0
0
0
0
11046.444495854763
15086.362583472532
0
1984163.642948837
0
6824.5404240871785
0
0
102713.16371332353
0
0
0
0
0
0
0
0
0
43034.056281043275
110861.67121237169
271512.5910597886
0
79753.11906126306
0
705519.3553914734
0
21952.0
184580.36610647407
14991.85485522055
0
0
1165481.119538193
172956.86805674993
0
145538.14994014456
0
0
0
72900.0
1204821.4699481414
0
3160848.991288258
0
2593256.7939731693
0
0
0
0
29186.29815512752
0
2222414.9203818804
0
0
779894.2594993247
0
0
0
0
0
0
61969.04104470232
0
0
542467.4439042403
0
0
31198.717922376232
222229.67636209165
0
23998.549289488314
727510.7146977286
0
701099.6663413839
273918.32724372426
0
9994.86588204164
0
44938.710973947615
162962.4498588555
0
0
907007.2187408432
0
15901.734245043841
0
52404.67536394058
48818.84881887323
225902.84807412233
0
0
65259.01427389169
0
1756464.603271014
389190.89849584096
12688.151323183374
26105.018674576735
493295.043559126
156400.70628996534
65259.01427389169
95407.58007621826
664525.286200608
400000.0
467783.02662666165
8987742.194789523
27219.110933313015
528207.008753197
559016.9943749474
0
0
0
596887.0027065424
281259.43414577225
107490.05260022901
0
0
90509.66799187809
16801.797999023795
135019.96012442012
933772.5718139295
186624.0
239302.65355820858
102713.16371332353
0
159670.341992494
0
1270968.2227467373
513870.12858892663
0
109905.50355646435
33731.67342424624
19319.627325598183
87975.39728810551
583361.2577057205
1356383.140490916
1111527.036108434
100352.0
525247.0716453353
628609.9938881022
0
10507.067335845906
9994.86588204164
132431.7625345219
1508526.2954287538
240794.63967455755
34300.0
184358.39600083313
214943.82611277766
59825.663389552145
496961.187329554
1770483.9253718178
15086.362583472532
14991.85485522055
0
19825.236442474023
684012.5145054
163156.3667161046
1354752.0
513328.4924724128
0
35355.33905932738
0
1524892.9841952845
86148.95528095508
2493548.4953808296
14684.073004449414
29186.29815512752
644204.0
1111527.036108434
16190.861620062102
231835.5279071782
2738870.205029804
110681.66063083801
280866.9435871726
2817495.1002619327
1216111.1216595299
436534.7179778488
420152.98187207954
636234.522798001
880287.9647842518
1044527.9567957958
949926.481365795
365984.3377413848
628298.1829545585
0
2824345.7182151056
1122896.1839814044
0
1257587.0828153414
280866.9435871726
406378.1712444703
1586704.438766086
304755.7158381119
565738.59688022
35355.33905932738
95684.94368499152
229596.03731772027
319152.1703263194
321202.0228827957
520750.03792606684
662600.935707157
25298.221281347032
37804.04549780354
922155.9294349302
279382.2195058232
506219.3990751441
343633.12306004495
4405980.52916987
480482.5907356061
558385.8307657887
483623.60875374975
862623.6559983733
749592.7427610275
474118.6349427746
1176687.9267911266
519254.69665665994
110861.67121237169
95684.94368499152
