0 0 50 0 1.0 0.0
1 6 99 144 985.0375627355537 141845.40903391974
2 3 30 36 164.31676725154983 5915.403621055794
3 2 59 16 27.0 432.0
4 2 12 16 41.569219381653056 665.1075101064489
5 1 36 4 216.0 864.0
6 0 8 0 22.627416997969522 0.0
7 0 50 0 1.0 0.0
8 2 20 16 89.44271909999159 1431.0835055998655
9 4 38 64 234.2477321128211 14991.85485522055
10 7 335 196 783.6612788698955 153597.6106584995
11 2 77 16 140.29611541307906 2244.737846609265
12 13 152 676 1873.9818569025688 1266811.7352661365
13 1 13 4 46.87216658103186 187.48866632412745
14 1 9 4 27.0 108.0
15 8 76 256 662.5526394181824 169613.4756910547
16 2 71 16 96.23408959407264 1539.7454335051623
17 1 56 4 14.696938456699069 58.787753826796276
18 0 50 0 1.0 0.0
19 0 50 0 1.0 0.0
20 9 126 324 1414.3464922005498 458248.26347297814
21 5 82 100 181.01933598375618 18101.933598375617
22 2 29 16 156.16977940690063 2498.71647051041
23 4 33 64 189.57056733575496 12132.516309488317
24 0 50 0 1.0 0.0
25 3 24 36 117.57550765359255 4232.718275529332
26 2 14 16 52.38320341483518 838.1312546373629
27 1 14 4 52.38320341483518 209.53281365934072
28 2 31 16 172.60069524773067 2761.6111239636907
29 0 50 0 1.0 0.0
30 2 24 16 117.57550765359255 1881.2081224574808
31 1 9 4 27.0 108.0
32 0 50 0 1.0 0.0
33 0 50 0 1.0 0.0
34 1 50 4 1.0 4.0
35 1 53 4 5.196152422706632 20.784609690826528
36 0 50 0 1.0 0.0
37 0 50 0 1.0 0.0
38 0 50 0 1.0 0.0
39 0 50 0 1.0 0.0
40 1 15 4 58.09475019311125 232.379000772445
41 4 55 64 407.8909167902615 26105.018674576735
42 13 139 676 1638.785831034672 1107819.2217794382
43 0 50 0 1.0 0.0
44 4 55 64 407.8909167902615 26105.018674576735
45 3 53 36 385.84582413186746 13890.44966874723
46 9 73 324 623.7122734081797 202082.77658425024
47 7 346 196 940.6040612287404 184358.39600083313
48 0 50 0 1.0 0.0
49 1 7 4 18.520259177452132 74.08103670980853
50 0 50 0 1.0 0.0
51 0 50 0 1.0 0.0
52 0 50 0 1.0 0.0
53 2 65 16 58.09475019311125 929.51600308978
54 1 58 4 22.627416997969522 90.50966799187809
55 1 52 4 2.8284271247461903 11.313708498984761
56 2 77 16 140.29611541307906 2244.737846609265
57 2 77 16 140.29611541307906 2244.737846609265
58 3 36 36 216.0 7776.0
59 4 35 64 207.06279240848656 13252.01871414314
60 0 50 0 1.0 0.0
61 5 127 100 675.6722578291934 67567.22578291934
62 2 10 16 31.622776601683793 505.9644256269407
63 2 52 16 374.9773326482549 5999.637322372078
64 0 50 0 1.0 0.0
65 0 50 0 1.0 0.0
66 0 50 0 1.0 0.0
67 1 10 4 31.622776601683793 126.49110640673517
68 9 80 324 715.5417527999327 231835.5279071782
69 3 40 36 252.98221281347034 9107.359661284932
70 0 50 0 1.0 0.0
71 0 50 0 1.0 0.0
72 1 50 4 1.0 4.0
73 0 50 0 1.0 0.0
74 0 9 0 27.0 0.0
75 3 123 36 623.7122734081797 22453.64184269447
76 0 50 0 1.0 0.0
77 0 50 0 1.0 0.0
78 8 113 256 1201.2064768390153 307508.8580707879
79 0 50 0 1.0 0.0
80 1 6 4 14.696938456699069 58.787753826796276
81 0 50 0 1.0 0.0
82 2 20 16 89.44271909999159 1431.0835055998655
83 9 67 324 548.4186357154541 177687.63797180713
84 0 9 0 27.0 0.0
85 0 6 0 14.696938456699069 0.0
86 0 50 0 1.0 0.0
87 2 19 16 82.8190799272728 1325.1052788363647
88 10 395 400 1746.0312139248829 698412.4855699531
89 2 56 16 14.696938456699069 235.1510153071851
90 0 50 0 1.0 0.0
91 1 29 4 156.16977940690063 624.6791176276025
92 0 50 0 1.0 0.0
93 1 20 4 89.44271909999159 357.77087639996637
94 7 97 196 955.3392067742221 187246.48452774753
95 3 114 36 512.0 18432.0
96 9 87 324 811.4819776187269 262920.1607484675
97 0 50 0 1.0 0.0
98 0 50 0 1.0 0.0
99 0 50 0 1.0 0.0
100 0 50 0 1.0 0.0
101 4 54 64 396.81733833087486 25396.30965317599
102 6 54 144 396.81733833087486 57141.69671964598
103 0 50 0 1.0 0.0
104 1 15 4 58.09475019311125 232.379000772445
105 0 50 0 1.0 0.0
106 2 31 16 172.60069524773067 2761.6111239636907
107 1 59 4 27.0 108.0
108 0 50 0 1.0 0.0
109 0 50 0 1.0 0.0
110 6 49 144 343.0 49392.0
111 1 11 4 36.4828726939094 145.9314907756376
112 0 50 0 1.0 0.0
113 8 75 256 649.519052838329 166276.87752661222
114 1 12 4 41.569219381653056 166.27687752661222
115 8 125 256 1397.5424859373686 357770.87639996636
116 6 296 144 311.9871792237623 44926.153808221774
117 1 51 4 1.0 4.0
118 6 291 144 262.5280937347468 37804.04549780354
119 0 50 0 1.0 0.0
120 3 35 36 207.06279240848656 7454.260526705516
121 0 9 0 27.0 0.0
122 0 50 0 1.0 0.0
123 1 54 4 8.0 32.0
124 0 50 0 1.0 0.0
125 2 21 16 96.23408959407264 1539.7454335051623
126 6 63 144 500.0469977912076 72006.7676819339
127 1 64 4 52.38320341483518 209.53281365934072
128 7 68 196 560.7423650840018 109905.50355646435
129 5 43 100 281.96985654498604 28196.985654498603
130 0 10 0 31.622776601683793 0.0
131 1 25 4 125.0 500.0
132 3 89 36 243.55492193753753 8767.977189751351
133 9 101 324 1015.0374377332099 328872.12982556
134 9 116 324 1249.358235255205 404792.0682226864
135 1 54 4 8.0 32.0
136 4 46 64 311.9871792237623 19967.17947032079
137 0 50 0 1.0 0.0
138 1 27 4 140.29611541307906 561.1844616523163
139 1 11 4 36.4828726939094 145.9314907756376
140 1 10 4 31.622776601683793 126.49110640673517
141 0 50 0 1.0 0.0
142 11 122 484 1347.5340440968457 652206.4773428733
143 3 36 36 216.0 7776.0
144 0 50 0 1.0 0.0
145 1 18 4 76.36753236814714 305.47012947258855
146 0 50 0 1.0 0.0
147 1 52 4 2.8284271247461903 11.313708498984761
148 8 97 256 955.3392067742221 244566.83693420087
149 0 50 0 1.0 0.0
150 0 50 0 1.0 0.0
151 0 50 0 1.0 0.0
152 0 50 0 1.0 0.0
153 0 50 0 1.0 0.0
154 3 25 36 125.0 4500.0
155 0 50 0 1.0 0.0
156 13 186 676 2536.7017956393693 1714810.4138522136
157 2 58 16 22.627416997969522 362.03867196751236
158 3 61 36 476.42523023030594 17151.308288291013
159 7 132 196 1516.5645386860397 297246.6495824638
160 2 77 16 140.29611541307906 2244.737846609265
161 2 67 16 70.09279563550022 1121.4847301680036
162 0 5 0 11.180339887498949 0.0
163 1 12 4 41.569219381653056 166.27687752661222
164 5 75 100 649.519052838329 64951.9052838329
165 8 135 256 1568.5582552140038 401550.913334785
166 11 141 484 1674.2822342723464 810352.6013878157
167 0 6 0 14.696938456699069 0.0
168 0 50 0 1.0 0.0
169 2 31 16 172.60069524773067 2761.6111239636907
170 2 54 16 396.81733833087486 6349.077413293998
171 0 50 0 1.0 0.0
172 8 92 256 882.4330002895404 225902.84807412233
173 0 50 0 1.0 0.0
174 0 50 0 1.0 0.0
175 3 50 36 353.5533905932738 12727.922061357856
176 4 59 64 453.18759912424787 29004.006343951864
177 0 50 0 1.0 0.0
178 0 50 0 1.0 0.0
179 0 50 0 1.0 0.0
180 1 15 4 58.09475019311125 232.379000772445
181 0 5 0 11.180339887498949 0.0
182 12 145 576 1746.0312139248829 1005713.9792207326
183 1 50 4 1.0 4.0
184 0 50 0 1.0 0.0
185 11 192 484 2660.4300404257956 1287648.139566085
186 1 13 4 46.87216658103186 187.48866632412745
187 8 376 256 1414.3464922005498 362072.70200334076
188 0 50 0 1.0 0.0
189 1 12 4 41.569219381653056 166.27687752661222
190 0 10 0 31.622776601683793 0.0
191 4 82 64 181.01933598375618 11585.237502960395
192 9 90 324 853.8149682454624 276636.0497115298
193 0 50 0 1.0 0.0
194 3 67 36 70.09279563550022 2523.340642878008
195 0 50 0 1.0 0.0
196 2 25 16 125.0 2000.0
197 11 84 484 769.8727167525811 372618.39490824926
198 0 50 0 1.0 0.0
199 1 57 4 18.520259177452132 74.08103670980853
200 0 50 0 1.0 0.0
201 5 45 100 301.8691769624716 30186.91769624716
202 3 19 36 82.8190799272728 2981.4868773818207
203 4 85 64 783.6612788698955 50154.32184767331
204 6 100 144 1000.0 144000.0
205 0 50 0 1.0 0.0
206 0 50 0 1.0 0.0
207 0 50 0 1.0 0.0
208 2 57 16 18.520259177452132 296.3241468392341
209 7 88 196 825.5131737289236 161800.582050869
210 1 52 4 2.8284271247461903 11.313708498984761
211 8 60 256 464.75800154489 118978.04839549185
212 4 86 64 216.0 13824.0
213 0 50 0 1.0 0.0
214 9 106 324 1091.336794944622 353593.1215620575
215 0 10 0 31.622776601683793 0.0
216 2 43 16 281.96985654498604 4511.517704719777
217 9 99 324 985.0375627355537 319152.1703263194
218 8 65 256 524.0467536394058 134155.96893168788
219 5 97 100 322.21576621884907 32221.576621884906
220 0 50 0 1.0 0.0
221 4 58 64 441.7148401401067 28269.749768966827
222 2 80 16 164.31676725154983 2629.0682760247973
223 6 107 144 1106.8166063083802 159381.59130840676
224 5 66 100 536.1865347059734 53618.65347059734
225 2 62 16 41.569219381653056 665.1075101064489
226 0 50 0 1.0 0.0
227 4 79 64 702.1673589679315 44938.710973947615
228 1 54 4 8.0 32.0
229 6 81 144 729.0 104976.0
230 9 89 324 839.6243207530378 272038.27992398426
231 2 87 16 225.06221362103412 3600.995417936546
232 0 50 0 1.0 0.0
233 2 25 16 125.0 2000.0
234 4 46 64 311.9871792237623 19967.17947032079
235 15 205 900 2935.1533179716525 2641637.9861744875
236 7 313 196 500.0469977912076 98009.2115670767
237 1 56 4 14.696938456699069 58.787753826796276
238 0 50 0 1.0 0.0
239 2 22 16 103.18914671611545 1651.0263474578471
240 10 72 400 610.9402589451771 244376.10357807085
241 0 50 0 1.0 0.0
242 3 27 36 140.29611541307906 5050.660154870846
243 10 313 400 500.0469977912076 200018.79911648305
244 1 5 4 11.180339887498949 44.721359549995796
245 4 62 64 488.18848818873226 31244.063244078865
246 8 90 256 853.8149682454624 218576.63187083838
247 1 53 4 5.196152422706632 20.784609690826528
248 0 10 0 31.622776601683793 0.0
249 9 356 324 1091.336794944622 353593.1215620575
250 8 120 256 1314.5341380123987 336520.73933117406
251 3 22 36 103.18914671611545 3714.809281780156
252 1 62 4 41.569219381653056 166.27687752661222
253 11 136 484 1586.0189153979218 767633.1550525941
254 6 45 144 301.8691769624716 43469.16148259591
255 2 67 16 70.09279563550022 1121.4847301680036
256 9 107 324 1106.8166063083802 358608.58044391515
257 2 53 16 385.84582413186746 6173.533186109879
258 1 54 4 8.0 32.0
259 13 201 676 2849.6668226303227 1926374.7720980982
260 8 106 256 1091.336794944622 279382.2195058232
261 1 13 4 46.87216658103186 187.48866632412745
262 7 56 196 419.06562731868144 82136.86295446157
263 12 107 576 1106.8166063083802 637526.365233627
264 8 135 256 1568.5582552140038 401550.913334785
265 7 333 196 756.1659870689768 148208.53346551946
266 0 50 0 1.0 0.0
267 2 18 16 76.36753236814714 1221.8805178903542
268 1 53 4 5.196152422706632 20.784609690826528
269 3 85 36 207.06279240848656 7454.260526705516
270 1 52 4 2.8284271247461903 11.313708498984761
271 7 66 196 536.1865347059734 105092.56080237078
272 5 37 100 225.06221362103412 22506.221362103413
273 2 61 16 36.4828726939094 583.7259631025504
274 12 182 576 2455.3142365082317 1414261.0002287414
275 9 127 324 1431.21731403725 463714.40974806895
276 1 58 4 22.627416997969522 90.50966799187809
277 1 9 4 27.0 108.0
278 6 78 144 688.877347573572 99198.33805059438
279 1 22 4 103.18914671611545 412.7565868644618
280 1 15 4 58.09475019311125 232.379000772445
281 9 93 324 896.8595207723448 290582.4847302397
282 5 46 100 311.9871792237623 31198.717922376232
283 7 126 196 1414.3464922005498 277211.9124713078
284 6 59 144 453.18759912424787 65259.01427389169
285 6 91 144 868.0846732894205 125004.19295367655
286 2 29 16 156.16977940690063 2498.71647051041
287 8 322 256 610.9402589451771 156400.70628996534
288 3 48 36 332.55375505322445 11971.93518191608
289 2 16 16 64.0 1024.0
290 7 108 196 1122.3689233046325 219984.30896770797
291 6 322 144 610.9402589451771 87975.39728810551
292 13 215 676 3152.518834202264 2131102.7319207303
293 3 43 36 281.96985654498604 10150.914835619498
294 0 50 0 1.0 0.0
295 7 96 196 940.6040612287404 184358.39600083313
296 7 68 196 560.7423650840018 109905.50355646435
297 7 69 196 573.1570465413472 112338.78112210405
298 3 38 36 234.2477321128211 8432.91835606156
299 5 40 100 252.98221281347034 25298.221281347032
300 4 43 64 281.96985654498604 18046.070818879107
301 8 76 256 662.5526394181824 169613.4756910547
302 5 61 100 476.42523023030594 47642.5230230306
303 7 67 196 548.4186357154541 107490.05260022901
304 3 36 36 216.0 7776.0
305 10 171 400 2236.1151580363658 894446.0632145463
306 5 59 100 453.18759912424787 45318.759912424786
307 3 48 36 332.55375505322445 11971.93518191608
308 2 38 16 234.2477321128211 3747.9637138051376
309 8 87 256 811.4819776187269 207739.38627039408
310 13 163 676 2081.044689573004 1406786.2101513506
311 11 168 484 2177.5288746650413 1053923.97533788
312 8 99 256 985.0375627355537 252169.61606030175
313 11 160 484 2023.8577025077627 979547.1280137572
314 9 80 324 715.5417527999327 231835.5279071782
315 0 50 0 1.0 0.0
316 7 81 196 729.0 142884.0
317 6 53 144 385.84582413186746 55561.79867498892
318 9 169 324 2197.0 711828.0
319 11 123 484 1364.1359902883582 660241.8192995654
320 12 125 576 1397.5424859373686 804984.4718999243
321 8 74 256 636.5720697611544 162962.4498588555
322 6 39 144 243.55492193753753 35071.908759005404
323 9 102 324 1030.1495037129318 333768.4392029899
324 0 50 0 1.0 0.0
325 6 95 144 925.9454627568516 133336.14663698664
326 6 30 144 164.31676725154983 23661.614484223177
327 3 56 36 419.06562731868144 15086.362583472532
328 8 134 256 1551.1621449738902 397097.5091133159
329 10 132 400 1516.5645386860397 606625.8154744159
330 6 66 144 536.1865347059734 77210.86099766017
331 13 403 676 1892.505482158506 1279333.7059391502
332 1 55 4 11.180339887498949 44.721359549995796
333 7 88 196 825.5131737289236 161800.582050869
334 6 69 144 573.1570465413472 82534.614701954
335 8 125 256 1397.5424859373686 357770.87639996636
336 0 50 0 1.0 0.0
337 6 333 144 756.1659870689768 108887.90213793266
338 4 42 64 272.19110933313016 17420.23099732033
339 7 328 196 688.877347573572 135019.96012442012
340 7 82 196 742.5415813272682 145538.14994014456
341 4 53 64 385.84582413186746 24694.132744439517
342 7 119 196 1298.13674164165 254434.80136176338
343 7 83 196 756.1659870689768 148208.53346551946
344 0 50 0 1.0 0.0
345 10 110 400 1153.6897329871667 461475.8931948667
346 14 210 784 3043.189116699782 2385860.267492629
347 9 110 324 1153.6897329871667 373795.473487842
348 5 92 100 882.4330002895404 88243.30002895404
349 12 373 576 1364.1359902883582 785742.3304060943
350 8 295 256 301.8691769624716 77278.50930239273
351 0 50 0 1.0 0.0
352 9 81 324 729.0 236196.0
353 10 118 400 1281.8080979616254 512723.2391846502
354 7 58 196 441.7148401401067 86576.10866746091
355 10 104 400 1060.5960588272992 424238.4235309197
356 14 192 784 2660.4300404257956 2085777.1516938237
357 8 305 256 407.8909167902615 104420.07469830694
358 13 111 676 1169.4575665666541 790553.3149990581
359 7 66 196 536.1865347059734 105092.56080237078
360 1 56 4 14.696938456699069 58.787753826796276
361 11 79 484 702.1673589679315 339849.00174047885
362 9 388 324 1621.132937176961 525247.0716453353
363 12 161 576 2042.8609840123727 1176687.9267911266
364 0 50 0 1.0 0.0
365 10 108 400 1122.3689233046325 448947.569321853
366 8 81 256 729.0 186624.0
367 8 119 256 1298.13674164165 332323.0058602624
368 9 99 324 985.0375627355537 319152.1703263194
369 7 74 196 636.5720697611544 124768.12567318625
370 8 112 256 1185.2965873569365 303435.92636337574
371 14 195 784 2723.0268085349435 2134853.017891396
372 9 119 324 1298.13674164165 420596.30429189454
373 10 77 400 675.6722578291934 270268.90313167736
374 3 27 36 140.29611541307906 5050.660154870846
375 10 99 400 985.0375627355537 394015.02509422146
376 7 82 196 742.5415813272682 145538.14994014456
377 10 109 400 1137.99340947125 455197.3637885
378 8 99 256 985.0375627355537 252169.61606030175
379 9 317 324 548.4186357154541 177687.63797180713
380 7 69 196 573.1570465413472 112338.78112210405
381 7 87 196 811.4819776187269 159050.46761327048
382 6 343 144 896.8595207723448 129147.77099121765
383 5 93 100 281.96985654498604 28196.985654498603
384 0 50 0 1.0 0.0
385 8 115 256 1233.2376088978149 315708.8278778406
386 12 129 576 1465.1583532164707 843931.2114526872
387 7 310 196 464.75800154489 91092.56830279845
388 9 114 324 1217.1869207315694 394368.5623170285
389 10 120 400 1314.5341380123987 525813.6552049594
390 12 159 576 2004.9137138540402 1154830.2991799272
391 10 136 400 1586.0189153979218 634407.5661591687
392 7 302 196 374.9773326482549 73495.55719905796
393 9 126 324 1414.3464922005498 458248.26347297814
394 12 370 576 1314.5341380123987 757171.6634951417
395 7 100 196 1000.0 196000.0
396 14 180 784 2414.953415699773 1893323.477908622
397 9 86 324 797.5311906126306 258400.1057584923
398 8 66 256 536.1865347059734 137263.75288472918
399 8 128 256 1448.1546878700494 370727.60009473265
801's generation fitness ratios and roulette cutoffs:
2641637.9861744875 69573872.55869535 173934.68139673836 0.0 0.0
2641637.9861744875 69573872.55869535 173934.68139673836 0.002038774094603591 0.002038774094603591
2641637.9861744875 69573872.55869535 173934.68139673836 8.502334861503245e-05 0.0021237974432186234
2641637.9861744875 69573872.55869535 173934.68139673836 6.209227460143853e-06 0.002130006670678767
2641637.9861744875 69573872.55869535 173934.68139673836 9.55973105486312e-06 0.00213956640173363
2641637.9861744875 69573872.55869535 173934.68139673836 1.2418454920287706e-05 0.002151984856653918
2641637.9861744875 69573872.55869535 173934.68139673836 0.0 0.002151984856653918
2641637.9861744875 69573872.55869535 173934.68139673836 0.0 0.002151984856653918
2641637.9861744875 69573872.55869535 173934.68139673836 2.0569266205392625e-05 0.0021725541228593106
2641637.9861744875 69573872.55869535 173934.68139673836 0.00021548110380908885 0.0023880352266683995
2641637.9861744875 69573872.55869535 173934.68139673836 0.0022076909766510166 0.0045957262033194165
2641637.9861744875 69573872.55869535 173934.68139673836 3.226409231016303e-05 0.004627990295629579
2641637.9861744875 69573872.55869535 173934.68139673836 0.01820815327186801 0.022836143567497587
2641637.9861744875 69573872.55869535 173934.68139673836 2.6948142949201857e-06 0.022838838381792508
2641637.9861744875 69573872.55869535 173934.68139673836 1.5523068650359633e-06 0.022840390688657543
2641637.9861744875 69573872.55869535 173934.68139673836 0.002437890395535506 0.025278281084193048
2641637.9861744875 69573872.55869535 173934.68139673836 2.2131087100350358e-05 0.025300412171293397
2641637.9861744875 69573872.55869535 173934.68139673836 8.449688319016674e-07 0.025301257140125297
2641637.9861744875 69573872.55869535 173934.68139673836 0.0 0.025301257140125297
2641637.9861744875 69573872.55869535 173934.68139673836 0.0 0.025301257140125297
2641637.9861744875 69573872.55869535 173934.68139673836 0.006586499308147341 0.03188775644827264
2641637.9861744875 69573872.55869535 173934.68139673836 0.000260182924029478 0.03214793937230211
2641637.9861744875 69573872.55869535 173934.68139673836 3.591458084214575e-05 0.032183853953144256
2641637.9861744875 69573872.55869535 173934.68139673836 0.0001743832255312917 0.032358237178675545
2641637.9861744875 69573872.55869535 173934.68139673836 0.0 0.032358237178675545
2641637.9861744875 69573872.55869535 173934.68139673836 6.083775589692004e-05 0.03241907493457247
2641637.9861744875 69573872.55869535 173934.68139673836 1.2046637966433178e-05 0.0324311215725389
2641637.9861744875 69573872.55869535 173934.68139673836 3.0116594916082946e-06 0.03243413323203051
2641637.9861744875 69573872.55869535 173934.68139673836 3.969322135452333e-05 0.032473826453385035
2641637.9861744875 69573872.55869535 173934.68139673836 0.0 0.032473826453385035
2641637.9861744875 69573872.55869535 173934.68139673836 2.7039002620853356e-05 0.03250086545600589
2641637.9861744875 69573872.55869535 173934.68139673836 1.5523068650359633e-06 0.032502417762870925
2641637.9861744875 69573872.55869535 173934.68139673836 0.0 0.032502417762870925
2641637.9861744875 69573872.55869535 173934.68139673836 0.0 0.032502417762870925
2641637.9861744875 69573872.55869535 173934.68139673836 5.7492846853183824e-08 0.032502475255717776
2641637.9861744875 69573872.55869535 173934.68139673836 2.987415954644725e-07 0.03250277399731324
2641637.9861744875 69573872.55869535 173934.68139673836 0.0 0.03250277399731324
2641637.9861744875 69573872.55869535 173934.68139673836 0.0 0.03250277399731324
2641637.9861744875 69573872.55869535 173934.68139673836 0.0 0.03250277399731324
2641637.9861744875 69573872.55869535 173934.68139673836 0.0 0.03250277399731324
2641637.9861744875 69573872.55869535 173934.68139673836 3.3400325758265164e-06 0.032506114029889066
2641637.9861744875 69573872.55869535 173934.68139673836 0.000375212960189236 0.0328813269900783
2641637.9861744875 69573872.55869535 173934.68139673836 0.01592292021469463 0.04880424720477293
2641637.9861744875 69573872.55869535 173934.68139673836 0.0 0.04880424720477293
2641637.9861744875 69573872.55869535 173934.68139673836 0.000375212960189236 0.04917946016496216
2641637.9861744875 69573872.55869535 173934.68139673836 0.0001996503738817856 0.049379110538843946
2641637.9861744875 69573872.55869535 173934.68139673836 0.0029045785314561153 0.05228368907030006
2641637.9861744875 69573872.55869535 173934.68139673836 0.002649822256843629 0.054933511327143685
2641637.9861744875 69573872.55869535 173934.68139673836 0.0 0.054933511327143685
2641637.9861744875 69573872.55869535 173934.68139673836 1.0647824245705277e-06 0.054934576109568256
2641637.9861744875 69573872.55869535 173934.68139673836 0.0 0.054934576109568256
2641637.9861744875 69573872.55869535 173934.68139673836 0.0 0.054934576109568256
2641637.9861744875 69573872.55869535 173934.68139673836 0.0 0.054934576109568256
2641637.9861744875 69573872.55869535 173934.68139673836 1.3360130303306066e-05 0.05494793623987156
2641637.9861744875 69573872.55869535 173934.68139673836 1.30091462014739e-06 0.05494923715449171
2641637.9861744875 69573872.55869535 173934.68139673836 1.6261432751842376e-07 0.054949399768819226
2641637.9861744875 69573872.55869535 173934.68139673836 3.226409231016303e-05 0.05498166386112939
2641637.9861744875 69573872.55869535 173934.68139673836 3.226409231016303e-05 0.055013927953439554
2641637.9861744875 69573872.55869535 173934.68139673836 0.00011176609428258935 0.05512569404772214
2641637.9861744875 69573872.55869535 173934.68139673836 0.0001904740706069394 0.05531616811832908
2641637.9861744875 69573872.55869535 173934.68139673836 0.0 0.05531616811832908
2641637.9861744875 69573872.55869535 173934.68139673836 0.0009711580410579687 0.05628732615938705
2641637.9861744875 69573872.55869535 173934.68139673836 7.272333808932204e-06 0.056294598493195985
2641637.9861744875 69573872.55869535 173934.68139673836 8.623405743744594e-05 0.05638083255063343
2641637.9861744875 69573872.55869535 173934.68139673836 0.0 0.05638083255063343
2641637.9861744875 69573872.55869535 173934.68139673836 0.0 0.05638083255063343
2641637.9861744875 69573872.55869535 173934.68139673836 0.0 0.05638083255063343
2641637.9861744875 69573872.55869535 173934.68139673836 1.818083452233051e-06 0.056382650634085665
2641637.9861744875 69573872.55869535 173934.68139673836 0.003332221125273605 0.05971487175935927
2641637.9861744875 69573872.55869535 173934.68139673836 0.00013090200856077968 0.05984577376792005
2641637.9861744875 69573872.55869535 173934.68139673836 0.0 0.05984577376792005
2641637.9861744875 69573872.55869535 173934.68139673836 0.0 0.05984577376792005
2641637.9861744875 69573872.55869535 173934.68139673836 5.7492846853183824e-08 0.0598458312607669
2641637.9861744875 69573872.55869535 173934.68139673836 0.0 0.0598458312607669
2641637.9861744875 69573872.55869535 173934.68139673836 0.0 0.0598458312607669
2641637.9861744875 69573872.55869535 173934.68139673836 0.00032273094793956833 0.06016856220870647
2641637.9861744875 69573872.55869535 173934.68139673836 0.0 0.06016856220870647
2641637.9861744875 69573872.55869535 173934.68139673836 0.0 0.06016856220870647
2641637.9861744875 69573872.55869535 173934.68139673836 0.004419889920765313 0.06458845212947179
2641637.9861744875 69573872.55869535 173934.68139673836 0.0 0.06458845212947179
2641637.9861744875 69573872.55869535 173934.68139673836 8.449688319016674e-07 0.06458929709830369
2641637.9861744875 69573872.55869535 173934.68139673836 0.0 0.06458929709830369
2641637.9861744875 69573872.55869535 173934.68139673836 2.0569266205392625e-05 0.06460986636450908
2641637.9861744875 69573872.55869535 173934.68139673836 0.0025539420394042694 0.06716380840391335
2641637.9861744875 69573872.55869535 173934.68139673836 0.0 0.06716380840391335
2641637.9861744875 69573872.55869535 173934.68139673836 0.0 0.06716380840391335
2641637.9861744875 69573872.55869535 173934.68139673836 0.0 0.06716380840391335
2641637.9861744875 69573872.55869535 173934.68139673836 1.904601871512114e-05 0.06718285442262847
2641637.9861744875 69573872.55869535 173934.68139673836 0.010038430518306192 0.07722128494093466
2641637.9861744875 69573872.55869535 173934.68139673836 3.3798753276066696e-06 0.07722466481626226
2641637.9861744875 69573872.55869535 173934.68139673836 0.0 0.07722466481626226
2641637.9861744875 69573872.55869535 173934.68139673836 8.978645210536438e-06 0.0772336434614728
2641637.9861744875 69573872.55869535 173934.68139673836 0.0 0.0772336434614728
2641637.9861744875 69573872.55869535 173934.68139673836 5.142316551348156e-06 0.07723878577802415
2641637.9861744875 69573872.55869535 173934.68139673836 0.0026913333646877108 0.07993011914271186
2641637.9861744875 69573872.55869535 173934.68139673836 0.00026492703829947105 0.08019504618101134
2641637.9861744875 69573872.55869535 173934.68139673836 0.0037790071341315284 0.08397405331514286
2641637.9861744875 69573872.55869535 173934.68139673836 0.0 0.08397405331514286
2641637.9861744875 69573872.55869535 173934.68139673836 0.0 0.08397405331514286
2641637.9861744875 69573872.55869535 173934.68139673836 0.0 0.08397405331514286
2641637.9861744875 69573872.55869535 173934.68139673836 0.0 0.08397405331514286
2641637.9861744875 69573872.55869535 173934.68139673836 0.0003650265353815203 0.08433907985052438
2641637.9861744875 69573872.55869535 173934.68139673836 0.0008213097046084206 0.0851603895551328
2641637.9861744875 69573872.55869535 173934.68139673836 0.0 0.0851603895551328
2641637.9861744875 69573872.55869535 173934.68139673836 3.3400325758265164e-06 0.08516372958770863
2641637.9861744875 69573872.55869535 173934.68139673836 0.0 0.08516372958770863
2641637.9861744875 69573872.55869535 173934.68139673836 3.969322135452333e-05 0.08520342280906315
2641637.9861744875 69573872.55869535 173934.68139673836 1.5523068650359633e-06 0.08520497511592819
2641637.9861744875 69573872.55869535 173934.68139673836 0.0 0.08520497511592819
2641637.9861744875 69573872.55869535 173934.68139673836 0.0 0.08520497511592819
2641637.9861744875 69573872.55869535 173934.68139673836 0.0007099216729431139 0.0859148967888713
2641637.9861744875 69573872.55869535 173934.68139673836 2.097504212555135e-06 0.08591699429308386
2641637.9861744875 69573872.55869535 173934.68139673836 0.0 0.08591699429308386
2641637.9861744875 69573872.55869535 173934.68139673836 0.00238993276371578 0.08830692705679964
2641637.9861744875 69573872.55869535 173934.68139673836 2.38993276371578e-06 0.08830931698956336
2641637.9861744875 69573872.55869535 173934.68139673836 0.0051423165513481564 0.09345163354091152
2641637.9861744875 69573872.55869535 173934.68139673836 0.0006457331201496689 0.09409736666106118
2641637.9861744875 69573872.55869535 173934.68139673836 5.7492846853183824e-08 0.09409742415390804
2641637.9861744875 69573872.55869535 173934.68139673836 0.0005433655495590031 0.09464078970346704
2641637.9861744875 69573872.55869535 173934.68139673836 0.0 0.09464078970346704
2641637.9861744875 69573872.55869535 173934.68139673836 0.0001071416647164034 0.09474793136818344
2641637.9861744875 69573872.55869535 173934.68139673836 0.0 0.09474793136818344
2641637.9861744875 69573872.55869535 173934.68139673836 0.0 0.09474793136818344
2641637.9861744875 69573872.55869535 173934.68139673836 4.599427748254706e-07 0.09474839131095826
2641637.9861744875 69573872.55869535 173934.68139673836 0.0 0.09474839131095826
2641637.9861744875 69573872.55869535 173934.68139673836 2.2131087100350358e-05 0.09477052239805861
2641637.9861744875 69573872.55869535 173934.68139673836 0.001034968516682553 0.09580549091474116
2641637.9861744875 69573872.55869535 173934.68139673836 3.0116594916082946e-06 0.09580850257423278
2641637.9861744875 69573872.55869535 173934.68139673836 0.0015796950710734636 0.09738819764530623
2641637.9861744875 69573872.55869535 173934.68139673836 0.00040528124448887734 0.09779347888979512
2641637.9861744875 69573872.55869535 173934.68139673836 0.0 0.09779347888979512
2641637.9861744875 69573872.55869535 173934.68139673836 7.186605856647978e-06 0.09780066549565176
2641637.9861744875 69573872.55869535 173934.68139673836 0.00012602399244564588 0.09792668948809741
2641637.9861744875 69573872.55869535 173934.68139673836 0.004726948748585327 0.10265363823668273
2641637.9861744875 69573872.55869535 173934.68139673836 0.0058181620964276115 0.10847180033311035
2641637.9861744875 69573872.55869535 173934.68139673836 4.599427748254706e-07 0.10847226027588518
2641637.9861744875 69573872.55869535 173934.68139673836 0.0002869924978442973 0.10875925277372947
2641637.9861744875 69573872.55869535 173934.68139673836 0.0 0.10875925277372947
2641637.9861744875 69573872.55869535 173934.68139673836 8.066023077540757e-06 0.10876731879680701
2641637.9861744875 69573872.55869535 173934.68139673836 2.097504212555135e-06 0.10876941630101956
2641637.9861744875 69573872.55869535 173934.68139673836 1.818083452233051e-06 0.1087712343844718
2641637.9861744875 69573872.55869535 173934.68139673836 0.0 0.1087712343844718
2641637.9861744875 69573872.55869535 173934.68139673836 0.009374301779632081 0.11814553616410388
2641637.9861744875 69573872.55869535 173934.68139673836 0.00011176609428258935 0.11825730225838647
2641637.9861744875 69573872.55869535 173934.68139673836 0.0 0.11825730225838647
2641637.9861744875 69573872.55869535 173934.68139673836 4.390586842997442e-06 0.11826169284522947
2641637.9861744875 69573872.55869535 173934.68139673836 0.0 0.11826169284522947
2641637.9861744875 69573872.55869535 173934.68139673836 1.6261432751842376e-07 0.11826185545955699
2641637.9861744875 69573872.55869535 173934.68139673836 0.003515210925306398 0.12177706638486338
2641637.9861744875 69573872.55869535 173934.68139673836 0.0 0.12177706638486338
2641637.9861744875 69573872.55869535 173934.68139673836 0.0 0.12177706638486338
2641637.9861744875 69573872.55869535 173934.68139673836 0.0 0.12177706638486338
2641637.9861744875 69573872.55869535 173934.68139673836 0.0 0.12177706638486338
2641637.9861744875 69573872.55869535 173934.68139673836 0.0 0.12177706638486338
2641637.9861744875 69573872.55869535 173934.68139673836 6.46794527098318e-05 0.1218417458375732
2641637.9861744875 69573872.55869535 173934.68139673836 0.0 0.1218417458375732
2641637.9861744875 69573872.55869535 173934.68139673836 0.02464733312646252 0.14648907896403573
2641637.9861744875 69573872.55869535 173934.68139673836 5.20365848058956e-06 0.14649428262251632
2641637.9861744875 69573872.55869535 173934.68139673836 0.0002465193851876144 0.14674080200770392
2641637.9861744875 69573872.55869535 173934.68139673836 0.004272389025516647 0.15101319103322058
2641637.9861744875 69573872.55869535 173934.68139673836 3.226409231016303e-05 0.15104545512553075
2641637.9861744875 69573872.55869535 173934.68139673836 1.6119337459933305e-05 0.15106157446299068
2641637.9861744875 69573872.55869535 173934.68139673836 0.0 0.15106157446299068
2641637.9861744875 69573872.55869535 173934.68139673836 2.38993276371578e-06 0.1510639643957544
2641637.9861744875 69573872.55869535 173934.68139673836 0.0009335674858264765 0.15199753188158088
2641637.9861744875 69573872.55869535 173934.68139673836 0.00577157629102822 0.1577691081726091
2641637.9861744875 69573872.55869535 173934.68139673836 0.011647369502167201 0.1694164776747763
2641637.9861744875 69573872.55869535 173934.68139673836 0.0 0.1694164776747763
2641637.9861744875 69573872.55869535 173934.68139673836 0.0 0.1694164776747763
2641637.9861744875 69573872.55869535 173934.68139673836 3.969322135452333e-05 0.16945617089613083
2641637.9861744875 69573872.55869535 173934.68139673836 9.125663384538008e-05 0.1695474275299762
2641637.9861744875 69573872.55869535 173934.68139673836 0.0 0.1695474275299762
2641637.9861744875 69573872.55869535 173934.68139673836 0.0032469494620058917 0.1727943769919821
2641637.9861744875 69573872.55869535 173934.68139673836 0.0 0.1727943769919821
2641637.9861744875 69573872.55869535 173934.68139673836 0.0 0.1727943769919821
2641637.9861744875 69573872.55869535 173934.68139673836 0.00018294111845822676 0.17297731811044034
2641637.9861744875 69573872.55869535 173934.68139673836 0.00041688072371539914 0.17339419883415574
2641637.9861744875 69573872.55869535 173934.68139673836 0.0 0.17339419883415574
2641637.9861744875 69573872.55869535 173934.68139673836 0.0 0.17339419883415574
2641637.9861744875 69573872.55869535 173934.68139673836 0.0 0.17339419883415574
2641637.9861744875 69573872.55869535 173934.68139673836 3.3400325758265164e-06 0.17339753886673157
2641637.9861744875 69573872.55869535 173934.68139673836 0.0 0.17339753886673157
2641637.9861744875 69573872.55869535 173934.68139673836 0.01445533994636092 0.18785287881309248
2641637.9861744875 69573872.55869535 173934.68139673836 5.7492846853183824e-08 0.18785293630593933
2641637.9861744875 69573872.55869535 173934.68139673836 0.0 0.18785293630593933
2641637.9861744875 69573872.55869535 173934.68139673836 0.018507639322215 0.20636057562815432
2641637.9861744875 69573872.55869535 173934.68139673836 2.6948142949201857e-06 0.20636327044244923
2641637.9861744875 69573872.55869535 173934.68139673836 0.005204147601499134 0.21156741804394835
2641637.9861744875 69573872.55869535 173934.68139673836 0.0 0.21156741804394835
2641637.9861744875 69573872.55869535 173934.68139673836 2.38993276371578e-06 0.21156980797671207
2641637.9861744875 69573872.55869535 173934.68139673836 0.0 0.21156980797671207
2641637.9861744875 69573872.55869535 173934.68139673836 0.00016651707137886593 0.21173632504809092
2641637.9861744875 69573872.55869535 173934.68139673836 0.0039761485100336825 0.21571247355812462
2641637.9861744875 69573872.55869535 173934.68139673836 0.0 0.21571247355812462
2641637.9861744875 69573872.55869535 173934.68139673836 3.6268509284849934e-05 0.21574874206740946
2641637.9861744875 69573872.55869535 173934.68139673836 0.0 0.21574874206740946
2641637.9861744875 69573872.55869535 173934.68139673836 2.874642342659191e-05 0.21577748849083606
2641637.9861744875 69573872.55869535 173934.68139673836 0.005355723078284786 0.22113321156912083
2641637.9861744875 69573872.55869535 173934.68139673836 0.0 0.22113321156912083
2641637.9861744875 69573872.55869535 173934.68139673836 1.0647824245705277e-06 0.2211342763515454
2641637.9861744875 69573872.55869535 173934.68139673836 0.0 0.2211342763515454
2641637.9861744875 69573872.55869535 173934.68139673836 0.00043388295902000064 0.2215681593105654
2641637.9861744875 69573872.55869535 173934.68139673836 4.2853542109022567e-05 0.22161101285267443
2641637.9861744875 69573872.55869535 173934.68139673836 0.0007208786862533933 0.22233189153892782
2641637.9861744875 69573872.55869535 173934.68139673836 0.0020697424867146177 0.22440163402564245
2641637.9861744875 69573872.55869535 173934.68139673836 0.0 0.22440163402564245
2641637.9861744875 69573872.55869535 173934.68139673836 0.0 0.22440163402564245
2641637.9861744875 69573872.55869535 173934.68139673836 0.0 0.22440163402564245
2641637.9861744875 69573872.55869535 173934.68139673836 4.259129698282111e-06 0.22440589315534074
2641637.9861744875 69573872.55869535 173934.68139673836 0.0023255940211516536 0.22673148717649239
2641637.9861744875 69573872.55869535 173934.68139673836 1.6261432751842376e-07 0.22673164979081992
2641637.9861744875 69573872.55869535 173934.68139673836 0.0017100966788231764 0.2284417464696431
2641637.9861744875 69573872.55869535 173934.68139673836 0.0001986952787246033 0.2286404417483677
2641637.9861744875 69573872.55869535 173934.68139673836 0.0 0.2286404417483677
2641637.9861744875 69573872.55869535 173934.68139673836 0.005082268796576646 0.23372271054494434
2641637.9861744875 69573872.55869535 173934.68139673836 0.0 0.23372271054494434
2641637.9861744875 69573872.55869535 173934.68139673836 6.484499911822037e-05 0.23378755554406255
2641637.9861744875 69573872.55869535 173934.68139673836 0.00458724171285808 0.23837479725692062
2641637.9861744875 69573872.55869535 173934.68139673836 0.0019282521440575045 0.24030304940097813
2641637.9861744875 69573872.55869535 173934.68139673836 0.00046312754252253924 0.24076617694350066
2641637.9861744875 69573872.55869535 173934.68139673836 0.0 0.24076617694350066
2641637.9861744875 69573872.55869535 173934.68139673836 0.00040632709851125964 0.24117250404201193
2641637.9861744875 69573872.55869535 173934.68139673836 3.778815494001442e-05 0.24121029219695195
2641637.9861744875 69573872.55869535 173934.68139673836 0.002290825355077741 0.2435011175520297
2641637.9861744875 69573872.55869535 173934.68139673836 0.0007706722581147465 0.24427178981014444
2641637.9861744875 69573872.55869535 173934.68139673836 9.55973105486312e-06 0.24428134954119932
2641637.9861744875 69573872.55869535 173934.68139673836 0.0 0.24428134954119932
2641637.9861744875 69573872.55869535 173934.68139673836 0.0006459136069511653 0.24492726314815047
2641637.9861744875 69573872.55869535 173934.68139673836 4.599427748254706e-07 0.2449277230909253
2641637.9861744875 69573872.55869535 173934.68139673836 0.0015088422728149562 0.24643656536374026
2641637.9861744875 69573872.55869535 173934.68139673836 0.003910063791468295 0.25034662915520856
2641637.9861744875 69573872.55869535 173934.68139673836 5.1757869520610623e-05 0.25039838702472916
2641637.9861744875 69573872.55869535 173934.68139673836 0.0 0.25039838702472916
2641637.9861744875 69573872.55869535 173934.68139673836 2.874642342659191e-05 0.25042713344815576
2641637.9861744875 69573872.55869535 173934.68139673836 0.0002869924978442973 0.25071412594600007
2641637.9861744875 69573872.55869535 173934.68139673836 0.037968822045170686 0.2886829479911708
2641637.9861744875 69573872.55869535 173934.68139673836 0.0014087071477068083 0.2900916551388776
2641637.9861744875 69573872.55869535 173934.68139673836 8.449688319016674e-07 0.2900925001077095
2641637.9861744875 69573872.55869535 173934.68139673836 0.0 0.2900925001077095
2641637.9861744875 69573872.55869535 173934.68139673836 2.3730551236241367e-05 0.2901162306589457
2641637.9861744875 69573872.55869535 173934.68139673836 0.0035124694743979535 0.29362870013334363
2641637.9861744875 69573872.55869535 173934.68139673836 0.0 0.29362870013334363
2641637.9861744875 69573872.55869535 173934.68139673836 7.25942076978668e-05 0.2937012943410415
2641637.9861744875 69573872.55869535 173934.68139673836 0.002874912546340425 0.2965762068873819
2641637.9861744875 69573872.55869535 173934.68139673836 6.427895689185195e-07 0.2965768496769508
2641637.9861744875 69573872.55869535 173934.68139673836 0.000449077535790754 0.29702592721274157
2641637.9861744875 69573872.55869535 173934.68139673836 0.003141648205458712 0.30016757541820027
2641637.9861744875 69573872.55869535 173934.68139673836 2.987415954644725e-07 0.30016787415979573
2641637.9861744875 69573872.55869535 173934.68139673836 0.0 0.30016787415979573
2641637.9861744875 69573872.55869535 173934.68139673836 0.005082268796576646 0.3052501429563724
2641637.9861744875 69573872.55869535 173934.68139673836 0.004836883832321846 0.3100870267886942
2641637.9861744875 69573872.55869535 173934.68139673836 5.339374028154308e-05 0.3101404205289757
2641637.9861744875 69573872.55869535 173934.68139673836 2.38993276371578e-06 0.3101428104617394
2641637.9861744875 69573872.55869535 173934.68139673836 0.011033353855716277 0.3211761643174557
2641637.9861744875 69573872.55869535 173934.68139673836 0.0006247914609888009 0.32180095577844453
2641637.9861744875 69573872.55869535 173934.68139673836 1.6119337459933305e-05 0.32181707511590446
2641637.9861744875 69573872.55869535 173934.68139673836 0.005154357048924916 0.3269714321648294
2641637.9861744875 69573872.55869535 173934.68139673836 8.873349950301582e-05 0.3270601656643324
2641637.9861744875 69573872.55869535 173934.68139673836 4.599427748254706e-07 0.3270606256071072
2641637.9861744875 69573872.55869535 173934.68139673836 0.02768819243851821 0.3547488180456254
2641637.9861744875 69573872.55869535 173934.68139673836 0.00401561978988772 0.35876443783551315
2641637.9861744875 69573872.55869535 173934.68139673836 2.6948142949201857e-06 0.3587671326498081
2641637.9861744875 69573872.55869535 173934.68139673836 0.0011805705207104517 0.35994770317051855
2641637.9861744875 69573872.55869535 173934.68139673836 0.009163301420310964 0.3691110045908295
2641637.9861744875 69573872.55869535 173934.68139673836 0.00577157629102822 0.3748825808818577
2641637.9861744875 69573872.55869535 173934.68139673836 0.0021302326292170198 0.37701281351107474
2641637.9861744875 69573872.55869535 173934.68139673836 0.0 0.37701281351107474
2641637.9861744875 69573872.55869535 173934.68139673836 1.7562347371989767e-05 0.37703037585844673
2641637.9861744875 69573872.55869535 173934.68139673836 2.987415954644725e-07 0.3770306746000422
2641637.9861744875 69573872.55869535 173934.68139673836 0.0001071416647164034 0.3771378162647586
2641637.9861744875 69573872.55869535 173934.68139673836 1.6261432751842376e-07 0.3771379788790861
2641637.9861744875 69573872.55869535 173934.68139673836 0.001510517625904903 0.37864849650499105
2641637.9861744875 69573872.55869535 173934.68139673836 0.0003234866845038164 0.3789719831894949
2641637.9861744875 69573872.55869535 173934.68139673836 8.39001685022054e-06 0.3789803732063451
2641637.9861744875 69573872.55869535 173934.68139673836 0.0203274727741454 0.3993078459804905
2641637.9861744875 69573872.55869535 173934.68139673836 0.006665065385815065 0.4059729113663056
2641637.9861744875 69573872.55869535 173934.68139673836 1.30091462014739e-06 0.40597421228092573
2641637.9861744875 69573872.55869535 173934.68139673836 1.5523068650359633e-06 0.4059757645877908
2641637.9861744875 69573872.55869535 173934.68139673836 0.001425798714408295 0.40740156330219907
2641637.9861744875 69573872.55869535 173934.68139673836 5.932637809060342e-06 0.40740749594000814
2641637.9861744875 69573872.55869535 173934.68139673836 3.3400325758265164e-06 0.407410835972584
2641637.9861744875 69573872.55869535 173934.68139673836 0.004176603573203325 0.4115874395457873
2641637.9861744875 69573872.55869535 173934.68139673836 0.0004484257778817145 0.41203586532366904
2641637.9861744875 69573872.55869535 173934.68139673836 0.003984425507397775 0.4160202908310668
2641637.9861744875 69573872.55869535 173934.68139673836 0.000937981628359648 0.41695827245942646
2641637.9861744875 69573872.55869535 173934.68139673836 0.0017967117303728916 0.41875498418979934
2641637.9861744875 69573872.55869535 173934.68139673836 3.591458084214575e-05 0.41879089877064146
2641637.9861744875 69573872.55869535 173934.68139673836 0.00224798046361469 0.42103887923425615
2641637.9861744875 69573872.55869535 173934.68139673836 0.00017207515898753616 0.4212109543932437
2641637.9861744875 69573872.55869535 173934.68139673836 1.4718168794415059e-05 0.4212256725620381
2641637.9861744875 69573872.55869535 173934.68139673836 0.0031618810463959765 0.42438755360843405
2641637.9861744875 69573872.55869535 173934.68139673836 0.0012644890107832633 0.4256520426192173
2641637.9861744875 69573872.55869535 173934.68139673836 0.03063079074868005 0.4562828333678973
2641637.9861744875 69573872.55869535 173934.68139673836 0.00014590124801599585 0.4564287346159133
2641637.9861744875 69573872.55869535 173934.68139673836 0.0 0.4564287346159133
2641637.9861744875 69573872.55869535 173934.68139673836 0.002649822256843629 0.45907855687275695
2641637.9861744875 69573872.55869535 173934.68139673836 0.0015796950710734636 0.4606582519438304
2641637.9861744875 69573872.55869535 173934.68139673836 0.0016146690846816165 0.46227292102851203
2641637.9861744875 69573872.55869535 173934.68139673836 0.00012120812089261249 0.46239412914940464
2641637.9861744875 69573872.55869535 173934.68139673836 0.0003636166904466102 0.46275774583985124
2641637.9861744875 69573872.55869535 173934.68139673836 0.0002593799964728815 0.46301712583632415
2641637.9861744875 69573872.55869535 173934.68139673836 0.002437890395535506 0.46545501623185964
2641637.9861744875 69573872.55869535 173934.68139673836 0.0006847760699655956 0.46613979230182523
2641637.9861744875 69573872.55869535 173934.68139673836 0.0015449772830964101 0.4676847695849216
2641637.9861744875 69573872.55869535 173934.68139673836 0.00011176609428258935 0.4677965356792042
2641637.9861744875 69573872.55869535 173934.68139673836 0.012856062632706772 0.480652598311911
2641637.9861744875 69573872.55869535 173934.68139673836 0.0006513761308053111 0.4813039744427163
2641637.9861744875 69573872.55869535 173934.68139673836 0.00017207515898753616 0.4814760496017038
2641637.9861744875 69573872.55869535 173934.68139673836 5.3870275952272213e-05 0.4815299198776561
2641637.9861744875 69573872.55869535 173934.68139673836 0.002985882180054541 0.4845158020577106
2641637.9861744875 69573872.55869535 173934.68139673836 0.020220036033850617 0.5047358380915612
2641637.9861744875 69573872.55869535 173934.68139673836 0.015148272427249854 0.519884110518811
2641637.9861744875 69573872.55869535 173934.68139673836 0.003624487279295273 0.5235085977981063
2641637.9861744875 69573872.55869535 173934.68139673836 0.014079238254092748 0.5375878360521991
2641637.9861744875 69573872.55869535 173934.68139673836 0.003332221125273605 0.5409200571774727
2641637.9861744875 69573872.55869535 173934.68139673836 0.0 0.5409200571774727
2641637.9861744875 69573872.55869535 173934.68139673836 0.0020537019824425793 0.5429737591599153
2641637.9861744875 69573872.55869535 173934.68139673836 0.0007986014955271425 0.5437723606554424
2641637.9861744875 69573872.55869535 173934.68139673836 0.010231254547452034 0.5540036152028944
2641637.9861744875 69573872.55869535 173934.68139673836 0.009489795450764345 0.5634934106536588
2641637.9861744875 69573872.55869535 173934.68139673836 0.011570212240533352 0.5750636228941921
2641637.9861744875 69573872.55869535 173934.68139673836 0.002342293793138707 0.5774059166873308
2641637.9861744875 69573872.55869535 173934.68139673836 0.0005040959697825835 0.5779100126571134
2641637.9861744875 69573872.55869535 173934.68139673836 0.004797324439880924 0.5827073370969943
2641637.9861744875 69573872.55869535 173934.68139673836 0.0 0.5827073370969943
2641637.9861744875 69573872.55869535 173934.68139673836 0.0019164686646484836 0.5846238057616427
2641637.9861744875 69573872.55869535 173934.68139673836 0.0003400933944601298 0.5849638991561029
2641637.9861744875 69573872.55869535 173934.68139673836 0.00021683948339579722 0.5851807386394987
2641637.9861744875 69573872.55869535 173934.68139673836 0.0057075665693081595 0.5908883052088069
2641637.9861744875 69573872.55869535 173934.68139673836 0.008719161276564585 0.5996074664853714
2641637.9861744875 69573872.55869535 173934.68139673836 0.001109768051685235 0.6007172345370567
2641637.9861744875 69573872.55869535 173934.68139673836 0.018388134207418916 0.6191053687444756
2641637.9861744875 69573872.55869535 173934.68139673836 6.427895689185195e-07 0.6191060115340445
2641637.9861744875 69573872.55869535 173934.68139673836 0.0023255940211516536 0.6214316055551962
2641637.9861744875 69573872.55869535 173934.68139673836 0.0011862874907864938 0.6226178930459827
2641637.9861744875 69573872.55869535 173934.68139673836 0.0051423165513481564 0.6277602095973308
2641637.9861744875 69573872.55869535 173934.68139673836 0.0 0.6277602095973308
2641637.9861744875 69573872.55869535 173934.68139673836 0.0015650688704451573 0.629325278467776
2641637.9861744875 69573872.55869535 173934.68139673836 0.0002503846682190059 0.629575663135995
2641637.9861744875 69573872.55869535 173934.68139673836 0.001940670472389068 0.6315163336083841
2641637.9861744875 69573872.55869535 173934.68139673836 0.002091850641451109 0.6336081842498352
2641637.9861744875 69573872.55869535 173934.68139673836 0.0003549339980120633 0.6339631182478472
2641637.9861744875 69573872.55869535 173934.68139673836 0.0036570452672030273 0.6376201635150502
2641637.9861744875 69573872.55869535 173934.68139673836 0.0021302326292170198 0.6397503961442672
2641637.9861744875 69573872.55869535 173934.68139673836 0.0 0.6397503961442672
2641637.9861744875 69573872.55869535 173934.68139673836 0.006632890713472172 0.6463832868577394
2641637.9861744875 69573872.55869535 173934.68139673836 0.03429247474301248 0.6806757616007518
2641637.9861744875 69573872.55869535 173934.68139673836 0.005372641477912459 0.6860484030786643
2641637.9861744875 69573872.55869535 173934.68139673836 0.0012683396335960515 0.6873167427122604
2641637.9861744875 69573872.55869535 173934.68139673836 0.011293640867025336 0.6986103835792857
2641637.9861744875 69573872.55869535 173934.68139673836 0.0011107403750912016 0.6997211239543769
2641637.9861744875 69573872.55869535 173934.68139673836 0.0 0.6997211239543769
2641637.9861744875 69573872.55869535 173934.68139673836 0.0033948951138336515 0.7031160190682105
2641637.9861744875 69573872.55869535 173934.68139673836 0.007369479667127858 0.7104854987353384
2641637.9861744875 69573872.55869535 173934.68139673836 0.0012443767391907327 0.7117298754745292
2641637.9861744875 69573872.55869535 173934.68139673836 0.006097668678324826 0.717827544152854
2641637.9861744875 69573872.55869535 173934.68139673836 0.029979316588050742 0.7478068607409047
2641637.9861744875 69573872.55869535 173934.68139673836 0.001500851840756944 0.7493077125816617
2641637.9861744875 69573872.55869535 173934.68139673836 0.01136279016712941 0.7606705027487911
2641637.9861744875 69573872.55869535 173934.68139673836 0.001510517625904903 0.762181020374696
2641637.9861744875 69573872.55869535 173934.68139673836 8.449688319016674e-07 0.7621818653435279
2641637.9861744875 69573872.55869535 173934.68139673836 0.004884721652568189 0.7670665869960961
2641637.9861744875 69573872.55869535 173934.68139673836 0.0075494873625471335 0.7746160743586432
2641637.9861744875 69573872.55869535 173934.68139673836 0.016912784692248155 0.7915288590508913
2641637.9861744875 69573872.55869535 173934.68139673836 0.0 0.7915288590508913
2641637.9861744875 69573872.55869535 173934.68139673836 0.006452818462032606 0.7979816775129239
2641637.9861744875 69573872.55869535 173934.68139673836 0.0026823862627821443 0.8006640637757061
2641637.9861744875 69573872.55869535 173934.68139673836 0.004776548920428444 0.8054406126961345
2641637.9861744875 69573872.55869535 173934.68139673836 0.00458724171285808 0.8100278544089926
2641637.9861744875 69573872.55869535 173934.68139673836 0.0017933186853718226 0.8118211730943644
2641637.9861744875 69573872.55869535 173934.68139673836 0.004361348811040881 0.8161825219054053
2641637.9861744875 69573872.55869535 173934.68139673836 0.03068469440292183 0.8468672163083272
2641637.9861744875 69573872.55869535 173934.68139673836 0.006045319727417248 0.8529125360357445
2641637.9861744875 69573872.55869535 173934.68139673836 0.003884632164231875 0.8567971681999763
2641637.9861744875 69573872.55869535 173934.68139673836 7.25942076978668e-05 0.8568697624076742
2641637.9861744875 69573872.55869535 173934.68139673836 0.005663261373898863 0.862533023781573
2641637.9861744875 69573872.55869535 173934.68139673836 0.002091850641451109 0.8646248744230242
2641637.9861744875 69573872.55869535 173934.68139673836 0.006542648081066309 0.8711675225040905
2641637.9861744875 69573872.55869535 173934.68139673836 0.003624487279295273 0.8747920097833858
2641637.9861744875 69573872.55869535 173934.68139673836 0.0025539420394042694 0.8773459518227901
2641637.9861744875 69573872.55869535 173934.68139673836 0.0016146690846816165 0.8789606209074717
2641637.9861744875 69573872.55869535 173934.68139673836 0.0022860660441042582 0.881246686951576
2641637.9861744875 69573872.55869535 173934.68139673836 0.001856268254757033 0.8831029552063331
2641637.9861744875 69573872.55869535 173934.68139673836 0.00040528124448887734 0.883508236450822
2641637.9861744875 69573872.55869535 173934.68139673836 0.0 0.883508236450822
2641637.9861744875 69573872.55869535 173934.68139673836 0.004537749822844716 0.8880459862736667
2641637.9861744875 69573872.55869535 173934.68139673836 0.01213000197366781 0.9001759882473345
2641637.9861744875 69573872.55869535 173934.68139673836 0.0013092927697239945 0.9014852810170585
2641637.9861744875 69573872.55869535 173934.68139673836 0.005668342839250801 0.9071536238563093
2641637.9861744875 69573872.55869535 173934.68139673836 0.007557630988002884 0.9147112548443121
2641637.9861744875 69573872.55869535 173934.68139673836 0.016598620383042002 0.9313098752273542
2641637.9861744875 69573872.55869535 173934.68139673836 0.009118474260922542 0.9404283494882767
2641637.9861744875 69573872.55869535 173934.68139673836 0.001056367203608713 0.9414847166918854
2641637.9861744875 69573872.55869535 173934.68139673836 0.006586499308147341 0.9480712160000327
2641637.9861744875 69573872.55869535 173934.68139673836 0.010882988622724153 0.9589542046227569
2641637.9861744875 69573872.55869535 173934.68139673836 0.0028171494958060075 0.961771354118563
2641637.9861744875 69573872.55869535 173934.68139673836 0.02721313918973444 0.9889844933082974
2641637.9861744875 69573872.55869535 173934.68139673836 0.0037140394268048754 0.9926985327351023
2641637.9861744875 69573872.55869535 173934.68139673836 0.001972920980773751 0.9946714537158761
2641637.9861744875 69573872.55869535 173934.68139673836 0.00532854628412371 0.9999999999999998
801's generation extracting best parents:
0
141845.40903391974
0
0
0
0
0
0
0
14991.85485522055
153597.6106584995
0
1266811.7352661365
0
0
169613.4756910547
0
0
0
0
458248.26347297814
18101.933598375617
0
12132.516309488317
0
0
0
0
0
0
0
0
0
0
0
0
0
0
0
0
0
26105.018674576735
1107819.2217794382
0
26105.018674576735
13890.44966874723
202082.77658425024
184358.39600083313
0
0
0
0
0
0
0
0
0
0
0
13252.01871414314
0
67567.22578291934
0
0
0
0
0
0
231835.5279071782
9107.359661284932
0
0
0
0
0
22453.64184269447
0
0
307508.8580707879
0
0
0
0
177687.63797180713
0
0
0
0
698412.4855699531
0
0
0
0
0
187246.48452774753
18432.0
262920.1607484675
0
0
0
0
25396.30965317599
57141.69671964598
0
0
0
0
0
0
0
49392.0
0
0
166276.87752661222
0
357770.87639996636
44926.153808221774
0
37804.04549780354
0
0
0
0
0
0
0
72006.7676819339
0
109905.50355646435
28196.985654498603
0
0
8767.977189751351
328872.12982556
404792.0682226864
0
19967.17947032079
0
0
0
0
0
652206.4773428733
0
0
0
0
0
244566.83693420087
0
0
0
0
0
0
0
1714810.4138522136
0
17151.308288291013
297246.6495824638
0
0
0
0
64951.9052838329
401550.913334785
810352.6013878157
0
0
0
0
0
225902.84807412233
0
0
12727.922061357856
29004.006343951864
0
0
0
0
0
1005713.9792207326
0
0
1287648.139566085
0
362072.70200334076
0
0
0
11585.237502960395
276636.0497115298
0
0
0
0
372618.39490824926
0
0
0
30186.91769624716
0
50154.32184767331
144000.0
0
0
0
0
161800.582050869
0
118978.04839549185
13824.0
0
353593.1215620575
0
0
319152.1703263194
134155.96893168788
32221.576621884906
0
28269.749768966827
0
159381.59130840676
53618.65347059734
0
0
44938.710973947615
0
104976.0
272038.27992398426
0
0
0
19967.17947032079
2641637.9861744875
98009.2115670767
0
0
0
244376.10357807085
0
0
200018.79911648305
0
31244.063244078865
218576.63187083838
0
0
353593.1215620575
336520.73933117406
0
0
767633.1550525941
43469.16148259591
0
358608.58044391515
0
0
1926374.7720980982
279382.2195058232
0
82136.86295446157
637526.365233627
401550.913334785
148208.53346551946
0
0
0
0
0
105092.56080237078
22506.221362103413
0
1414261.0002287414
463714.40974806895
0
0
99198.33805059438
0
0
290582.4847302397
31198.717922376232
277211.9124713078
65259.01427389169
125004.19295367655
0
156400.70628996534
11971.93518191608
0
219984.30896770797
87975.39728810551
2131102.7319207303
10150.914835619498
0
184358.39600083313
109905.50355646435
112338.78112210405
8432.91835606156
25298.221281347032
18046.070818879107
169613.4756910547
47642.5230230306
107490.05260022901
0
894446.0632145463
45318.759912424786
11971.93518191608
0
207739.38627039408
1406786.2101513506
1053923.97533788
252169.61606030175
979547.1280137572
231835.5279071782
0
142884.0
55561.79867498892
711828.0
660241.8192995654
804984.4718999243
162962.4498588555
35071.908759005404
333768.4392029899
0
133336.14663698664
23661.614484223177
15086.362583472532
397097.5091133159
606625.8154744159
77210.86099766017
1279333.7059391502
0
161800.582050869
82534.614701954
357770.87639996636
0
108887.90213793266
17420.23099732033
135019.96012442012
145538.14994014456
24694.132744439517
254434.80136176338
148208.53346551946
0
461475.8931948667
2385860.267492629
373795.473487842
88243.30002895404
785742.3304060943
77278.50930239273
0
236196.0
512723.2391846502
86576.10866746091
424238.4235309197
2085777.1516938237
104420.07469830694
790553.3149990581
105092.56080237078
0
339849.00174047885
525247.0716453353
1176687.9267911266
0
448947.569321853
186624.0
332323.0058602624
319152.1703263194
124768.12567318625
303435.92636337574
2134853.017891396
420596.30429189454
270268.90313167736
0
394015.02509422146
145538.14994014456
455197.3637885
252169.61606030175
177687.63797180713
112338.78112210405
159050.46761327048
129147.77099121765
28196.985654498603
0
315708.8278778406
843931.2114526872
91092.56830279845
394368.5623170285
525813.6552049594
1154830.2991799272
634407.5661591687
73495.55719905796
458248.26347297814
757171.6634951417
196000.0
1893323.477908622
258400.1057584923
137263.75288472918
370727.60009473265
