0 2 80 16 164.31676725154983 2629.0682760247973
1 0 50 0 1.0 0.0
2 4 57 64 430.34056281043274 27541.796019867696
3 1 53 4 5.196152422706632 20.784609690826528
4 2 20 16 89.44271909999159 1431.0835055998655
5 1 57 4 18.520259177452132 74.08103670980853
6 0 20 0 89.44271909999159 0.0
7 3 38 36 234.2477321128211 8432.91835606156
8 0 50 0 1.0 0.0
9 0 50 0 1.0 0.0
10 3 18 36 76.36753236814714 2749.231165253297
11 2 30 16 164.31676725154983 2629.0682760247973
12 1 17 4 70.09279563550022 280.3711825420009
13 0 50 0 1.0 0.0
14 8 93 256 896.8595207723448 229596.03731772027
15 1 51 4 1.0 4.0
16 0 50 0 1.0 0.0
17 0 50 0 1.0 0.0
18 0 50 0 1.0 0.0
19 1 12 4 41.569219381653056 166.27687752661222
20 3 54 36 396.81733833087486 14285.424179911495
21 0 50 0 1.0 0.0
22 2 23 16 110.30412503619254 1764.8660005790807
23 4 85 64 207.06279240848656 13252.01871414314
24 0 50 0 1.0 0.0
25 0 50 0 1.0 0.0
26 0 50 0 1.0 0.0
27 0 6 0 14.696938456699069 0.0
28 0 50 0 1.0 0.0
29 15 184 900 2495.8974337900986 2246307.6904110885
30 0 5 0 11.180339887498949 0.0
31 1 19 4 82.8190799272728 331.2763197090912
32 5 60 100 464.75800154489 46475.800154489
33 7 67 196 548.4186357154541 107490.05260022901
34 0 5 0 11.180339887498949 0.0
35 2 19 16 82.8190799272728 1325.1052788363647
36 26 435 2704 9072.644322357182 24532430.24765382
37 3 34 36 198.25236442474022 7137.085119290648
38 0 50 0 1.0 0.0
39 3 37 36 225.06221362103412 8102.239690357228
40 0 50 0 1.0 0.0
41 17 254 1156 4048.0938724293437 4679596.516528321
42 6 64 144 512.0 73728.0
43 1 54 4 8.0 32.0
44 1 10 4 31.622776601683793 126.49110640673517
45 1 25 4 125.0 500.0
46 0 50 0 1.0 0.0
47 2 30 16 164.31676725154983 2629.0682760247973
48 1 7 4 18.520259177452132 74.08103670980853
49 13 168 676 2177.5288746650413 1472009.519273568
50 1 11 4 36.4828726939094 145.9314907756376
51 2 19 16 82.8190799272728 1325.1052788363647
52 4 81 64 729.0 46656.0
53 6 76 144 662.5526394181824 95407.58007621826
54 0 50 0 1.0 0.0
55 0 50 0 1.0 0.0
56 2 17 16 70.09279563550022 1121.4847301680036
57 7 118 196 1281.8080979616254 251234.38720047858
58 1 14 4 52.38320341483518 209.53281365934072
59 3 88 36 825.5131737289236 29718.47425424125
60 0 50 0 1.0 0.0
61 0 50 0 1.0 0.0
62 0 50 0 1.0 0.0
63 0 50 0 1.0 0.0
64 2 64 16 52.38320341483518 838.1312546373629
65 4 28 64 148.16207341961706 9482.372698855492
66 1 27 4 140.29611541307906 561.1844616523163
67 0 50 0 1.0 0.0
68 8 98 256 970.1505037879432 248358.52896971346
69 1 53 4 5.196152422706632 20.784609690826528
70 3 28 36 148.16207341961706 5333.834643106215
71 21 236 1764 3625.500792993983 6395383.398841386
72 0 50 0 1.0 0.0
73 0 50 0 1.0 0.0
74 10 166 400 2138.760388636371 855504.1554545483
75 11 151 484 1855.5190648441207 898071.2273845545
76 0 50 0 1.0 0.0
77 1 9 4 27.0 108.0
78 0 50 0 1.0 0.0
79 16 243 1024 3787.995116153135 3878906.99894081
80 4 92 64 272.19110933313016 17420.23099732033
81 0 50 0 1.0 0.0
82 1 11 4 36.4828726939094 145.9314907756376
83 13 236 676 3625.500792993983 2450838.5360639323
84 4 46 64 311.9871792237623 19967.17947032079
85 6 328 144 688.877347573572 99198.33805059438
86 0 50 0 1.0 0.0
87 15 218 900 3218.7314271308815 2896858.284417793
88 1 52 4 2.8284271247461903 11.313708498984761
89 3 28 36 148.16207341961706 5333.834643106215
90 0 50 0 1.0 0.0
91 2 73 16 110.30412503619254 1764.8660005790807
92 0 50 0 1.0 0.0
93 0 50 0 1.0 0.0
94 10 430 400 2414.953415699773 965981.3662799092
95 14 236 784 3625.500792993983 2842392.6217072825
96 5 94 100 911.3638131942698 91136.38131942699
97 14 159 784 2004.9137138540402 1571852.3516615676
98 0 50 0 1.0 0.0
99 5 94 100 291.8629815512752 29186.29815512752
100 0 50 0 1.0 0.0
101 1 53 4 5.196152422706632 20.784609690826528
102 0 50 0 1.0 0.0
103 1 14 4 52.38320341483518 209.53281365934072
104 17 188 1156 2577.7261297507926 2979851.405991916
105 9 124 324 1380.8055619818454 447381.0020821179
106 3 75 36 649.519052838329 23382.685902179845
107 2 69 16 82.8190799272728 1325.1052788363647
108 1 56 4 14.696938456699069 58.787753826796276
109 14 176 784 2334.9038524102016 1830564.6202895981
110 0 50 0 1.0 0.0
111 3 89 36 243.55492193753753 8767.977189751351
112 23 510 2116 11517.42158644894 24370864.076925956
113 0 6 0 14.696938456699069 0.0
114 1 19 4 82.8190799272728 331.2763197090912
115 2 21 16 96.23408959407264 1539.7454335051623
116 0 50 0 1.0 0.0
117 0 50 0 1.0 0.0
118 0 50 0 1.0 0.0
119 0 5 0 11.180339887498949 0.0
120 2 11 16 36.4828726939094 583.7259631025504
121 1 54 4 8.0 32.0
122 0 50 0 1.0 0.0
123 13 204 676 2913.702798845483 1969663.0920195465
124 4 48 64 332.55375505322445 21283.440323406365
125 2 24 16 117.57550765359255 1881.2081224574808
126 2 12 16 41.569219381653056 665.1075101064489
127 0 50 0 1.0 0.0
128 6 86 144 797.5311906126306 114844.4914482188
129 17 200 1156 2828.42712474619 3269661.756206596
130 27 346 2916 6435.972032257443 18767294.446062703
131 1 20 4 89.44271909999159 357.77087639996637
132 1 16 4 64.0 256.0
133 1 16 4 64.0 256.0
134 0 50 0 1.0 0.0
135 1 55 4 11.180339887498949 44.721359549995796
136 3 64 36 52.38320341483518 1885.7953229340665
137 0 6 0 14.696938456699069 0.0
138 0 5 0 11.180339887498949 0.0
139 5 50 100 353.5533905932738 35355.33905932738
140 4 37 64 225.06221362103412 14403.981671746184
141 0 50 0 1.0 0.0
142 33 710 4356 18918.535884153403 82409142.31137222
143 0 50 0 1.0 0.0
144 0 5 0 11.180339887498949 0.0
145 3 95 36 301.8691769624716 10867.290370648978
146 0 50 0 1.0 0.0
147 10 381 400 1499.363531636007 599745.4126544029
148 0 50 0 1.0 0.0
149 0 50 0 1.0 0.0
150 5 58 100 441.7148401401067 44171.48401401067
151 1 54 4 8.0 32.0
152 9 354 324 1060.5960588272992 343633.12306004495
153 2 55 16 11.180339887498949 178.88543819998318
154 0 50 0 1.0 0.0
155 4 97 64 322.21576621884907 20621.80903800634
156 0 7 0 18.520259177452132 0.0
157 5 68 100 560.7423650840018 56074.23650840018
158 2 40 16 252.98221281347034 4047.7154050155254
159 0 50 0 1.0 0.0
160 1 55 4 11.180339887498949 44.721359549995796
161 3 40 36 252.98221281347034 9107.359661284932
162 1 56 4 14.696938456699069 58.787753826796276
163 5 36 100 216.0 21600.0
164 2 63 16 46.87216658103186 749.9546652965098
165 1 10 4 31.622776601683793 126.49110640673517
166 2 17 16 70.09279563550022 1121.4847301680036
167 0 50 0 1.0 0.0
168 0 50 0 1.0 0.0
169 3 37 36 225.06221362103412 8102.239690357228
170 0 50 0 1.0 0.0
171 0 50 0 1.0 0.0
172 2 36 16 216.0 3456.0
173 0 50 0 1.0 0.0
174 3 51 36 364.21284985568536 13111.662594804673
175 0 50 0 1.0 0.0
176 1 25 4 125.0 500.0
177 0 50 0 1.0 0.0
178 2 21 16 96.23408959407264 1539.7454335051623
179 0 50 0 1.0 0.0
180 5 118 100 560.7423650840018 56074.23650840018
181 0 50 0 1.0 0.0
182 5 92 100 882.4330002895404 88243.30002895404
183 1 6 4 14.696938456699069 58.787753826796276
184 1 19 4 82.8190799272728 331.2763197090912
185 0 50 0 1.0 0.0
186 0 50 0 1.0 0.0
187 0 50 0 1.0 0.0
188 4 64 64 512.0 32768.0
189 0 50 0 1.0 0.0
190 1 55 4 11.180339887498949 44.721359549995796
191 14 250 784 3952.847075210474 3099032.1069650115
192 0 50 0 1.0 0.0
193 1 56 4 14.696938456699069 58.787753826796276
194 0 50 0 1.0 0.0
195 1 53 4 5.196152422706632 20.784609690826528
196 4 101 64 364.21284985568536 23309.622390763863
197 2 20 16 89.44271909999159 1431.0835055998655
198 2 69 16 82.8190799272728 1325.1052788363647
199 0 50 0 1.0 0.0
200 16 218 1024 3218.7314271308815 3295980.9813820226
201 5 134 100 769.8727167525811 76987.27167525812
202 0 50 0 1.0 0.0
203 17 249 1156 3929.1537256768156 4542101.706882399
204 2 55 16 11.180339887498949 178.88543819998318
205 10 155 400 1929.7344376882536 771893.7750753014
206 6 325 144 649.519052838329 93530.74360871938
207 16 218 1024 3218.7314271308815 3295980.9813820226
208 2 22 16 103.18914671611545 1651.0263474578471
209 7 108 196 1122.3689233046325 219984.30896770797
210 2 58 16 22.627416997969522 362.03867196751236
211 8 88 256 825.5131737289236 211331.37247460443
212 1 59 4 27.0 108.0
213 5 140 100 853.8149682454624 85381.49682454624
214 10 171 400 2236.1151580363658 894446.0632145463
215 5 55 100 407.8909167902615 40789.09167902615
216 9 166 324 2138.760388636371 692958.3659181842
217 0 50 0 1.0 0.0
218 8 123 256 1364.1359902883582 349218.8135138197
219 3 38 36 234.2477321128211 8432.91835606156
220 16 322 1024 5778.083419266288 5916757.421328679
221 7 99 196 985.0375627355537 193067.36229616852
222 6 78 144 688.877347573572 99198.33805059438
223 1 10 4 31.622776601683793 126.49110640673517
224 5 70 100 585.6620185738528 58566.201857385284
225 4 29 64 156.16977940690063 9994.86588204164
226 5 77 100 140.29611541307906 14029.611541307906
227 1 13 4 46.87216658103186 187.48866632412745
228 0 50 0 1.0 0.0
229 16 174 1024 2295.2176367394877 2350302.8600212354
230 10 220 400 3263.127334322092 1305250.9337288367
231 0 50 0 1.0 0.0
232 7 145 196 1746.0312139248829 342222.11792927707
233 10 427 400 2354.8318411300625 941932.736452025
234 5 95 100 301.8691769624716 30186.91769624716
235 4 14 64 52.38320341483518 3352.5250185494515
236 13 222 676 3307.7255025167974 2236022.439701355
237 7 103 196 1045.3358312044986 204885.82291608173
238 31 495 3844 11013.054753337059 42334182.471827656
239 21 260 1764 4192.374029115246 7395347.7873592945
240 16 273 1024 4510.7002782273175 4618957.084904773
241 8 101 256 1015.0374377332099 259849.58405970174
242 2 30 16 164.31676725154983 2629.0682760247973
243 0 50 0 1.0 0.0
244 0 5 0 11.180339887498949 0.0
245 1 52 4 2.8284271247461903 11.313708498984761
246 0 50 0 1.0 0.0
247 17 198 1156 2786.1069613351174 3220739.647303396
248 6 71 144 598.2566338955214 86148.95528095508
249 17 263 1156 4265.143256679663 4930505.6047216905
250 18 285 1296 4811.353759598228 6235514.472439303
251 14 150 784 1837.1173070873836 1440299.9687565088
252 8 318 256 560.7423650840018 143550.04546150446
253 3 34 36 198.25236442474022 7137.085119290648
254 8 347 256 955.3392067742221 244566.83693420087
255 10 154 400 1911.089741482592 764435.8965930368
256 17 245 1156 3834.8565814121393 4433094.208112434
257 0 50 0 1.0 0.0
258 0 50 0 1.0 0.0
259 21 450 1764 9545.941546018392 16839040.887176443
260 7 104 196 1060.5960588272992 207876.82753015065
261 0 50 0 1.0 0.0
262 13 215 676 3152.518834202264 2131102.7319207303
263 11 128 484 1448.1546878700494 700906.868929104
264 25 502 2500 11247.488964208856 28118722.41052214
265 5 119 100 573.1570465413472 57315.70465413472
266 11 163 484 2081.044689573004 1007225.6297533339
267 1 9 4 27.0 108.0
268 9 122 324 1347.5340440968457 436601.030287378
269 19 324 1444 5832.0 8421408.0
270 12 173 576 2275.4597337681016 1310664.8066504265
271 24 462 2304 9930.31359021456 22879442.511854347
272 6 49 144 343.0 49392.0
273 13 153 676 1892.505482158506 1279333.7059391502
274 13 199 676 2807.240459953511 1897694.5509285736
275 14 167 784 2158.1156132144542 1691962.640760132
276 13 281 676 4710.418346601499 3184242.8023026134
277 18 304 1296 5300.421115345459 6869345.765487715
278 11 426 484 2334.9038524102016 1130093.4645665376
279 0 50 0 1.0 0.0
280 24 372 2304 7174.8761661787585 16530914.68687586
281 15 204 900 2913.702798845483 2622332.5189609346
282 4 55 64 407.8909167902615 26105.018674576735
283 26 554 2704 13039.61134390132 35259109.07390917
284 17 270 1156 4436.552715791846 5128654.939455374
285 2 73 16 110.30412503619254 1764.8660005790807
286 4 59 64 453.18759912424787 29004.006343951864
287 12 135 576 1568.5582552140038 903489.5550032662
288 11 236 484 3625.500792993983 1754742.3838090878
289 1 56 4 14.696938456699069 58.787753826796276
290 15 227 900 3420.0998523434955 3078089.867109146
291 23 329 2116 5967.519501434411 12627271.265035214
292 7 110 196 1153.6897329871667 226123.18766548467
293 0 50 0 1.0 0.0
294 14 176 784 2334.9038524102016 1830564.6202895981
295 20 309 1600 5431.724311855306 8690758.89896849
296 14 267 784 4362.815948444308 3420447.703580337
297 10 116 400 1249.358235255205 499743.294102082
298 0 50 0 1.0 0.0
299 10 132 400 1516.5645386860397 606625.8154744159
300 22 362 1936 6887.519727739442 13334238.19290356
301 13 203 676 2892.3047903013266 1955198.0382436968
302 14 192 784 2660.4300404257956 2085777.1516938237
303 2 29 16 156.16977940690063 2498.71647051041
304 12 407 576 1967.204361524242 1133109.7122379635
305 4 99 64 343.0 21952.0
306 6 62 144 488.18848818873226 70299.14229917745
307 25 250 2500 3952.847075210474 9882117.688026184
308 0 50 0 1.0 0.0
309 6 120 144 1314.5341380123987 189292.91587378542
310 9 91 324 868.0846732894205 281259.43414577225
311 10 98 400 970.1505037879432 388060.20151517726
312 20 346 1600 6435.972032257443 10297555.251611909
313 13 238 676 3671.68517168888 2482059.176061683
314 5 114 100 512.0 51200.0
315 25 459 2500 9833.746946103505 24584367.365258764
316 10 223 400 3330.1001486441814 1332040.0594576725
317 31 431 3844 8947.792521063506 34395314.45096812
318 14 238 784 3671.68517168888 2878601.174604082
319 3 47 36 322.21576621884907 11599.767583878567
320 16 150 1024 1837.1173070873836 1881208.1224574808
321 22 238 1936 3671.68517168888 7108382.4923896715
322 1 7 4 18.520259177452132 74.08103670980853
323 12 208 576 2999.818661186039 1727895.5488431586
324 21 418 1764 8546.030189509045 15075197.254293956
325 0 50 0 1.0 0.0
326 14 331 784 6022.017186956544 4721261.474573931
327 12 111 576 1169.4575665666541 673607.5583423928
328 20 360 1600 6830.519745963699 10928831.593541918
329 12 414 576 2100.2247498779743 1209729.4559297133
330 11 116 484 1249.358235255205 604689.3858635193
331 16 216 1024 3174.538706646999 3250727.635606527
332 18 280 1296 4685.296148590823 6072143.808573706
333 27 389 2916 7672.279257169932 22372366.313907523
334 11 432 484 2455.3142365082317 1188372.090469984
335 7 331 196 729.0 142884.0
336 27 380 2916 7407.563702054813 21600455.755191833
337 0 50 0 1.0 0.0
338 12 150 576 1837.1173070873836 1058179.5688823329
339 10 129 400 1465.1583532164707 586063.3412865882
340 11 96 484 940.6040612287404 455252.36563471035
341 13 129 676 1465.1583532164707 990447.0467743342
342 23 378 2116 7349.159951994514 15550822.458420392
343 22 450 1936 9545.941546018392 18480942.833091605
344 31 595 3844 14513.609992004056 55790316.809263594
345 9 154 324 1911.089741482592 619193.0762403598
346 16 310 1024 5458.113227114292 5589107.944565035
347 8 131 256 1499.363531636007 383837.0640988178
348 16 217 1024 3196.609610196403 3273328.2408411168
349 12 172 576 2255.7588523598884 1299317.0989592958
350 11 171 484 2236.1151580363658 1082279.736489601
351 24 331 2304 6022.017186956544 13874727.598747877
352 13 212 676 3086.7665930549397 2086654.2169051392
353 13 233 676 3556.5906427363834 2404255.2744897953
354 15 203 900 2892.3047903013266 2603074.311271194
355 24 267 2304 4362.815948444308 10051927.945215685
356 14 189 784 2598.3204190399615 2037083.2085273298
357 23 338 2116 6214.054393067379 13148939.095730575
358 30 364 3600 6944.677386315364 25000838.59073531
359 16 204 1024 2913.702798845483 2983631.6660177745
360 5 50 100 353.5533905932738 35355.33905932738
361 6 331 144 729.0 104976.0
362 17 352 1156 6604.1053898313885 7634345.830645085
363 20 339 1600 6241.651944797947 9986643.111676715
364 18 235 1296 3602.4817834376345 4668816.391335174
365 15 193 900 2681.2416899638124 2413117.5209674314
366 15 258 900 4144.093628285925 3729684.265457332
367 29 453 3364 9641.559884168122 32434207.450341564
368 15 198 900 2786.1069613351174 2507496.265201606
369 20 357 1600 6745.316375085753 10792506.200137205
370 11 141 484 1674.2822342723464 810352.6013878157
371 24 312 2304 5511.018780588576 12697387.27047608
372 12 164 576 2100.2247498779743 1209729.4559297133
373 9 113 324 1201.2064768390153 389190.89849584096
374 25 333 2500 6076.6797677679215 15191699.419419805
375 10 109 400 1137.99340947125 455197.3637885
376 17 223 1156 3330.1001486441814 3849595.771832674
377 13 190 676 2618.969262897142 1770423.221718468
378 14 198 784 2786.1069613351174 2184307.857686732
379 13 251 676 3976.5878589564695 2688173.3926545735
380 18 242 1296 3764.636503037179 4878968.907936184
381 20 347 1600 6463.8937955384135 10342230.072861461
382 12 233 576 3556.5906427363834 2048596.210216157
383 9 380 324 1482.2280526288794 480241.88905175694
384 27 486 2916 10714.068134933621 31242222.681466438
385 8 114 256 1217.1869207315694 311599.8517072818
386 15 252 900 4000.375982329661 3600338.3840966946
387 21 302 1764 5248.200453488796 9257825.599954236
388 16 223 1024 3330.1001486441814 3410022.552211642
389 19 284 1444 4786.053071164171 6911060.634761063
390 13 182 676 2455.3142365082317 1659792.4238795647
391 10 130 400 1482.2280526288794 592891.2210515518
392 18 328 1296 5940.332650618146 7698671.115201117
393 18 216 1296 3174.538706646999 4114202.1638145107
394 17 259 1156 4168.21052731265 4818451.369573424
395 8 99 256 985.0375627355537 252169.61606030175
396 21 488 1764 10780.272352774766 19016400.430294685
397 8 71 256 598.2566338955214 153153.69827725348
398 20 290 1600 4938.522046118656 7901635.27378985
399 11 120 484 1314.5341380123987 636234.522798001
2201's generation fitness ratios and roulette cutoffs:
82409142.31137222 1111924276.8340216 2779810.692085054 2.364431041572844e-06 2.364431041572844e-06
82409142.31137222 1111924276.8340216 2779810.692085054 0.0 2.364431041572844e-06
82409142.31137222 1111924276.8340216 2779810.692085054 2.4769488888476617e-05 2.713391993004946e-05
82409142.31137222 1111924276.8340216 2779810.692085054 1.8692468654436147e-08 2.7152612398703898e-05
82409142.31137222 1111924276.8340216 2779810.692085054 1.2870332408557396e-06 2.8439645639559638e-05
82409142.31137222 1111924276.8340216 2779810.692085054 6.662417419353342e-08 2.8506269813753172e-05
82409142.31137222 1111924276.8340216 2779810.692085054 0.0 2.8506269813753172e-05
82409142.31137222 1111924276.8340216 2779810.692085054 7.584076120788172e-06 3.609034593454134e-05
82409142.31137222 1111924276.8340216 2779810.692085054 0.0 3.609034593454134e-05
82409142.31137222 1111924276.8340216 2779810.692085054 0.0 3.609034593454134e-05
82409142.31137222 1111924276.8340216 2779810.692085054 2.4724985527622207e-06 3.856284448730356e-05
82409142.31137222 1111924276.8340216 2779810.692085054 2.364431041572844e-06 4.0927275528876403e-05
82409142.31137222 1111924276.8340216 2779810.692085054 2.5214952886926875e-07 4.1179425057745674e-05
82409142.31137222 1111924276.8340216 2779810.692085054 0.0 4.1179425057745674e-05
82409142.31137222 1111924276.8340216 2779810.692085054 0.00020648531748173387 0.00024766474253947954
82409142.31137222 1111924276.8340216 2779810.692085054 3.5973672698191167e-09 0.00024766833990674933
82409142.31137222 1111924276.8340216 2779810.692085054 0.0 0.00024766833990674933
82409142.31137222 1111924276.8340216 2779810.692085054 0.0 0.00024766833990674933
82409142.31137222 1111924276.8340216 2779810.692085054 0.0 0.00024766833990674933
82409142.31137222 1111924276.8340216 2779810.692085054 1.4953974923548918e-07 0.00024781787965598483
82409142.31137222 1111924276.8340216 2779810.692085054 1.2847479345074053e-05 0.0002606653590010589
82409142.31137222 1111924276.8340216 2779810.692085054 0.0 0.0002606653590010589
82409142.31137222 1111924276.8340216 2779810.692085054 1.5872177965249379e-06 0.00026225257679758385
82409142.31137222 1111924276.8340216 2779810.692085054 1.1918094595322237e-05 0.0002741706713929061
82409142.31137222 1111924276.8340216 2779810.692085054 0.0 0.0002741706713929061
82409142.31137222 1111924276.8340216 2779810.692085054 0.0 0.0002741706713929061
82409142.31137222 1111924276.8340216 2779810.692085054 0.0 0.0002741706713929061
82409142.31137222 1111924276.8340216 2779810.692085054 0.0 0.0002741706713929061
82409142.31137222 1111924276.8340216 2779810.692085054 0.0 0.0002741706713929061
82409142.31137222 1111924276.8340216 2779810.692085054 0.002020198440856956 0.002294369112249862
82409142.31137222 1111924276.8340216 2779810.692085054 0.0 0.002294369112249862
82409142.31137222 1111924276.8340216 2779810.692085054 2.979306474469046e-07 0.0022946670428973088
82409142.31137222 1111924276.8340216 2779810.692085054 4.179763057860324e-05 0.002336464673475912
82409142.31137222 1111924276.8340216 2779810.692085054 9.667029926379977e-05 0.0024331349727397117
82409142.31137222 1111924276.8340216 2779810.692085054 0.0 0.0024331349727397117
82409142.31137222 1111924276.8340216 2779810.692085054 1.1917225897876183e-06 0.0024343266953294994
82409142.31137222 1111924276.8340216 2779810.692085054 0.022063040405507585 0.024497367100837084
82409142.31137222 1111924276.8340216 2779810.692085054 6.418679102512312e-06 0.024503785779939596
82409142.31137222 1111924276.8340216 2779810.692085054 0.0 0.024503785779939596
82409142.31137222 1111924276.8340216 2779810.692085054 7.286682968580117e-06 0.024511072462908175
82409142.31137222 1111924276.8340216 2779810.692085054 0.0 0.024511072462908175
82409142.31137222 1111924276.8340216 2779810.692085054 0.004208556836129635 0.028719629299037812
82409142.31137222 1111924276.8340216 2779810.692085054 6.630667351730596e-05 0.02878593597255512
82409142.31137222 1111924276.8340216 2779810.692085054 2.8778938158552934e-08 0.028785964751493278
82409142.31137222 1111924276.8340216 2779810.692085054 1.1375874152769907e-07 0.028786078510234805
82409142.31137222 1111924276.8340216 2779810.692085054 4.496709087273896e-07 0.028786528181143533
82409142.31137222 1111924276.8340216 2779810.692085054 0.0 0.028786528181143533
82409142.31137222 1111924276.8340216 2779810.692085054 2.364431041572844e-06 0.028788892612185105
82409142.31137222 1111924276.8340216 2779810.692085054 6.662417419353342e-08 0.0287889592363593
82409142.31137222 1111924276.8340216 2779810.692085054 0.0013238397163742265 0.030112798952733527
82409142.31137222 1111924276.8340216 2779810.692085054 1.3124229213804726e-07 0.030112930195025665
82409142.31137222 1111924276.8340216 2779810.692085054 1.1917225897876183e-06 0.030114121917615453
82409142.31137222 1111924276.8340216 2779810.692085054 4.1959691835170176e-05 0.030156081609450623
82409142.31137222 1111924276.8340216 2779810.692085054 8.580402646470851e-05 0.03024188563591533
82409142.31137222 1111924276.8340216 2779810.692085054 0.0 0.03024188563591533
82409142.31137222 1111924276.8340216 2779810.692085054 0.0 0.03024188563591533
82409142.31137222 1111924276.8340216 2779810.692085054 1.008598115477075e-06 0.030242894234030808
82409142.31137222 1111924276.8340216 2779810.692085054 0.0002259455903920161 0.030468839824422823
82409142.31137222 1111924276.8340216 2779810.692085054 1.8844162145280506e-07 0.030469028266044276
82409142.31137222 1111924276.8340216 2779810.692085054 2.672706664779239e-05 0.030495755332692068
82409142.31137222 1111924276.8340216 2779810.692085054 0.0 0.030495755332692068
82409142.31137222 1111924276.8340216 2779810.692085054 0.0 0.030495755332692068
82409142.31137222 1111924276.8340216 2779810.692085054 0.0 0.030495755332692068
82409142.31137222 1111924276.8340216 2779810.692085054 0.0 0.030495755332692068
82409142.31137222 1111924276.8340216 2779810.692085054 7.537664858112202e-07 0.03049650909917788
82409142.31137222 1111924276.8340216 2779810.692085054 8.527894296772278e-06 0.030505036993474653
82409142.31137222 1111924276.8340216 2779810.692085054 5.04696653669776e-07 0.030505541690128323
82409142.31137222 1111924276.8340216 2779810.692085054 0.0 0.030505541690128323
82409142.31137222 1111924276.8340216 2779810.692085054 0.00022335921082401755 0.03072890090095234
82409142.31137222 1111924276.8340216 2779810.692085054 1.8692468654436147e-08 0.030728919593420993
82409142.31137222 1111924276.8340216 2779810.692085054 4.796940541934406e-06 0.030733716533962927
82409142.31137222 1111924276.8340216 2779810.692085054 0.005751635729234135 0.03648535226319706
82409142.31137222 1111924276.8340216 2779810.692085054 0.0 0.03648535226319706
82409142.31137222 1111924276.8340216 2779810.692085054 0.0 0.03648535226319706
82409142.31137222 1111924276.8340216 2779810.692085054 0.0007693906620066095 0.03725474292520367
82409142.31137222 1111924276.8340216 2779810.692085054 0.0008076730098398694 0.03806241593504354
82409142.31137222 1111924276.8340216 2779810.692085054 0.0 0.03806241593504354
82409142.31137222 1111924276.8340216 2779810.692085054 9.712891628511616e-08 0.03806251306395982
82409142.31137222 1111924276.8340216 2779810.692085054 0.0 0.03806251306395982
82409142.31137222 1111924276.8340216 2779810.692085054 0.0034884632701654913 0.041550976334125314
82409142.31137222 1111924276.8340216 2779810.692085054 1.5666742205612147e-05 0.04156664307633093
82409142.31137222 1111924276.8340216 2779810.692085054 0.0 0.04156664307633093
82409142.31137222 1111924276.8340216 2779810.692085054 1.3124229213804726e-07 0.041566774318623066
82409142.31137222 1111924276.8340216 2779810.692085054 0.0022041415833119475 0.04377091590193501
82409142.31137222 1111924276.8340216 2779810.692085054 1.7957319474284054e-05 0.0437888732214093
82409142.31137222 1111924276.8340216 2779810.692085054 8.921321363091512e-05 0.043878086435040216
82409142.31137222 1111924276.8340216 2779810.692085054 0.0 0.043878086435040216
82409142.31137222 1111924276.8340216 2779810.692085054 0.002605265794417232 0.046483352229457445
82409142.31137222 1111924276.8340216 2779810.692085054 1.0174891163630538e-08 0.04648336240434861
82409142.31137222 1111924276.8340216 2779810.692085054 4.796940541934406e-06 0.04648815934489055
82409142.31137222 1111924276.8340216 2779810.692085054 0.0 0.04648815934489055
82409142.31137222 1111924276.8340216 2779810.692085054 1.5872177965249379e-06 0.046489746562687076
82409142.31137222 1111924276.8340216 2779810.692085054 0.0 0.046489746562687076
82409142.31137222 1111924276.8340216 2779810.692085054 0.0 0.046489746562687076
82409142.31137222 1111924276.8340216 2779810.692085054 0.0008687474375776243 0.0473584940002647
82409142.31137222 1111924276.8340216 2779810.692085054 0.002556282546326282 0.04991477654659098
82409142.31137222 1111924276.8340216 2779810.692085054 8.196275881206525e-05 0.04999673930540305
82409142.31137222 1111924276.8340216 2779810.692085054 0.0014136325507138829 0.05141037185611693
82409142.31137222 1111924276.8340216 2779810.692085054 0.0 0.05141037185611693
82409142.31137222 1111924276.8340216 2779810.692085054 2.624845842760945e-05 0.05143662031454454
82409142.31137222 1111924276.8340216 2779810.692085054 0.0 0.05143662031454454
82409142.31137222 1111924276.8340216 2779810.692085054 1.8692468654436147e-08 0.051436639007013195
82409142.31137222 1111924276.8340216 2779810.692085054 0.0 0.051436639007013195
82409142.31137222 1111924276.8340216 2779810.692085054 1.8844162145280506e-07 0.05143682744863465
82409142.31137222 1111924276.8340216 2779810.692085054 0.002679904979209949 0.054116732427844594
82409142.31137222 1111924276.8340216 2779810.692085054 0.00040234844350727227 0.05451908087135186
82409142.31137222 1111924276.8340216 2779810.692085054 2.1029027236240666e-05 0.0545401098985881
82409142.31137222 1111924276.8340216 2779810.692085054 1.1917225897876183e-06 0.05454130162117789
82409142.31137222 1111924276.8340216 2779810.692085054 5.2870285370675115e-08 0.05454135449146326
82409142.31137222 1111924276.8340216 2779810.692085054 0.001646303312579665 0.056187657804042924
82409142.31137222 1111924276.8340216 2779810.692085054 0.0 0.056187657804042924
82409142.31137222 1111924276.8340216 2779810.692085054 7.885408541233028e-06 0.05619554321258416
82409142.31137222 1111924276.8340216 2779810.692085054 0.02191773719188598 0.07811328040447013
82409142.31137222 1111924276.8340216 2779810.692085054 0.0 0.07811328040447013
82409142.31137222 1111924276.8340216 2779810.692085054 2.979306474469046e-07 0.07811357833511758
82409142.31137222 1111924276.8340216 2779810.692085054 1.3847574565862295e-06 0.07811496309257417
82409142.31137222 1111924276.8340216 2779810.692085054 0.0 0.07811496309257417
82409142.31137222 1111924276.8340216 2779810.692085054 0.0 0.07811496309257417
82409142.31137222 1111924276.8340216 2779810.692085054 0.0 0.07811496309257417
82409142.31137222 1111924276.8340216 2779810.692085054 0.0 0.07811496309257417
82409142.31137222 1111924276.8340216 2779810.692085054 5.249691685521891e-07 0.07811548806174272
82409142.31137222 1111924276.8340216 2779810.692085054 2.8778938158552934e-08 0.07811551684068088
82409142.31137222 1111924276.8340216 2779810.692085054 0.0 0.07811551684068088
82409142.31137222 1111924276.8340216 2779810.692085054 0.001771400384950459 0.07988691722563133
82409142.31137222 1111924276.8340216 2779810.692085054 1.9141087902142615e-05 0.07990605831353348
82409142.31137222 1111924276.8340216 2779810.692085054 1.6918491318616037e-06 0.07990775016266534
82409142.31137222 1111924276.8340216 2779810.692085054 5.981589969419567e-07 0.07990834832166228
82409142.31137222 1111924276.8340216 2779810.692085054 0.0 0.07990834832166228
82409142.31137222 1111924276.8340216 2779810.692085054 0.00010328445366371095 0.080011632775326
82409142.31137222 1111924276.8340216 2779810.692085054 0.002940543546289225 0.08295217632161522
82409142.31137222 1111924276.8340216 2779810.692085054 0.016878212695831014 0.09983038901744623
82409142.31137222 1111924276.8340216 2779810.692085054 3.217583102139349e-07 0.09983071077575645
82409142.31137222 1111924276.8340216 2779810.692085054 2.3023150526842347e-07 0.09983094100726171
82409142.31137222 1111924276.8340216 2779810.692085054 2.3023150526842347e-07 0.09983117123876697
82409142.31137222 1111924276.8340216 2779810.692085054 0.0 0.09983117123876697
82409142.31137222 1111924276.8340216 2779810.692085054 4.021978877674186e-08 0.09983121145855575
82409142.31137222 1111924276.8340216 2779810.692085054 1.6959745930752455e-06 0.09983290743314882
82409142.31137222 1111924276.8340216 2779810.692085054 0.0 0.09983290743314882
82409142.31137222 1111924276.8340216 2779810.692085054 0.0 0.09983290743314882
82409142.31137222 1111924276.8340216 2779810.692085054 3.1796534886345426e-05 0.09986470396803517
82409142.31137222 1111924276.8340216 2779810.692085054 1.2954103055253541e-05 0.09987765807109042
82409142.31137222 1111924276.8340216 2779810.692085054 0.0 0.09987765807109042
82409142.31137222 1111924276.8340216 2779810.692085054 0.07411398782119903 0.17399164589228944
82409142.31137222 1111924276.8340216 2779810.692085054 0.0 0.17399164589228944
82409142.31137222 1111924276.8340216 2779810.692085054 0.0 0.17399164589228944
82409142.31137222 1111924276.8340216 2779810.692085054 9.773408672748274e-06 0.1740014193009622
82409142.31137222 1111924276.8340216 2779810.692085054 0.0 0.1740014193009622
82409142.31137222 1111924276.8340216 2779810.692085054 0.0005393761294267773 0.17454079543038897
82409142.31137222 1111924276.8340216 2779810.692085054 0.0 0.17454079543038897
82409142.31137222 1111924276.8340216 2779810.692085054 0.0 0.17454079543038897
82409142.31137222 1111924276.8340216 2779810.692085054 3.972526271283508e-05 0.17458052069310181
82409142.31137222 1111924276.8340216 2779810.692085054 2.8778938158552934e-08 0.17458054947203996
82409142.31137222 1111924276.8340216 2779810.692085054 0.00030904363743048264 0.17488959310947044
82409142.31137222 1111924276.8340216 2779810.692085054 1.6087915510696745e-07 0.17488975398862555
82409142.31137222 1111924276.8340216 2779810.692085054 0.0 0.17488975398862555
82409142.31137222 1111924276.8340216 2779810.692085054 1.8546055219446015e-05 0.174908300043845
82409142.31137222 1111924276.8340216 2779810.692085054 0.0 0.174908300043845
82409142.31137222 1111924276.8340216 2779810.692085054 5.042990577385375e-05 0.17495872994961886
82409142.31137222 1111924276.8340216 2779810.692085054 3.6402797288863703e-06 0.17496237022934774
82409142.31137222 1111924276.8340216 2779810.692085054 0.0 0.17496237022934774
82409142.31137222 1111924276.8340216 2779810.692085054 4.021978877674186e-08 0.17496241044913652
82409142.31137222 1111924276.8340216 2779810.692085054 8.190629389994333e-06 0.17497060107852652
82409142.31137222 1111924276.8340216 2779810.692085054 5.2870285370675115e-08 0.1749706539488119
82409142.31137222 1111924276.8340216 2779810.692085054 1.942578325702323e-05 0.17499007973206893
82409142.31137222 1111924276.8340216 2779810.692085054 6.744655916964538e-07 0.17499075419766064
82409142.31137222 1111924276.8340216 2779810.692085054 1.1375874152769907e-07 0.17499086795640217
82409142.31137222 1111924276.8340216 2779810.692085054 1.008598115477075e-06 0.17499187655451764
82409142.31137222 1111924276.8340216 2779810.692085054 0.0 0.17499187655451764
82409142.31137222 1111924276.8340216 2779810.692085054 0.0 0.17499187655451764
82409142.31137222 1111924276.8340216 2779810.692085054 7.286682968580117e-06 0.17499916323748624
82409142.31137222 1111924276.8340216 2779810.692085054 0.0 0.17499916323748624
82409142.31137222 1111924276.8340216 2779810.692085054 0.0 0.17499916323748624
82409142.31137222 1111924276.8340216 2779810.692085054 3.108125321123717e-06 0.17500227136280735
82409142.31137222 1111924276.8340216 2779810.692085054 0.0 0.17500227136280735
82409142.31137222 1111924276.8340216 2779810.692085054 1.179186646786548e-05 0.1750140632292752
82409142.31137222 1111924276.8340216 2779810.692085054 0.0 0.1750140632292752
82409142.31137222 1111924276.8340216 2779810.692085054 4.496709087273896e-07 0.17501451290018394
82409142.31137222 1111924276.8340216 2779810.692085054 0.0 0.17501451290018394
82409142.31137222 1111924276.8340216 2779810.692085054 1.3847574565862295e-06 0.17501589765764053
82409142.31137222 1111924276.8340216 2779810.692085054 0.0 0.17501589765764053
82409142.31137222 1111924276.8340216 2779810.692085054 5.042990577385375e-05 0.1750663275634144
82409142.31137222 1111924276.8340216 2779810.692085054 0.0 0.1750663275634144
82409142.31137222 1111924276.8340216 2779810.692085054 7.936088982624689e-05 0.17514568845324063
82409142.31137222 1111924276.8340216 2779810.692085054 5.2870285370675115e-08 0.175145741323526
82409142.31137222 1111924276.8340216 2779810.692085054 2.979306474469046e-07 0.17514603925417346
82409142.31137222 1111924276.8340216 2779810.692085054 0.0 0.17514603925417346
82409142.31137222 1111924276.8340216 2779810.692085054 0.0 0.17514603925417346
82409142.31137222 1111924276.8340216 2779810.692085054 0.0 0.17514603925417346
82409142.31137222 1111924276.8340216 2779810.692085054 2.9469632674358204e-05 0.17517550888684782
82409142.31137222 1111924276.8340216 2779810.692085054 0.0 0.17517550888684782
82409142.31137222 1111924276.8340216 2779810.692085054 4.021978877674186e-08 0.1751755491066366
82409142.31137222 1111924276.8340216 2779810.692085054 0.002787089167428627 0.17796263827406522
82409142.31137222 1111924276.8340216 2779810.692085054 0.0 0.17796263827406522
82409142.31137222 1111924276.8340216 2779810.692085054 5.2870285370675115e-08 0.1779626911443506
82409142.31137222 1111924276.8340216 2779810.692085054 0.0 0.1779626911443506
82409142.31137222 1111924276.8340216 2779810.692085054 1.8692468654436147e-08 0.17796270983681925
82409142.31137222 1111924276.8340216 2779810.692085054 2.0963318165094188e-05 0.17798367315498434
82409142.31137222 1111924276.8340216 2779810.692085054 1.2870332408557396e-06 0.17798496018822518
82409142.31137222 1111924276.8340216 2779810.692085054 1.1917225897876183e-06 0.17798615191081496
82409142.31137222 1111924276.8340216 2779810.692085054 0.0 0.17798615191081496
82409142.31137222 1111924276.8340216 2779810.692085054 0.002964213526092495 0.18095036543690746
82409142.31137222 1111924276.8340216 2779810.692085054 6.923787282931149e-05 0.18101960330973677
82409142.31137222 1111924276.8340216 2779810.692085054 0.0 0.18101960330973677
82409142.31137222 1111924276.8340216 2779810.692085054 0.004084902004132071 0.18510450531386885
82409142.31137222 1111924276.8340216 2779810.692085054 1.6087915510696745e-07 0.18510466619302396
82409142.31137222 1111924276.8340216 2779810.692085054 0.0006941963505582521 0.18579886254358222
82409142.31137222 1111924276.8340216 2779810.692085054 8.411610894496266e-05 0.18588297865252718
82409142.31137222 1111924276.8340216 2779810.692085054 0.002964213526092495 0.18884719217861967
82409142.31137222 1111924276.8340216 2779810.692085054 1.484837035988466e-06 0.18884867701565566
82409142.31137222 1111924276.8340216 2779810.692085054 0.00019784108823855216 0.18904651810389422
82409142.31137222 1111924276.8340216 2779810.692085054 3.255965172361772e-07 0.18904684370041147
82409142.31137222 1111924276.8340216 2779810.692085054 0.00019005914060652365 0.189236902841018
82409142.31137222 1111924276.8340216 2779810.692085054 9.712891628511616e-08 0.1892369999699343
82409142.31137222 1111924276.8340216 2779810.692085054 7.678715053119688e-05 0.18931378712046548
82409142.31137222 1111924276.8340216 2779810.692085054 0.0008044127481066424 0.19011819986857212
82409142.31137222 1111924276.8340216 2779810.692085054 3.668333584294499e-05 0.19015488320441506
82409142.31137222 1111924276.8340216 2779810.692085054 0.0006232064362253536 0.1907780896406404
82409142.31137222 1111924276.8340216 2779810.692085054 0.0 0.1907780896406404
82409142.31137222 1111924276.8340216 2779810.692085054 0.00031406708243492023 0.19109215672307533
82409142.31137222 1111924276.8340216 2779810.692085054 7.584076120788172e-06 0.19109974079919612
82409142.31137222 1111924276.8340216 2779810.692085054 0.0053211873727367865 0.1964209281719329
82409142.31137222 1111924276.8340216 2779810.692085054 0.00017363355249863652 0.19659456172443154
82409142.31137222 1111924276.8340216 2779810.692085054 8.921321363091512e-05 0.19668377493806247
82409142.31137222 1111924276.8340216 2779810.692085054 1.1375874152769907e-07 0.196683888696804
82409142.31137222 1111924276.8340216 2779810.692085054 5.2671034419844346e-05 0.19673655973122384
82409142.31137222 1111924276.8340216 2779810.692085054 8.988800847572093e-06 0.1967455485320714
82409142.31137222 1111924276.8340216 2779810.692085054 1.2617416341744398e-05 0.19675816594841314
82409142.31137222 1111924276.8340216 2779810.692085054 1.6861639792411344e-07 0.19675833456481107
82409142.31137222 1111924276.8340216 2779810.692085054 0.0 0.19675833456481107
82409142.31137222 1111924276.8340216 2779810.692085054 0.0021137256457006634 0.19887206021051174
82409142.31137222 1111924276.8340216 2779810.692085054 0.0011738667469742396 0.20004592695748596
82409142.31137222 1111924276.8340216 2779810.692085054 0.0 0.20004592695748596
82409142.31137222 1111924276.8340216 2779810.692085054 0.00030777466151173983 0.2003537016189977
82409142.31137222 1111924276.8340216 2779810.692085054 0.0008471194991209177 0.20120082111811863
82409142.31137222 1111924276.8340216 2779810.692085054 2.714835742430076e-05 0.20122796947554292
82409142.31137222 1111924276.8340216 2779810.692085054 3.015065943244881e-06 0.20123098454148616
82409142.31137222 1111924276.8340216 2779810.692085054 0.002010948484790686 0.20324193302627686
82409142.31137222 1111924276.8340216 2779810.692085054 0.00018426238835206698 0.20342619541462892
82409142.31137222 1111924276.8340216 2779810.692085054 0.03807290060467574 0.24149909601930467
82409142.31137222 1111924276.8340216 2779810.692085054 0.006650945519793888 0.24815004153909856
82409142.31137222 1111924276.8340216 2779810.692085054 0.004154021259483887 0.2523040627985825
82409142.31137222 1111924276.8340216 2779810.692085054 0.00023369359719312057 0.2525377563957756
82409142.31137222 1111924276.8340216 2779810.692085054 2.364431041572844e-06 0.25254012082681715
82409142.31137222 1111924276.8340216 2779810.692085054 0.0 0.25254012082681715
82409142.31137222 1111924276.8340216 2779810.692085054 0.0 0.25254012082681715
82409142.31137222 1111924276.8340216 2779810.692085054 1.0174891163630538e-08 0.2525401310017083
82409142.31137222 1111924276.8340216 2779810.692085054 0.0 0.2525401310017083
82409142.31137222 1111924276.8340216 2779810.692085054 0.002896545847954501 0.2554366768496628
82409142.31137222 1111924276.8340216 2779810.692085054 7.747735801420464e-05 0.25551415420767704
82409142.31137222 1111924276.8340216 2779810.692085054 0.00443420987152138 0.2599483640791984
82409142.31137222 1111924276.8340216 2779810.692085054 0.0056078589184091416 0.26555622299760756
82409142.31137222 1111924276.8340216 2779810.692085054 0.0012953219915815403 0.2668515449891891
82409142.31137222 1111924276.8340216 2779810.692085054 0.0001291005587810656 0.2669806455479702
82409142.31137222 1111924276.8340216 2779810.692085054 6.418679102512312e-06 0.2669870642270727
82409142.31137222 1111924276.8340216 2779810.692085054 0.00021994918361757082 0.26720701341069025
82409142.31137222 1111924276.8340216 2779810.692085054 0.0006874891685696554 0.2678945025792599
82409142.31137222 1111924276.8340216 2779810.692085054 0.0039868670020720915 0.27188136958133197
82409142.31137222 1111924276.8340216 2779810.692085054 0.0 0.27188136958133197
82409142.31137222 1111924276.8340216 2779810.692085054 0.0 0.27188136958133197
82409142.31137222 1111924276.8340216 2779810.692085054 0.0151440536356686 0.2870254232170006
82409142.31137222 1111924276.8340216 2779810.692085054 0.00018695232387769937 0.2872123755408783
82409142.31137222 1111924276.8340216 2779810.692085054 0.0 0.2872123755408783
82409142.31137222 1111924276.8340216 2779810.692085054 0.0019165898041084348 0.2891289653449867
82409142.31137222 1111924276.8340216 2779810.692085054 0.000630354857369239 0.28975932020235595
82409142.31137222 1111924276.8340216 2779810.692085054 0.025288342917185413 0.31504766311954135
82409142.31137222 1111924276.8340216 2779810.692085054 5.154640999235087e-05 0.3150992095295337
82409142.31137222 1111924276.8340216 2779810.692085054 0.0009058401284493978 0.3160050496579831
82409142.31137222 1111924276.8340216 2779810.692085054 9.712891628511616e-08 0.3160051467868994
82409142.31137222 1111924276.8340216 2779810.692085054 0.00039265356408127965 0.3163978003509807
82409142.31137222 1111924276.8340216 2779810.692085054 0.007573724376248217 0.3239715247272289
82409142.31137222 1111924276.8340216 2779810.692085054 0.0011787356692870114 0.3251502603965159
82409142.31137222 1111924276.8340216 2779810.692085054 0.020576439410963227 0.3457266998074791
82409142.31137222 1111924276.8340216 2779810.692085054 4.442029104772645e-05 0.34577112009852684
82409142.31137222 1111924276.8340216 2779810.692085054 0.0011505583002304734 0.3469216783987573
82409142.31137222 1111924276.8340216 2779810.692085054 0.0017066760664061344 0.34862835446516344
82409142.31137222 1111924276.8340216 2779810.692085054 0.0015216527564068049 0.35015000722157025
82409142.31137222 1111924276.8340216 2779810.692085054 0.0028637227090401317 0.35301372993061036
82409142.31137222 1111924276.8340216 2779810.692085054 0.006177889905459013 0.3591916198360694
82409142.31137222 1111924276.8340216 2779810.692085054 0.001016340310317038 0.36020796014638645
82409142.31137222 1111924276.8340216 2779810.692085054 0.0 0.36020796014638645
82409142.31137222 1111924276.8340216 2779810.692085054 0.014866942858684838 0.3750749030050713
82409142.31137222 1111924276.8340216 2779810.692085054 0.0023583732935730964 0.37743327629864437
82409142.31137222 1111924276.8340216 2779810.692085054 2.3477334939484794e-05 0.37745675363358383
82409142.31137222 1111924276.8340216 2779810.692085054 0.03170999123636577 0.4091667448699496
82409142.31137222 1111924276.8340216 2779810.692085054 0.004612413854348227 0.4137791587242978
82409142.31137222 1111924276.8340216 2779810.692085054 1.5872177965249379e-06 0.41378074594209435
82409142.31137222 1111924276.8340216 2779810.692085054 2.6084515778839614e-05 0.4138068304578732
82409142.31137222 1111924276.8340216 2779810.692085054 0.0008125459384480472 0.41461937639632124
82409142.31137222 1111924276.8340216 2779810.692085054 0.0015781132046197967 0.41619748960094105
82409142.31137222 1111924276.8340216 2779810.692085054 5.2870285370675115e-08 0.4161975424712264
82409142.31137222 1111924276.8340216 2779810.692085054 0.002768254935375079 0.4189657974066015
82409142.31137222 1111924276.8340216 2779810.692085054 0.011356233088991278 0.43032203049559276
82409142.31137222 1111924276.8340216 2779810.692085054 0.0002033620385637451 0.4305253925341565
82409142.31137222 1111924276.8340216 2779810.692085054 0.0 0.4305253925341565
82409142.31137222 1111924276.8340216 2779810.692085054 0.001646303312579665 0.43217169584673615
82409142.31137222 1111924276.8340216 2779810.692085054 0.007815962903259617 0.4399876587499958
82409142.31137222 1111924276.8340216 2779810.692085054 0.003076151654246966 0.44306381040424275
82409142.31137222 1111924276.8340216 2779810.692085054 0.0004494400423786047 0.4435132504466214
82409142.31137222 1111924276.8340216 2779810.692085054 0.0 0.4435132504466214
82409142.31137222 1111924276.8340216 2779810.692085054 0.0005455639634037487 0.44405881441002515
82409142.31137222 1111924276.8340216 2779810.692085054 0.011992038010780817 0.45605085242080595
82409142.31137222 1111924276.8340216 2779810.692085054 0.001758391357198105 0.4578092437780041
82409142.31137222 1111924276.8340216 2779810.692085054 0.0018758266144099762 0.4596850703924141
82409142.31137222 1111924276.8340216 2779810.692085054 2.2472002118930233e-06 0.459687317592626
82409142.31137222 1111924276.8340216 2779810.692085054 0.0010190529479797519 0.46070637054060576
82409142.31137222 1111924276.8340216 2779810.692085054 1.9742351576767314e-05 0.4607261128921825
82409142.31137222 1111924276.8340216 2779810.692085054 6.322295840085439e-05 0.46078933585058335
82409142.31137222 1111924276.8340216 2779810.692085054 0.00888740168185149 0.46967673753243483
82409142.31137222 1111924276.8340216 2779810.692085054 0.0 0.46967673753243483
82409142.31137222 1111924276.8340216 2779810.692085054 0.0001702390349932448 0.4698469765674281
82409142.31137222 1111924276.8340216 2779810.692085054 0.0002529483706809616 0.47009992493810904
82409142.31137222 1111924276.8340216 2779810.692085054 0.0003489987669125274 0.47044892370502156
82409142.31137222 1111924276.8340216 2779810.692085054 0.00926102205532566 0.4797099457603472
82409142.31137222 1111924276.8340216 2779810.692085054 0.002232219610429626 0.48194216537077683
82409142.31137222 1111924276.8340216 2779810.692085054 4.6046301053684693e-05 0.48198821167183054
82409142.31137222 1111924276.8340216 2779810.692085054 0.02210974962724778 0.5040979612990784
82409142.31137222 1111924276.8340216 2779810.692085054 0.0011979593279952353 0.5052959206270736
82409142.31137222 1111924276.8340216 2779810.692085054 0.030933144610262298 0.5362290652373359
82409142.31137222 1111924276.8340216 2779810.692085054 0.0025888464120958975 0.5388179116494318
82409142.31137222 1111924276.8340216 2779810.692085054 1.0432156060938384e-05 0.5388283438054927
82409142.31137222 1111924276.8340216 2779810.692085054 0.0016918491318616035 0.5405201929373543
82409142.31137222 1111924276.8340216 2779810.692085054 0.006392865629869461 0.5469130585672238
82409142.31137222 1111924276.8340216 2779810.692085054 6.662417419353342e-08 0.546913125191398
82409142.31137222 1111924276.8340216 2779810.692085054 0.0015539687232686294 0.5484670939146666
82409142.31137222 1111924276.8340216 2779810.692085054 0.013557755297166024 0.5620248492118327
82409142.31137222 1111924276.8340216 2779810.692085054 0.0 0.5620248492118327
82409142.31137222 1111924276.8340216 2779810.692085054 0.004246027875222549 0.5662708770870553
82409142.31137222 1111924276.8340216 2779810.692085054 0.0006058034457709238 0.5668766805328261
82409142.31137222 1111924276.8340216 2779810.692085054 0.0098287552679932 0.5767054358008193
82409142.31137222 1111924276.8340216 2779810.692085054 0.0010879602875244097 0.5777933960883438
82409142.31137222 1111924276.8340216 2779810.692085054 0.0005438224512781117 0.5783372185396219
82409142.31137222 1111924276.8340216 2779810.692085054 0.002923515299856851 0.5812607338394788
82409142.31137222 1111924276.8340216 2779810.692085054 0.005460932848649461 0.5867216666881283
82409142.31137222 1111924276.8340216 2779810.692085054 0.020120404581513672 0.606842071269642
82409142.31137222 1111924276.8340216 2779810.692085054 0.0010687527156558107 0.6079108239852977
82409142.31137222 1111924276.8340216 2779810.692085054 0.00012850155624520866 0.6080393255415429
82409142.31137222 1111924276.8340216 2779810.692085054 0.019426193136725767 0.6274655186782687
82409142.31137222 1111924276.8340216 2779810.692085054 0.0 0.6274655186782687
82409142.31137222 1111924276.8340216 2779810.692085054 0.000951665136672152 0.6284171838149408
82409142.31137222 1111924276.8340216 2779810.692085054 0.0005270712704963008 0.6289442550854372
82409142.31137222 1111924276.8340216 2779810.692085054 0.00040942748991050807 0.6293536825753476
82409142.31137222 1111924276.8340216 2779810.692085054 0.0008907504471387484 0.6302444330224863
82409142.31137222 1111924276.8340216 2779810.692085054 0.013985504932672393 0.6442299379551587
82409142.31137222 1111924276.8340216 2779810.692085054 0.01662068471579048 0.6608506226709492
82409142.31137222 1111924276.8340216 2779810.692085054 0.05017456491562104 0.7110251875865702
82409142.31137222 1111924276.8340216 2779810.692085054 0.0005568662265414209 0.7115820538131116
82409142.31137222 1111924276.8340216 2779810.692085054 0.005026518496816065 0.7166085723099276
82409142.31137222 1111924276.8340216 2779810.692085054 0.0003452007228331374 0.7169537730327608
82409142.31137222 1111924276.8340216 2779810.692085054 0.002943840969244105 0.7198976140020049
82409142.31137222 1111924276.8340216 2779810.692085054 0.0011685302012281243 0.721066144203233
82409142.31137222 1111924276.8340216 2779810.692085054 0.0009733394252090373 0.7220394836284421
82409142.31137222 1111924276.8340216 2779810.692085054 0.0124781227353479 0.7345176063637899
82409142.31137222 1111924276.8340216 2779810.692085054 0.0018766153958311468 0.7363942217596211
82409142.31137222 1111924276.8340216 2779810.692085054 0.0021622473081848916 0.738556469067806
82409142.31137222 1111924276.8340216 2779810.692085054 0.0023410535820684833 0.7408975226498745
82409142.31137222 1111924276.8340216 2779810.692085054 0.00904011914717476 0.7499376417970492
82409142.31137222 1111924276.8340216 2779810.692085054 0.0018320341150635819 0.7517696759121129
82409142.31137222 1111924276.8340216 2779810.692085054 0.011825390783956537 0.7635950666960694
82409142.31137222 1111924276.8340216 2779810.692085054 0.022484299616085474 0.7860793663121548
82409142.31137222 1111924276.8340216 2779810.692085054 0.002683304725132056 0.7887626710372868
82409142.31137222 1111924276.8340216 2779810.692085054 3.1796534886345426e-05 0.7887944675721732
82409142.31137222 1111924276.8340216 2779810.692085054 9.44093066291329e-05 0.7888888768788024
82409142.31137222 1111924276.8340216 2779810.692085054 0.006865886454410667 0.795754763333213
82409142.31137222 1111924276.8340216 2779810.692085054 0.008981405766327588 0.8047361690995406
82409142.31137222 1111924276.8340216 2779810.692085054 0.00419886181874604 0.8089350309182867
82409142.31137222 1111924276.8340216 2779810.692085054 0.002170217497038821 0.8111052484153255
82409142.31137222 1111924276.8340216 2779810.692085054 0.00335426102582889 0.8144595094411544
82409142.31137222 1111924276.8340216 2779810.692085054 0.02916943907609552 0.8436289485172499
82409142.31137222 1111924276.8340216 2779810.692085054 0.0022550962484074832 0.8458840447656574
82409142.31137222 1111924276.8340216 2779810.692085054 0.009706152140923368 0.8555901969065808
82409142.31137222 1111924276.8340216 2779810.692085054 0.0007287839813113264 0.8563189808878922
82409142.31137222 1111924276.8340216 2779810.692085054 0.011419291344757136 0.8677382722326493
82409142.31137222 1111924276.8340216 2779810.692085054 0.0010879602875244097 0.8688262325201738
82409142.31137222 1111924276.8340216 2779810.692085054 0.0003500156499901081 0.8691762481701639
82409142.31137222 1111924276.8340216 2779810.692085054 0.013662530566087721 0.8828387787362516
82409142.31137222 1111924276.8340216 2779810.692085054 0.0004093780244501739 0.8832481567607018
82409142.31137222 1111924276.8340216 2779810.692085054 0.00346210245790623 0.886710259218608
82409142.31137222 1111924276.8340216 2779810.692085054 0.0015922156378844325 0.8883024748564925
82409142.31137222 1111924276.8340216 2779810.692085054 0.0019644393986127406 0.8902669142551053
82409142.31137222 1111924276.8340216 2779810.692085054 0.002417586744583544 0.8926845009996889
82409142.31137222 1111924276.8340216 2779810.692085054 0.004387860764968687 0.8970723617646575
82409142.31137222 1111924276.8340216 2779810.692085054 0.0093011999902627 0.9063735617549202
82409142.31137222 1111924276.8340216 2779810.692085054 0.0018423882389267715 0.908215949993847
82409142.31137222 1111924276.8340216 2779810.692085054 0.00043190161331772354 0.9086478516071648
82409142.31137222 1111924276.8340216 2779810.692085054 0.02809743732767695 0.9367452889348418
82409142.31137222 1111924276.8340216 2779810.692085054 0.0002802347769530665 0.9370255237117948
82409142.31137222 1111924276.8340216 2779810.692085054 0.0032379348658057245 0.9402634585776005
82409142.31137222 1111924276.8340216 2779810.692085054 0.008325949700742224 0.9485894082783427
82409142.31137222 1111924276.8340216 2779810.692085054 0.0030667758796678025 0.9516561841580105
82409142.31137222 1111924276.8340216 2779810.692085054 0.0062154058318061945 0.9578715899898167
82409142.31137222 1111924276.8340216 2779810.692085054 0.001492720735089521 0.9593643107249062
82409142.31137222 1111924276.8340216 2779810.692085054 0.0005332118682934858 0.9598975225931997
82409142.31137222 1111924276.8340216 2779810.692085054 0.006923736872731584 0.9668212594659313
82409142.31137222 1111924276.8340216 2779810.692085054 0.0037000740513813274 0.9705213335173126
82409142.31137222 1111924276.8340216 2779810.692085054 0.0043334348120296325 0.9748547683293423
82409142.31137222 1111924276.8340216 2779810.692085054 0.00022678668081454564 0.9750815550101568
82409142.31137222 1111924276.8340216 2779810.692085054 0.017102244124429067 0.9921837991345859
82409142.31137222 1111924276.8340216 2779810.692085054 0.00013773752535858603 0.9923215366599445
82409142.31137222 1111924276.8340216 2779810.692085054 0.007106271027994955 0.9994278076879395
82409142.31137222 1111924276.8340216 2779810.692085054 0.0005721923120606283 1.0000000000000002
2201's generation extracting best parents:
0
0
0
0
0
0
0
0
0
0
0
0
0
0
229596.03731772027
0
0
0
0
0
0
0
0
0
0
0
0
0
0
2246307.6904110885
0
0
46475.800154489
107490.05260022901
0
0
24532430.24765382
0
0
0
0
4679596.516528321
73728.0
0
0
0
0
0
0
1472009.519273568
0
0
46656.0
95407.58007621826
0
0
0
251234.38720047858
0
0
0
0
0
0
0
0
0
0
248358.52896971346
0
0
6395383.398841386
0
0
855504.1554545483
898071.2273845545
0
0
0
3878906.99894081
0
0
0
2450838.5360639323
0
99198.33805059438
0
2896858.284417793
0
0
0
0
0
0
965981.3662799092
2842392.6217072825
91136.38131942699
1571852.3516615676
0
0
0
0
0
0
2979851.405991916
447381.0020821179
0
0
0
1830564.6202895981
0
0
24370864.076925956
0
0
0
0
0
0
0
0
0
0
1969663.0920195465
0
0
0
0
114844.4914482188
3269661.756206596
18767294.446062703
0
0
0
0
0
0
0
0
0
0
0
82409142.31137222
0
0
0
0
599745.4126544029
0
0
44171.48401401067
0
343633.12306004495
0
0
0
0
56074.23650840018
0
0
0
0
0
0
0
0
0
0
0
0
0
0
0
0
0
0
0
0
0
0
56074.23650840018
0
88243.30002895404
0
0
0
0
0
0
0
0
3099032.1069650115
0
0
0
0
0
0
0
0
3295980.9813820226
76987.27167525812
0
4542101.706882399
0
771893.7750753014
93530.74360871938
3295980.9813820226
0
219984.30896770797
0
211331.37247460443
0
85381.49682454624
894446.0632145463
40789.09167902615
692958.3659181842
0
349218.8135138197
0
5916757.421328679
193067.36229616852
99198.33805059438
0
58566.201857385284
0
0
0
0
2350302.8600212354
1305250.9337288367
0
342222.11792927707
941932.736452025
0
0
2236022.439701355
204885.82291608173
42334182.471827656
7395347.7873592945
4618957.084904773
259849.58405970174
0
0
0
0
0
3220739.647303396
86148.95528095508
4930505.6047216905
6235514.472439303
1440299.9687565088
143550.04546150446
0
244566.83693420087
764435.8965930368
4433094.208112434
0
0
16839040.887176443
207876.82753015065
0
2131102.7319207303
700906.868929104
28118722.41052214
57315.70465413472
1007225.6297533339
0
436601.030287378
8421408.0
1310664.8066504265
22879442.511854347
49392.0
1279333.7059391502
1897694.5509285736
1691962.640760132
3184242.8023026134
6869345.765487715
1130093.4645665376
0
16530914.68687586
2622332.5189609346
0
35259109.07390917
5128654.939455374
0
0
903489.5550032662
1754742.3838090878
0
3078089.867109146
12627271.265035214
226123.18766548467
0
1830564.6202895981
8690758.89896849
3420447.703580337
499743.294102082
0
606625.8154744159
13334238.19290356
1955198.0382436968
2085777.1516938237
0
1133109.7122379635
0
70299.14229917745
9882117.688026184
0
189292.91587378542
281259.43414577225
388060.20151517726
10297555.251611909
2482059.176061683
51200.0
24584367.365258764
1332040.0594576725
34395314.45096812
2878601.174604082
0
1881208.1224574808
7108382.4923896715
0
1727895.5488431586
15075197.254293956
0
4721261.474573931
673607.5583423928
10928831.593541918
1209729.4559297133
604689.3858635193
3250727.635606527
6072143.808573706
22372366.313907523
1188372.090469984
142884.0
21600455.755191833
0
1058179.5688823329
586063.3412865882
455252.36563471035
990447.0467743342
15550822.458420392
18480942.833091605
55790316.809263594
619193.0762403598
5589107.944565035
383837.0640988178
3273328.2408411168
1299317.0989592958
1082279.736489601
13874727.598747877
2086654.2169051392
2404255.2744897953
2603074.311271194
10051927.945215685
2037083.2085273298
13148939.095730575
25000838.59073531
2983631.6660177745
0
104976.0
7634345.830645085
9986643.111676715
4668816.391335174
2413117.5209674314
3729684.265457332
32434207.450341564
2507496.265201606
10792506.200137205
810352.6013878157
12697387.27047608
1209729.4559297133
389190.89849584096
15191699.419419805
455197.3637885
3849595.771832674
1770423.221718468
2184307.857686732
2688173.3926545735
4878968.907936184
10342230.072861461
2048596.210216157
480241.88905175694
31242222.681466438
311599.8517072818
3600338.3840966946
9257825.599954236
3410022.552211642
6911060.634761063
1659792.4238795647
592891.2210515518
7698671.115201117
4114202.1638145107
4818451.369573424
252169.61606030175
19016400.430294685
153153.69827725348
7901635.27378985
636234.522798001
