0 8 314 256 512.0 131072.0
1 0 50 0 1.0 0.0
2 0 50 0 1.0 0.0
3 2 50 16 353.5533905932738 5656.85424949238
4 1 52 4 2.8284271247461903 11.313708498984761
5 0 50 0 1.0 0.0
6 5 84 100 769.8727167525811 76987.27167525812
7 0 50 0 1.0 0.0
8 1 55 4 11.180339887498949 44.721359549995796
9 0 50 0 1.0 0.0
10 2 60 16 464.75800154489 7436.12802471824
11 0 50 0 1.0 0.0
12 0 50 0 1.0 0.0
13 1 16 4 64.0 256.0
14 0 50 0 1.0 0.0
15 0 50 0 1.0 0.0
16 0 50 0 1.0 0.0
17 0 50 0 1.0 0.0
18 3 52 36 374.9773326482549 13499.183975337177
19 0 50 0 1.0 0.0
20 1 15 4 58.09475019311125 232.379000772445
21 2 28 16 148.16207341961706 2370.593174713873
22 0 50 0 1.0 0.0
23 1 26 4 132.5745073534124 530.2980294136496
24 0 50 0 1.0 0.0
25 6 344 144 911.3638131942698 131236.38909997485
26 1 21 4 96.23408959407264 384.93635837629057
27 0 50 0 1.0 0.0
28 0 50 0 1.0 0.0
29 0 50 0 1.0 0.0
30 21 246 1764 3858.359236774098 6806145.693669509
31 13 151 676 1855.5190648441207 1254330.8878346256
32 1 15 4 58.09475019311125 232.379000772445
33 0 50 0 1.0 0.0
34 3 15 36 58.09475019311125 2091.411006952005
35 2 30 16 164.31676725154983 2629.0682760247973
36 0 6 0 14.696938456699069 0.0
37 0 50 0 1.0 0.0
38 3 14 36 52.38320341483518 1885.7953229340665
39 3 97 36 955.3392067742221 34392.211443871995
40 8 116 256 1249.358235255205 319835.7082253325
41 2 87 16 225.06221362103412 3600.995417936546
42 0 50 0 1.0 0.0
43 10 392 400 1692.125290869444 676850.1163477775
44 0 50 0 1.0 0.0
45 6 357 144 1106.8166063083802 159381.59130840676
46 0 50 0 1.0 0.0
47 0 50 0 1.0 0.0
48 0 50 0 1.0 0.0
49 0 50 0 1.0 0.0
50 2 20 16 89.44271909999159 1431.0835055998655
51 1 51 4 1.0 4.0
52 0 50 0 1.0 0.0
53 4 70 64 585.6620185738528 37482.36918872658
54 4 100 64 353.5533905932738 22627.41699796952
55 0 8 0 22.627416997969522 0.0
56 0 50 0 1.0 0.0
57 1 18 4 76.36753236814714 305.47012947258855
58 0 50 0 1.0 0.0
59 0 50 0 1.0 0.0
60 0 50 0 1.0 0.0
61 12 154 576 1911.089741482592 1100787.691093973
62 3 41 36 262.5280937347468 9451.011374450885
63 0 50 0 1.0 0.0
64 3 59 36 453.18759912424787 16314.753568472923
65 0 50 0 1.0 0.0
66 3 44 36 291.8629815512752 10507.067335845906
67 0 50 0 1.0 0.0
68 1 51 4 1.0 4.0
69 2 57 16 18.520259177452132 296.3241468392341
70 0 50 0 1.0 0.0
71 0 5 0 11.180339887498949 0.0
72 7 105 196 1075.929830425758 210882.24676344855
73 6 64 144 512.0 73728.0
74 0 50 0 1.0 0.0
75 0 50 0 1.0 0.0
76 2 71 16 96.23408959407264 1539.7454335051623
77 0 50 0 1.0 0.0
78 0 50 0 1.0 0.0
79 13 268 676 4387.349085723633 2965847.9819491757
80 0 50 0 1.0 0.0
81 0 50 0 1.0 0.0
82 1 55 4 11.180339887498949 44.721359549995796
83 1 52 4 2.8284271247461903 11.313708498984761
84 0 50 0 1.0 0.0
85 1 20 4 89.44271909999159 357.77087639996637
86 7 371 196 1331.0 260876.0
87 3 87 36 225.06221362103412 8102.239690357228
88 0 50 0 1.0 0.0
89 8 411 256 2042.8609840123727 522972.4119071674
90 0 50 0 1.0 0.0
91 2 71 16 96.23408959407264 1539.7454335051623
92 1 16 4 64.0 256.0
93 2 48 16 332.55375505322445 5320.860080851591
94 1 11 4 36.4828726939094 145.9314907756376
95 0 50 0 1.0 0.0
96 2 33 16 189.57056733575496 3033.1290773720793
97 0 50 0 1.0 0.0
98 0 50 0 1.0 0.0
99 2 24 16 117.57550765359255 1881.2081224574808
100 1 53 4 5.196152422706632 20.784609690826528
101 7 98 196 970.1505037879432 190149.49874243687
102 3 37 36 225.06221362103412 8102.239690357228
103 0 50 0 1.0 0.0
104 1 12 4 41.569219381653056 166.27687752661222
105 0 50 0 1.0 0.0
106 3 29 36 156.16977940690063 5622.112058648423
107 1 15 4 58.09475019311125 232.379000772445
108 1 8 4 22.627416997969522 90.50966799187809
109 0 50 0 1.0 0.0
110 0 50 0 1.0 0.0
111 1 54 4 8.0 32.0
112 0 50 0 1.0 0.0
113 13 165 676 2119.4633754797464 1432757.2418243086
114 0 50 0 1.0 0.0
115 1 14 4 52.38320341483518 209.53281365934072
116 0 50 0 1.0 0.0
117 15 163 900 2081.044689573004 1872940.2206157034
118 3 52 36 374.9773326482549 13499.183975337177
119 0 50 0 1.0 0.0
120 3 97 36 322.21576621884907 11599.767583878567
121 4 27 64 140.29611541307906 8978.95138643706
122 4 38 64 234.2477321128211 14991.85485522055
123 0 50 0 1.0 0.0
124 0 50 0 1.0 0.0
125 3 48 36 332.55375505322445 11971.93518191608
126 1 38 4 234.2477321128211 936.9909284512844
127 4 34 64 198.25236442474022 12688.151323183374
128 0 50 0 1.0 0.0
129 1 56 4 14.696938456699069 58.787753826796276
130 0 50 0 1.0 0.0
131 1 51 4 1.0 4.0
132 1 49 4 343.0 1372.0
133 2 13 16 46.87216658103186 749.9546652965098
134 0 50 0 1.0 0.0
135 1 54 4 8.0 32.0
136 0 6 0 14.696938456699069 0.0
137 5 67 100 548.4186357154541 54841.863571545415
138 2 26 16 132.5745073534124 2121.1921176545984
139 0 50 0 1.0 0.0
140 1 55 4 11.180339887498949 44.721359549995796
141 0 50 0 1.0 0.0
142 0 50 0 1.0 0.0
143 4 99 64 343.0 21952.0
144 20 199 1600 2807.240459953511 4491584.735925618
145 0 50 0 1.0 0.0
146 8 169 256 2197.0 562432.0
147 0 11 0 36.4828726939094 0.0
148 12 147 576 1782.2802809883747 1026593.4418493038
149 0 6 0 14.696938456699069 0.0
150 4 67 64 548.4186357154541 35098.79268578906
151 1 12 4 41.569219381653056 166.27687752661222
152 0 50 0 1.0 0.0
153 0 50 0 1.0 0.0
154 0 50 0 1.0 0.0
155 2 20 16 89.44271909999159 1431.0835055998655
156 3 20 36 89.44271909999159 3219.937887599697
157 2 34 16 198.25236442474022 3172.0378307958435
158 0 50 0 1.0 0.0
159 3 45 36 301.8691769624716 10867.290370648978
160 9 392 324 1692.125290869444 548248.5942416998
161 2 16 16 64.0 1024.0
162 0 50 0 1.0 0.0
163 2 75 16 125.0 2000.0
164 5 95 100 925.9454627568516 92594.54627568516
165 0 50 0 1.0 0.0
166 1 57 4 18.520259177452132 74.08103670980853
167 0 50 0 1.0 0.0
168 10 374 400 1380.8055619818454 552322.2247927381
169 0 50 0 1.0 0.0
170 0 50 0 1.0 0.0
171 0 50 0 1.0 0.0
172 1 51 4 1.0 4.0
173 2 59 16 27.0 432.0
174 0 50 0 1.0 0.0
175 2 62 16 41.569219381653056 665.1075101064489
176 0 50 0 1.0 0.0
177 9 368 324 1281.8080979616254 415305.82373956667
178 0 50 0 1.0 0.0
179 3 32 36 181.01933598375618 6516.696095415223
180 6 57 144 430.34056281043274 61969.04104470232
181 7 149 196 1818.7767867443217 356480.25020188704
182 1 51 4 1.0 4.0
183 0 50 0 1.0 0.0
184 0 50 0 1.0 0.0
185 3 36 36 216.0 7776.0
186 0 50 0 1.0 0.0
187 2 28 16 148.16207341961706 2370.593174713873
188 0 50 0 1.0 0.0
189 0 50 0 1.0 0.0
190 0 50 0 1.0 0.0
191 0 50 0 1.0 0.0
192 5 62 100 488.18848818873226 48818.84881887323
193 1 9 4 27.0 108.0
194 0 50 0 1.0 0.0
195 3 27 36 140.29611541307906 5050.660154870846
196 3 86 36 797.5311906126306 28711.1228620547
197 17 233 1156 3556.5906427363834 4111418.7830032595
198 0 5 0 11.180339887498949 0.0
199 0 50 0 1.0 0.0
200 0 50 0 1.0 0.0
201 0 50 0 1.0 0.0
202 3 102 36 374.9773326482549 13499.183975337177
203 0 50 0 1.0 0.0
204 28 575 3136 13788.015629524069 43239217.01418748
205 0 50 0 1.0 0.0
206 14 310 784 5458.113227114292 4279160.770057606
207 19 426 1444 8792.540929674426 12696429.10244987
208 1 23 4 110.30412503619254 441.2165001447702
209 0 50 0 1.0 0.0
210 2 19 16 82.8190799272728 1325.1052788363647
211 7 168 196 2177.5288746650413 426795.6594343481
212 2 31 16 172.60069524773067 2761.6111239636907
213 7 84 196 769.8727167525811 150895.0524835059
214 3 36 36 216.0 7776.0
215 0 50 0 1.0 0.0
216 0 50 0 1.0 0.0
217 5 46 100 311.9871792237623 31198.717922376232
218 0 50 0 1.0 0.0
219 13 185 676 2516.272044116057 1700999.9018224543
220 7 56 196 419.06562731868144 82136.86295446157
221 7 84 196 769.8727167525811 150895.0524835059
222 1 53 4 5.196152422706632 20.784609690826528
223 9 99 324 985.0375627355537 319152.1703263194
224 9 146 324 1764.1247121448075 571576.4067349177
225 5 35 100 207.06279240848656 20706.279240848657
226 2 56 16 14.696938456699069 235.1510153071851
227 1 60 4 31.622776601683793 126.49110640673517
228 0 50 0 1.0 0.0
229 0 50 0 1.0 0.0
230 1 16 4 64.0 256.0
231 1 57 4 18.520259177452132 74.08103670980853
232 0 50 0 1.0 0.0
233 5 133 100 756.1659870689768 75616.59870689768
234 5 107 100 430.34056281043274 43034.056281043275
235 21 362 1764 6887.519727739442 12149584.799732376
236 16 162 1024 2061.9233739399724 2111409.5349145317
237 0 50 0 1.0 0.0
238 3 34 36 198.25236442474022 7137.085119290648
239 6 316 144 536.1865347059734 77210.86099766017
240 0 50 0 1.0 0.0
241 2 31 16 172.60069524773067 2761.6111239636907
242 0 50 0 1.0 0.0
243 1 52 4 2.8284271247461903 11.313708498984761
244 0 50 0 1.0 0.0
245 20 277 1600 4610.198802654827 7376318.084247723
246 22 285 1936 4811.353759598228 9314780.87858217
247 5 81 100 172.60069524773067 17260.069524773065
248 1 26 4 132.5745073534124 530.2980294136496
249 11 169 484 2197.0 1063348.0
250 3 39 36 243.55492193753753 8767.977189751351
251 3 50 36 353.5533905932738 12727.922061357856
252 8 121 256 1331.0 340736.0
253 15 214 900 3130.5501114021476 2817495.1002619327
254 11 201 484 2849.6668226303227 1379238.7421530762
255 13 370 676 1314.5341380123987 888625.0772963815
256 0 50 0 1.0 0.0
257 5 128 100 688.877347573572 68887.7347573572
258 15 210 900 3043.189116699782 2738870.205029804
259 6 340 144 853.8149682454624 122949.35542734659
260 5 57 100 430.34056281043274 43034.056281043275
261 0 50 0 1.0 0.0
262 11 123 484 1364.1359902883582 660241.8192995654
263 3 72 36 103.18914671611545 3714.809281780156
264 2 62 16 41.569219381653056 665.1075101064489
265 11 193 484 2681.2416899638124 1297720.9779424851
266 2 28 16 148.16207341961706 2370.593174713873
267 7 119 196 1298.13674164165 254434.80136176338
268 6 54 144 396.81733833087486 57141.69671964598
269 3 68 36 76.36753236814714 2749.231165253297
270 20 387 1600 7613.186126714622 12181097.802743396
271 8 353 256 1045.3358312044986 267605.97278835165
272 4 75 64 125.0 8000.0
273 1 21 4 96.23408959407264 384.93635837629057
274 11 107 484 1106.8166063083802 535699.237453256
275 1 57 4 18.520259177452132 74.08103670980853
276 5 75 100 649.519052838329 64951.9052838329
277 4 38 64 234.2477321128211 14991.85485522055
278 16 224 1024 3352.5250185494515 3432985.6189946383
279 1 53 4 5.196152422706632 20.784609690826528
280 0 50 0 1.0 0.0
281 5 90 100 252.98221281347034 25298.221281347032
282 9 440 324 2618.969262897142 848546.041178674
283 3 28 36 148.16207341961706 5333.834643106215
284 0 50 0 1.0 0.0
285 7 62 196 488.18848818873226 95684.94368499152
286 12 199 576 2807.240459953511 1616970.5049332224
287 9 349 324 985.0375627355537 319152.1703263194
288 3 92 36 272.19110933313016 9798.879935992685
289 2 69 16 82.8190799272728 1325.1052788363647
290 4 39 64 243.55492193753753 15587.515004002402
291 12 149 576 1818.7767867443217 1047615.4291647293
292 6 86 144 797.5311906126306 114844.4914482188
293 6 43 144 281.96985654498604 40603.65934247799
294 1 57 4 18.520259177452132 74.08103670980853
295 8 48 256 332.55375505322445 85133.76129362546
296 15 205 900 2935.1533179716525 2641637.9861744875
297 0 50 0 1.0 0.0
298 5 126 100 662.5526394181824 66255.26394181824
299 0 50 0 1.0 0.0
300 0 50 0 1.0 0.0
301 4 111 64 476.42523023030594 30491.21473473958
302 12 167 576 2158.1156132144542 1243074.5932115256
303 11 115 484 1233.2376088978149 596887.0027065424
304 19 351 1444 6575.982892313514 9495719.296500714
305 6 299 144 343.0 49392.0
306 9 360 324 1153.6897329871667 373795.473487842
307 7 93 196 896.8595207723448 175784.46607137957
308 6 88 144 825.5131737289236 118873.897016965
309 9 144 324 1728.0 559872.0
310 4 118 64 560.7423650840018 35887.511365376115
311 0 5 0 11.180339887498949 0.0
312 7 351 196 1015.0374377332099 198947.33779570914
313 19 259 1444 4168.21052731265 6018896.001439466
314 14 151 784 1855.5190648441207 1454726.9468377908
315 13 241 676 3741.3261017986656 2529136.444815898
316 16 230 1024 3488.1227042637133 3571837.6491660425
317 8 200 256 1710.0312862634999 437768.00928345596
318 11 183 484 2475.578114299769 1198179.8073210882
319 5 74 100 636.5720697611544 63657.206976115434
320 3 78 36 148.16207341961706 5333.834643106215
321 1 55 4 11.180339887498949 44.721359549995796
322 0 50 0 1.0 0.0
323 16 206 1024 2956.656219447909 3027615.9687146586
324 8 76 256 662.5526394181824 169613.4756910547
325 18 226 1296 3397.5249815122775 4403192.376039912
326 7 337 196 811.4819776187269 159050.46761327048
327 5 122 100 610.9402589451771 61094.02589451771
328 7 84 196 769.8727167525811 150895.0524835059
329 5 62 100 488.18848818873226 48818.84881887323
330 8 92 256 882.4330002895404 225902.84807412233
331 7 98 196 970.1505037879432 190149.49874243687
332 8 105 256 1075.929830425758 275438.03658899403
333 2 24 16 117.57550765359255 1881.2081224574808
334 4 94 64 291.8629815512752 18679.230819281613
335 7 332 196 742.5415813272682 145538.14994014456
336 0 50 0 1.0 0.0
337 8 92 256 882.4330002895404 225902.84807412233
338 7 93 196 896.8595207723448 175784.46607137957
339 6 154 144 1911.089741482592 275196.9227734932
340 10 149 400 1818.7767867443217 727510.7146977286
341 11 122 484 1347.5340440968457 652206.4773428733
342 14 177 784 2354.8318411300625 1846188.1634459689
343 13 241 676 3741.3261017986656 2529136.444815898
344 24 421 2304 8638.197786575623 19902407.700270236
345 14 386 784 7583.6967238939615 5945618.231532866
346 10 189 400 2598.3204190399615 1039328.1676159846
347 17 359 1156 6802.0790204172135 7863203.3476022985
348 18 276 1296 4585.256372330778 5942492.258540688
349 8 335 256 783.6612788698955 200617.28739069324
350 7 121 196 1331.0 260876.0
351 5 100 100 353.5533905932738 35355.33905932738
352 2 10 16 31.622776601683793 505.9644256269407
353 10 100 400 1000.0 400000.0
354 9 76 324 662.5526394181824 214667.05517149108
355 7 326 196 662.5526394181824 129860.31732596374
356 8 76 256 662.5526394181824 169613.4756910547
357 15 244 900 3811.4018418424475 3430261.6576582026
358 9 77 324 675.6722578291934 218917.81153665867
359 6 113 144 1201.2064768390153 172973.7326648182
360 10 142 400 1692.125290869444 676850.1163477775
361 9 112 324 1185.2965873569365 384036.0943036474
362 5 78 100 688.877347573572 68887.7347573572
363 3 50 36 353.5533905932738 12727.922061357856
364 8 91 256 868.0846732894205 222229.67636209165
365 12 130 576 1482.2280526288794 853763.3583142345
366 15 188 900 2577.7261297507926 2319953.5167757133
367 11 366 484 1249.358235255205 604689.3858635193
368 13 241 676 3741.3261017986656 2529136.444815898
369 8 121 256 1331.0 340736.0
370 7 77 196 675.6722578291934 132431.7625345219
371 8 73 256 623.7122734081797 159670.341992494
372 5 113 100 500.0469977912076 50004.69977912076
373 4 50 64 353.5533905932738 22627.41699796952
374 18 315 1296 5590.695395029137 7245541.231957762
375 11 98 484 970.1505037879432 469552.8438333645
376 8 106 256 1091.336794944622 279382.2195058232
377 8 321 256 598.2566338955214 153153.69827725348
378 9 99 324 985.0375627355537 319152.1703263194
379 14 131 784 1499.363531636007 1175501.0088026295
380 14 192 784 2660.4300404257956 2085777.1516938237
381 9 117 324 1265.5484976878602 410037.7132508667
382 15 109 900 1137.99340947125 1024194.068524125
383 8 81 256 729.0 186624.0
384 7 110 196 1153.6897329871667 226123.18766548467
385 7 339 196 839.6243207530378 164566.3668675954
386 10 110 400 1153.6897329871667 461475.8931948667
387 7 128 196 1448.1546878700494 283838.3188225297
388 12 133 576 1533.830825091216 883486.5552525404
389 7 83 196 756.1659870689768 148208.53346551946
390 13 137 676 1603.5438877685885 1083995.668131566
391 9 120 324 1314.5341380123987 425909.06071601715
392 12 121 576 1331.0 766656.0
393 13 88 676 825.5131737289236 558046.9054407523
394 11 142 484 1692.125290869444 818988.6407808108
395 8 96 256 940.6040612287404 240794.63967455755
396 10 92 400 882.4330002895404 352973.20011581614
397 11 124 484 1380.8055619818454 668309.8919992131
398 11 108 484 1122.3689233046325 543226.5588794422
399 9 129 324 1465.1583532164707 474711.3064421365
1501's generation fitness ratios and roulette cutoffs:
43239217.01418748 280226967.9261614 700567.4198154035 0.0004677351397333639 0.0004677351397333639
43239217.01418748 280226967.9261614 700567.4198154035 0.0 0.0004677351397333639
43239217.01418748 280226967.9261614 700567.4198154035 0.0 0.0004677351397333639
43239217.01418748 280226967.9261614 700567.4198154035 2.0186687567425476e-05 0.0004879218273007894
43239217.01418748 280226967.9261614 700567.4198154035 4.037337513485096e-08 0.0004879622006759242
43239217.01418748 280226967.9261614 700567.4198154035 0.0 0.0004879622006759242
43239217.01418748 280226967.9261614 700567.4198154035 0.0002747318441369423 0.0007626940448128665
43239217.01418748 280226967.9261614 700567.4198154035 0.0 0.0007626940448128665
43239217.01418748 280226967.9261614 700567.4198154035 1.5958977781817088e-07 0.0007628536345906847
43239217.01418748 280226967.9261614 700567.4198154035 0.0 0.0007628536345906847
43239217.01418748 280226967.9261614 700567.4198154035 2.6536089940771253e-05 0.0007893897245314559
43239217.01418748 280226967.9261614 700567.4198154035 0.0 0.0007893897245314559
43239217.01418748 280226967.9261614 700567.4198154035 0.0 0.0007893897245314559
43239217.01418748 280226967.9261614 700567.4198154035 9.135451947917264e-07 0.0007903032697262476
43239217.01418748 280226967.9261614 700567.4198154035 0.0 0.0007903032697262476
43239217.01418748 280226967.9261614 700567.4198154035 0.0 0.0007903032697262476
43239217.01418748 280226967.9261614 700567.4198154035 0.0 0.0007903032697262476
43239217.01418748 280226967.9261614 700567.4198154035 0.0 0.0007903032697262476
43239217.01418748 280226967.9261614 700567.4198154035 4.817232286827638e-05 0.000838475592594524
43239217.01418748 280226967.9261614 700567.4198154035 0.0 0.000838475592594524
43239217.01418748 280226967.9261614 700567.4198154035 8.292528106491016e-07 0.0008393048454051731
43239217.01418748 280226967.9261614 700567.4198154035 8.459546888929384e-06 0.0008477643922941025
43239217.01418748 280226967.9261614 700567.4198154035 0.0 0.0008477643922941025
43239217.01418748 280226967.9261614 700567.4198154035 1.8923875647592234e-06 0.0008496567798588617
43239217.01418748 280226967.9261614 700567.4198154035 0.0 0.0008496567798588617
43239217.01418748 280226967.9261614 700567.4198154035 0.00046832176814101304 0.0013179785479998747
43239217.01418748 280226967.9261614 700567.4198154035 1.3736592206847117e-06 0.0013193522072205595
43239217.01418748 280226967.9261614 700567.4198154035 0.0 0.0013193522072205595
43239217.01418748 280226967.9261614 700567.4198154035 0.0 0.0013193522072205595
43239217.01418748 280226967.9261614 700567.4198154035 0.0 0.0013193522072205595
43239217.01418748 280226967.9261614 700567.4198154035 0.02428797536525071 0.02560732757247127
43239217.01418748 280226967.9261614 700567.4198154035 0.0044761248252350085 0.03008345239770628
43239217.01418748 280226967.9261614 700567.4198154035 8.292528106491016e-07 0.03008428165051693
43239217.01418748 280226967.9261614 700567.4198154035 0.0 0.03008428165051693
43239217.01418748 280226967.9261614 700567.4198154035 7.463275295841915e-06 0.03009174492581277
43239217.01418748 280226967.9261614 700567.4198154035 9.381924571647742e-06 0.030101126850384418
43239217.01418748 280226967.9261614 700567.4198154035 0.0 0.030101126850384418
43239217.01418748 280226967.9261614 700567.4198154035 0.0 0.030101126850384418
43239217.01418748 280226967.9261614 700567.4198154035 6.72952834229347e-06 0.030107856378726712
43239217.01418748 280226967.9261614 700567.4198154035 0.00012272984180785267 0.030230586220534563
43239217.01418748 280226967.9261614 700567.4198154035 0.0011413452123908638 0.03137193143292542
43239217.01418748 280226967.9261614 700567.4198154035 1.2850281486417797e-05 0.03138478171441184
43239217.01418748 280226967.9261614 700567.4198154035 0.0 0.03138478171441184
43239217.01418748 280226967.9261614 700567.4198154035 0.0024153639507177075 0.03380014566512955
43239217.01418748 280226967.9261614 700567.4198154035 0.0 0.03380014566512955
43239217.01418748 280226967.9261614 700567.4198154035 0.0005687589331173976 0.03436890459824695
43239217.01418748 280226967.9261614 700567.4198154035 0.0 0.03436890459824695
43239217.01418748 280226967.9261614 700567.4198154035 0.0 0.03436890459824695
43239217.01418748 280226967.9261614 700567.4198154035 0.0 0.03436890459824695
43239217.01418748 280226967.9261614 700567.4198154035 0.0 0.03436890459824695
43239217.01418748 280226967.9261614 700567.4198154035 5.106872890181468e-06 0.03437401147113713
43239217.01418748 280226967.9261614 700567.4198154035 1.4274143668620725e-08 0.0343740257452808
43239217.01418748 280226967.9261614 700567.4198154035 0.0 0.0343740257452808
43239217.01418748 280226967.9261614 700567.4198154035 0.00013375718071004152 0.03450778292599084
43239217.01418748 280226967.9261614 700567.4198154035 8.07467502697019e-05 0.03458852967626054
43239217.01418748 280226967.9261614 700567.4198154035 0.0 0.03458852967626054
43239217.01418748 280226967.9261614 700567.4198154035 0.0 0.03458852967626054
43239217.01418748 280226967.9261614 700567.4198154035 1.0900811286409758e-06 0.03458961975738918
43239217.01418748 280226967.9261614 700567.4198154035 0.0 0.03458961975738918
43239217.01418748 280226967.9261614 700567.4198154035 0.0 0.03458961975738918
43239217.01418748 280226967.9261614 700567.4198154035 0.0 0.03458961975738918
43239217.01418748 280226967.9261614 700567.4198154035 0.003928200412831165 0.038517820170220346
43239217.01418748 280226967.9261614 700567.4198154035 3.372627354317014e-05 0.03855154644376352
43239217.01418748 280226967.9261614 700567.4198154035 0.0 0.03855154644376352
43239217.01418748 280226967.9261614 700567.4198154035 5.821978408863129e-05 0.03860976622785215
43239217.01418748 280226967.9261614 700567.4198154035 0.0 0.03860976622785215
43239217.01418748 280226967.9261614 700567.4198154035 3.7494847171934116e-05 0.038647261075024086
43239217.01418748 280226967.9261614 700567.4198154035 0.0 0.038647261075024086
43239217.01418748 280226967.9261614 700567.4198154035 1.4274143668620725e-08 0.03864727534916775
43239217.01418748 280226967.9261614 700567.4198154035 1.057443361116173e-06 0.03864833279252887
43239217.01418748 280226967.9261614 700567.4198154035 0.0 0.03864833279252887
43239217.01418748 280226967.9261614 700567.4198154035 0.0 0.03864833279252887
43239217.01418748 280226967.9261614 700567.4198154035 0.0007525408718657481 0.03940087366439462
43239217.01418748 280226967.9261614 700567.4198154035 0.0002631010161000172 0.03966397468049464
43239217.01418748 280226967.9261614 700567.4198154035 0.0 0.03966397468049464
43239217.01418748 280226967.9261614 700567.4198154035 0.0 0.03966397468049464
43239217.01418748 280226967.9261614 700567.4198154035 5.494636882738847e-06 0.03966946931737737
43239217.01418748 280226967.9261614 700567.4198154035 0.0 0.03966946931737737
43239217.01418748 280226967.9261614 700567.4198154035 0.0 0.03966946931737737
43239217.01418748 280226967.9261614 700567.4198154035 0.010583735048407846 0.05025320436578522
43239217.01418748 280226967.9261614 700567.4198154035 0.0 0.05025320436578522
43239217.01418748 280226967.9261614 700567.4198154035 0.0 0.05025320436578522
43239217.01418748 280226967.9261614 700567.4198154035 1.5958977781817088e-07 0.050253363955563034
43239217.01418748 280226967.9261614 700567.4198154035 4.037337513485096e-08 0.05025340432893817
43239217.01418748 280226967.9261614 700567.4198154035 0.0 0.05025340432893817
43239217.01418748 280226967.9261614 700567.4198154035 1.276718222545367e-06 0.050254681047160715
43239217.01418748 280226967.9261614 700567.4198154035 0.0009309453759237752 0.05118562642308449
43239217.01418748 280226967.9261614 700567.4198154035 2.8913133344440042e-05 0.05121453955642893
43239217.01418748 280226967.9261614 700567.4198154035 0.0 0.05121453955642893
43239217.01418748 280226967.9261614 700567.4198154035 0.001866245835572001 0.05308078539200093
43239217.01418748 280226967.9261614 700567.4198154035 0.0 0.05308078539200093
43239217.01418748 280226967.9261614 700567.4198154035 5.494636882738847e-06 0.053086280028883666
43239217.01418748 280226967.9261614 700567.4198154035 9.135451947917264e-07 0.053087193574078456
43239217.01418748 280226967.9261614 700567.4198154035 1.8987680308676126e-05 0.05310618125438713
43239217.01418748 280226967.9261614 700567.4198154035 5.207617662768628e-07 0.05310670201615341
43239217.01418748 280226967.9261614 700567.4198154035 0.0 0.05310670201615341
43239217.01418748 280226967.9261614 700567.4198154035 1.0823830053970022e-05 0.05311752584620738
43239217.01418748 280226967.9261614 700567.4198154035 0.0 0.05311752584620738
43239217.01418748 280226967.9261614 700567.4198154035 0.0 0.05311752584620738
43239217.01418748 280226967.9261614 700567.4198154035 6.713158752633583e-06 0.053124239004960015
43239217.01418748 280226967.9261614 700567.4198154035 7.417062620576612e-08 0.05312431317558622
43239217.01418748 280226967.9261614 700567.4198154035 0.00067855531589144 0.05380286849147766
43239217.01418748 280226967.9261614 700567.4198154035 2.8913133344440042e-05 0.0538317816248221
43239217.01418748 280226967.9261614 700567.4198154035 0.0 0.0538317816248221
43239217.01418748 280226967.9261614 700567.4198154035 5.933650096461289e-07 0.05383237498983175
43239217.01418748 280226967.9261614 700567.4198154035 0.0 0.05383237498983175
43239217.01418748 280226967.9261614 700567.4198154035 2.0062708811558156e-05 0.053852437698643306
43239217.01418748 280226967.9261614 700567.4198154035 8.292528106491016e-07 0.053853266951453954
43239217.01418748 280226967.9261614 700567.4198154035 3.2298700107880766e-07 0.053853589938455036
43239217.01418748 280226967.9261614 700567.4198154035 0.0 0.053853589938455036
43239217.01418748 280226967.9261614 700567.4198154035 0.0 0.053853589938455036
43239217.01418748 280226967.9261614 700567.4198154035 1.141931493489658e-07 0.05385370413160438
43239217.01418748 280226967.9261614 700567.4198154035 0.0 0.05385370413160438
43239217.01418748 280226967.9261614 700567.4198154035 0.005112845678014237 0.05896654980961862
43239217.01418748 280226967.9261614 700567.4198154035 0.0 0.05896654980961862
43239217.01418748 280226967.9261614 700567.4198154035 7.477253713659412e-07 0.058967297534989985
43239217.01418748 280226967.9261614 700567.4198154035 0.0 0.058967297534989985
43239217.01418748 280226967.9261614 700567.4198154035 0.006683654447951687 0.06565095198294167
43239217.01418748 280226967.9261614 700567.4198154035 4.817232286827638e-05 0.06569912430580994
43239217.01418748 280226967.9261614 700567.4198154035 0.0 0.06569912430580994
43239217.01418748 280226967.9261614 700567.4198154035 4.139418725372304e-05 0.06574051849306367
43239217.01418748 280226967.9261614 700567.4198154035 3.2041710520890964e-05 0.06577256020358456
43239217.01418748 280226967.9261614 700567.4198154035 5.349897251563182e-05 0.0658260591761002
43239217.01418748 280226967.9261614 700567.4198154035 0.0 0.0658260591761002
43239217.01418748 280226967.9261614 700567.4198154035 0.0 0.0658260591761002
43239217.01418748 280226967.9261614 700567.4198154035 4.2722280694521285e-05 0.06586878145679471
43239217.01418748 280226967.9261614 700567.4198154035 3.343685782226989e-06 0.06587212514257694
43239217.01418748 280226967.9261614 700567.4198154035 4.527812371907991e-05 0.06591740326629603
43239217.01418748 280226967.9261614 700567.4198154035 0.0 0.06591740326629603
43239217.01418748 280226967.9261614 700567.4198154035 2.0978621101979947e-07 0.06591761305250704
43239217.01418748 280226967.9261614 700567.4198154035 0.0 0.06591761305250704
43239217.01418748 280226967.9261614 700567.4198154035 1.4274143668620725e-08 0.06591762732665071
43239217.01418748 280226967.9261614 700567.4198154035 4.896031278336909e-06 0.06592252335792904
43239217.01418748 280226967.9261614 700567.4198154035 2.676240159348688e-06 0.06592519959808839
43239217.01418748 280226967.9261614 700567.4198154035 0.0 0.06592519959808839
43239217.01418748 280226967.9261614 700567.4198154035 1.141931493489658e-07 0.06592531379123774
43239217.01418748 280226967.9261614 700567.4198154035 0.0 0.06592531379123774
43239217.01418748 280226967.9261614 700567.4198154035 0.00019570515991878414 0.06612101895115653
43239217.01418748 280226967.9261614 700567.4198154035 7.569550259036894e-06 0.06612858850141556
43239217.01418748 280226967.9261614 700567.4198154035 0.0 0.06612858850141556
43239217.01418748 280226967.9261614 700567.4198154035 1.5958977781817088e-07 0.06612874809119339
43239217.01418748 280226967.9261614 700567.4198154035 0.0 0.06612874809119339
43239217.01418748 280226967.9261614 700567.4198154035 0.0 0.06612874809119339
43239217.01418748 280226967.9261614 700567.4198154035 7.833650045339054e-05 0.06620708459164677
43239217.01418748 280226967.9261614 700567.4198154035 0.016028381455096538 0.08223546604674331
43239217.01418748 280226967.9261614 700567.4198154035 0.0 0.08223546604674331
43239217.01418748 280226967.9261614 700567.4198154035 0.002007058792957423 0.08424252483970074
43239217.01418748 280226967.9261614 700567.4198154035 0.0 0.08424252483970074
43239217.01418748 280226967.9261614 700567.4198154035 0.0036634355695551995 0.08790596040925594
43239217.01418748 280226967.9261614 700567.4198154035 0.0 0.08790596040925594
43239217.01418748 280226967.9261614 700567.4198154035 0.00012525130234802186 0.08803121171160397
43239217.01418748 280226967.9261614 700567.4198154035 5.933650096461289e-07 0.08803180507661361
43239217.01418748 280226967.9261614 700567.4198154035 0.0 0.08803180507661361
43239217.01418748 280226967.9261614 700567.4198154035 0.0 0.08803180507661361
43239217.01418748 280226967.9261614 700567.4198154035 0.0 0.08803180507661361
43239217.01418748 280226967.9261614 700567.4198154035 5.106872890181468e-06 0.08803691194950379
43239217.01418748 280226967.9261614 700567.4198154035 1.1490464002908302e-05 0.0880484024135067
43239217.01418748 280226967.9261614 700567.4198154035 1.1319530929769978e-05 0.08805972194443647
43239217.01418748 280226967.9261614 700567.4198154035 0.0 0.08805972194443647
43239217.01418748 280226967.9261614 700567.4198154035 3.878031600981552e-05 0.08809850226044628
43239217.01418748 280226967.9261614 700567.4198154035 0.001956444800081343 0.09005494706052763
43239217.01418748 280226967.9261614 700567.4198154035 3.6541807791669057e-06 0.0900586012413068
43239217.01418748 280226967.9261614 700567.4198154035 0.0 0.0900586012413068
43239217.01418748 280226967.9261614 700567.4198154035 7.137071834310363e-06 0.0900657383131411
43239217.01418748 280226967.9261614 700567.4198154035 0.00033042696411747003 0.09039616527725858
43239217.01418748 280226967.9261614 700567.4198154035 0.0 0.09039616527725858
43239217.01418748 280226967.9261614 700567.4198154035 2.6436084027904325e-07 0.09039642963809885
43239217.01418748 280226967.9261614 700567.4198154035 0.0 0.09039642963809885
43239217.01418748 280226967.9261614 700567.4198154035 0.0019709816970159438 0.0923674113351148
43239217.01418748 280226967.9261614 700567.4198154035 0.0 0.0923674113351148
43239217.01418748 280226967.9261614 700567.4198154035 0.0 0.0923674113351148
43239217.01418748 280226967.9261614 700567.4198154035 0.0 0.0923674113351148
43239217.01418748 280226967.9261614 700567.4198154035 1.4274143668620725e-08 0.09236742560925847
43239217.01418748 280226967.9261614 700567.4198154035 1.5416075162110384e-06 0.09236896721677468
43239217.01418748 280226967.9261614 700567.4198154035 0.0 0.09236896721677468
43239217.01418748 280226967.9261614 700567.4198154035 2.3734600385845157e-06 0.09237134067681327
43239217.01418748 280226967.9261614 700567.4198154035 0.0 0.09237134067681327
43239217.01418748 280226967.9261614 700567.4198154035 0.0014820337486183626 0.09385337442543164
43239217.01418748 280226967.9261614 700567.4198154035 0.0 0.09385337442543164
43239217.01418748 280226967.9261614 700567.4198154035 2.3255064077674153e-05 0.09387662948950931
43239217.01418748 280226967.9261614 700567.4198154035 0.00022113874871968386 0.09409776823822899
43239217.01418748 280226967.9261614 700567.4198154035 0.0012721125766018994 0.09536988081483089
43239217.01418748 280226967.9261614 700567.4198154035 1.4274143668620725e-08 0.09536989508897456
43239217.01418748 280226967.9261614 700567.4198154035 0.0 0.09536989508897456
43239217.01418748 280226967.9261614 700567.4198154035 0.0 0.09536989508897456
43239217.01418748 280226967.9261614 700567.4198154035 2.774893529179869e-05 0.09539764402426636
43239217.01418748 280226967.9261614 700567.4198154035 0.0 0.09539764402426636
43239217.01418748 280226967.9261614 700567.4198154035 8.459546888929384e-06 0.09540610357115528
43239217.01418748 280226967.9261614 700567.4198154035 0.0 0.09540610357115528
43239217.01418748 280226967.9261614 700567.4198154035 0.0 0.09540610357115528
43239217.01418748 280226967.9261614 700567.4198154035 0.0 0.09540610357115528
43239217.01418748 280226967.9261614 700567.4198154035 0.0 0.09540610357115528
43239217.01418748 280226967.9261614 700567.4198154035 0.00017421181544431793 0.0955803153865996
43239217.01418748 280226967.9261614 700567.4198154035 3.854018790527596e-07 0.09558070078847865
43239217.01418748 280226967.9261614 700567.4198154035 0.0 0.09558070078847865
43239217.01418748 280226967.9261614 700567.4198154035 1.8023462168001166e-05 0.09559872425064665
43239217.01418748 280226967.9261614 700567.4198154035 0.00010245667315509747 0.09570118092380175
43239217.01418748 280226967.9261614 700567.4198154035 0.014671745597613577 0.11037292652141534
43239217.01418748 280226967.9261614 700567.4198154035 0.0 0.11037292652141534
43239217.01418748 280226967.9261614 700567.4198154035 0.0 0.11037292652141534
43239217.01418748 280226967.9261614 700567.4198154035 0.0 0.11037292652141534
43239217.01418748 280226967.9261614 700567.4198154035 0.0 0.11037292652141534
43239217.01418748 280226967.9261614 700567.4198154035 4.817232286827638e-05 0.11042109884428361
43239217.01418748 280226967.9261614 700567.4198154035 0.0 0.11042109884428361
43239217.01418748 280226967.9261614 700567.4198154035 0.15430069894479542 0.264721797789079
43239217.01418748 280226967.9261614 700567.4198154035 0.0 0.264721797789079
43239217.01418748 280226967.9261614 700567.4198154035 0.01527033890323199 0.279992136692311
43239217.01418748 280226967.9261614 700567.4198154035 0.04530766327170668 0.3252997999640177
43239217.01418748 280226967.9261614 700567.4198154035 1.5744969280081167e-06 0.3253013744609457
43239217.01418748 280226967.9261614 700567.4198154035 0.0 0.3253013744609457
43239217.01418748 280226967.9261614 700567.4198154035 4.728685781539499e-06 0.32530610314672725
43239217.01418748 280226967.9261614 700567.4198154035 0.0015230356399774019 0.32682913878670466
43239217.01418748 280226967.9261614 700567.4198154035 9.85490848507972e-06 0.32683899369518976
43239217.01418748 280226967.9261614 700567.4198154035 0.0005384744145084069 0.32737746810969814
43239217.01418748 280226967.9261614 700567.4198154035 2.774893529179869e-05 0.3274052170449899
43239217.01418748 280226967.9261614 700567.4198154035 0.0 0.3274052170449899
43239217.01418748 280226967.9261614 700567.4198154035 0.0 0.3274052170449899
43239217.01418748 280226967.9261614 700567.4198154035 0.00011133374547519266 0.3275165507904651
43239217.01418748 280226967.9261614 700567.4198154035 0.0 0.3275165507904651
43239217.01418748 280226967.9261614 700567.4198154035 0.006070079244730866 0.33358663003519595
43239217.01418748 280226967.9261614 700567.4198154035 0.00029310834557544894 0.3338797383807714
43239217.01418748 280226967.9261614 700567.4198154035 0.0005384744145084069 0.3344182127952798
43239217.01418748 280226967.9261614 700567.4198154035 7.417062620576612e-08 0.334418286965906
43239217.01418748 280226967.9261614 700567.4198154035 0.0011389059828474989 0.33555719294875347
43239217.01418748 280226967.9261614 700567.4198154035 0.0020396909368320523 0.3375968838855855
43239217.01418748 280226967.9261614 700567.4198154035 7.389110118161315e-05 0.3376707749867671
43239217.01418748 280226967.9261614 700567.4198154035 8.391448440791979e-07 0.3376716141316112
43239217.01418748 280226967.9261614 700567.4198154035 4.5138805641313234e-07 0.3376720655196676
43239217.01418748 280226967.9261614 700567.4198154035 0.0 0.3376720655196676
43239217.01418748 280226967.9261614 700567.4198154035 0.0 0.3376720655196676
43239217.01418748 280226967.9261614 700567.4198154035 9.135451947917264e-07 0.3376729790648624
43239217.01418748 280226967.9261614 700567.4198154035 2.6436084027904325e-07 0.33767324342570265
43239217.01418748 280226967.9261614 700567.4198154035 0.0 0.33767324342570265
43239217.01418748 280226967.9261614 700567.4198154035 0.00026984054841867444 0.3379430839741213
43239217.01418748 280226967.9261614 700567.4198154035 0.00015356857549978046 0.3380966525496211
43239217.01418748 280226967.9261614 700567.4198154035 0.04335622973636762 0.3814528822859887
43239217.01418748 280226967.9261614 700567.4198154035 0.007534640761166424 0.38898752304715517
43239217.01418748 280226967.9261614 700567.4198154035 0.0 0.38898752304715517
43239217.01418748 280226967.9261614 700567.4198154035 2.546894459198245e-05 0.38901299199174716
43239217.01418748 280226967.9261614 700567.4198154035 0.00027552973066462646 0.3892885217224118
43239217.01418748 280226967.9261614 700567.4198154035 0.0 0.3892885217224118
43239217.01418748 280226967.9261614 700567.4198154035 9.85490848507972e-06 0.3892983766308969
43239217.01418748 280226967.9261614 700567.4198154035 0.0 0.3892983766308969
43239217.01418748 280226967.9261614 700567.4198154035 4.037337513485096e-08 0.38929841700427203
43239217.01418748 280226967.9261614 700567.4198154035 0.0 0.38929841700427203
43239217.01418748 280226967.9261614 700567.4198154035 0.0263226560199993 0.4156210730242713
43239217.01418748 280226967.9261614 700567.4198154035 0.033240130125650774 0.44886120314992206
43239217.01418748 280226967.9261614 700567.4198154035 6.159317803174824e-05 0.4489227963279538
43239217.01418748 280226967.9261614 700567.4198154035 1.8923875647592234e-06 0.44892468871551855
43239217.01418748 280226967.9261614 700567.4198154035 0.0037945955304351277 0.4527192842459537
43239217.01418748 280226967.9261614 700567.4198154035 3.128884152242505e-05 0.4527505730874761
43239217.01418748 280226967.9261614 700567.4198154035 4.5420047026707326e-05 0.45279599313450286
43239217.01418748 280226967.9261614 700567.4198154035 0.001215928654267788 0.45401192178877064
43239217.01418748 280226967.9261614 700567.4198154035 0.010054332461693447 0.4640662542504641
43239217.01418748 280226967.9261614 700567.4198154035 0.004921862989705187 0.4689881172401693
43239217.01418748 280226967.9261614 700567.4198154035 0.0031710905052169365 0.4721592077453862
43239217.01418748 280226967.9261614 700567.4198154035 0.0 0.4721592077453862
43239217.01418748 280226967.9261614 700567.4198154035 0.00024582835573308857 0.47240503610111934
43239217.01418748 280226967.9261614 700567.4198154035 0.00977375669907503 0.4821787928001944
43239217.01418748 280226967.9261614 700567.4198154035 0.0004387491908335646 0.48261754199102797
43239217.01418748 280226967.9261614 700567.4198154035 0.00015356857549978046 0.4827711105665278
43239217.01418748 280226967.9261614 700567.4198154035 0.0 0.4827711105665278
43239217.01418748 280226967.9261614 700567.4198154035 0.00235609664617838 0.48512720721270614
43239217.01418748 280226967.9261614 700567.4198154035 1.325643034741393e-05 0.4851404636430536
43239217.01418748 280226967.9261614 700567.4198154035 2.3734600385845157e-06 0.48514283710309214
43239217.01418748 280226967.9261614 700567.4198154035 0.004630963920233505 0.48977380102332563
43239217.01418748 280226967.9261614 700567.4198154035 8.459546888929384e-06 0.48978226057021457
43239217.01418748 280226967.9261614 700567.4198154035 0.0009079597272336967 0.49069022029744824
43239217.01418748 280226967.9261614 700567.4198154035 0.0002039121971112451 0.4908941324945595
43239217.01418748 280226967.9261614 700567.4198154035 9.810730157768783e-06 0.49090394322471725
43239217.01418748 280226967.9261614 700567.4198154035 0.04346868501946987 0.5343726282441871
43239217.01418748 280226967.9261614 700567.4198154035 0.000954961525540485 0.5353275897697276
43239217.01418748 280226967.9261614 700567.4198154035 2.8548287337241452e-05 0.5353561380570648
43239217.01418748 280226967.9261614 700567.4198154035 1.3736592206847117e-06 0.5353575117162855
43239217.01418748 280226967.9261614 700567.4198154035 0.0019116619696445862 0.5372691736859301
43239217.01418748 280226967.9261614 700567.4198154035 2.6436084027904325e-07 0.5372694380467704
43239217.01418748 280226967.9261614 700567.4198154035 0.0002317832068930191 0.5375012212536634
43239217.01418748 280226967.9261614 700567.4198154035 5.349897251563182e-05 0.537554720226179
43239217.01418748 280226967.9261614 700567.4198154035 0.01225073248445958 0.5498054527106386
43239217.01418748 280226967.9261614 700567.4198154035 7.417062620576612e-08 0.5498055268812648
43239217.01418748 280226967.9261614 700567.4198154035 0.0 0.5498055268812648
43239217.01418748 280226967.9261614 700567.4198154035 9.027761128262646e-05 0.5498958044925475
43239217.01418748 280226967.9261614 700567.4198154035 0.0030280670253059376 0.5529238715178534
43239217.01418748 280226967.9261614 700567.4198154035 1.9033980500091115e-05 0.5529429054983535
43239217.01418748 280226967.9261614 700567.4198154035 0.0 0.5529429054983535
43239217.01418748 280226967.9261614 700567.4198154035 0.0003414551582708631 0.5532843606566243
43239217.01418748 280226967.9261614 700567.4198154035 0.0057702173238347535 0.5590545779804591
43239217.01418748 280226967.9261614 700567.4198154035 0.0011389059828474989 0.5601934839633066
43239217.01418748 280226967.9261614 700567.4198154035 3.496765499948116e-05 0.560228451618306
43239217.01418748 280226967.9261614 700567.4198154035 4.728685781539499e-06 0.5602331803040875
43239217.01418748 280226967.9261614 700567.4198154035 5.5624607150977865e-05 0.5602888049112386
43239217.01418748 280226967.9261614 700567.4198154035 0.0037384532863402762 0.5640272581975788
43239217.01418748 280226967.9261614 700567.4198154035 0.0004098266926203899 0.5644370848901992
43239217.01418748 280226967.9261614 700567.4198154035 0.00014489561673156626 0.5645819805069308
43239217.01418748 280226967.9261614 700567.4198154035 2.6436084027904325e-07 0.5645822448677711
43239217.01418748 280226967.9261614 700567.4198154035 0.000303802884938818 0.5648860477527099
43239217.01418748 280226967.9261614 700567.4198154035 0.00942678003378514 0.5743128277864951
43239217.01418748 280226967.9261614 700567.4198154035 0.0 0.5743128277864951
43239217.01418748 280226967.9261614 700567.4198154035 0.00023643428907697497 0.574549262075572
43239217.01418748 280226967.9261614 700567.4198154035 0.0 0.574549262075572
43239217.01418748 280226967.9261614 700567.4198154035 0.0 0.574549262075572
43239217.01418748 280226967.9261614 700567.4198154035 0.00010880899493860949 0.5746580710705106
43239217.01418748 280226967.9261614 700567.4198154035 0.004435956333578395 0.579094027404089
43239217.01418748 280226967.9261614 700567.4198154035 0.0021300127076413983 0.5812240401117303
43239217.01418748 280226967.9261614 700567.4198154035 0.03388581536878633 0.6151098554805167
43239217.01418748 280226967.9261614 700567.4198154035 0.00017625712602012872 0.6152861126065368
43239217.01418748 280226967.9261614 700567.4198154035 0.0013339025728113915 0.6166200151793482
43239217.01418748 280226967.9261614 700567.4198154035 0.0006272931808536644 0.6172473083602018
43239217.01418748 280226967.9261614 700567.4198154035 0.0004242057711172458 0.617671514131319
43239217.01418748 280226967.9261614 700567.4198154035 0.0019979233410095058 0.6196694374723285
43239217.01418748 280226967.9261614 700567.4198154035 0.00012806587328465944 0.6197975033456131
43239217.01418748 280226967.9261614 700567.4198154035 0.0 0.6197975033456131
43239217.01418748 280226967.9261614 700567.4198154035 0.0007099507205463926 0.6205074540661595
43239217.01418748 280226967.9261614 700567.4198154035 0.021478646562758438 0.6419861006289179
43239217.01418748 280226967.9261614 700567.4198154035 0.005191245359444152 0.6471773459883621
43239217.01418748 280226967.9261614 700567.4198154035 0.009025314242711694 0.6562026602310738
43239217.01418748 280226967.9261614 700567.4198154035 0.012746230941296151 0.6689488911723699
43239217.01418748 280226967.9261614 700567.4198154035 0.0015621908645095355 0.6705110820368794
43239217.01418748 280226967.9261614 700567.4198154035 0.004275747677635378 0.6747868297145148
43239217.01418748 280226967.9261614 700567.4198154035 0.0002271630294800493 0.6750139927439948
43239217.01418748 280226967.9261614 700567.4198154035 1.9033980500091115e-05 0.6750330267244948
43239217.01418748 280226967.9261614 700567.4198154035 1.5958977781817088e-07 0.6750331863142727
43239217.01418748 280226967.9261614 700567.4198154035 0.0 0.6750331863142727
43239217.01418748 280226967.9261614 700567.4198154035 0.010804156327710838 0.6858373426419835
43239217.01418748 280226967.9261614 700567.4198154035 0.0006052717800370559 0.6864426144220206
43239217.01418748 280226967.9261614 700567.4198154035 0.01571295014404229 0.7021555645660629
43239217.01418748 280226967.9261614 700567.4198154035 0.0005675773063182827 0.7027231418723812
43239217.01418748 280226967.9261614 700567.4198154035 0.00021801622572819516 0.7029411580981093
43239217.01418748 280226967.9261614 700567.4198154035 0.0005384744145084069 0.7034796325126177
43239217.01418748 280226967.9261614 700567.4198154035 0.00017421181544431793 0.703653844328062
43239217.01418748 280226967.9261614 700567.4198154035 0.0008061424271401557 0.7044599867552022
43239217.01418748 280226967.9261614 700567.4198154035 0.00067855531589144 0.7051385420710936
43239217.01418748 280226967.9261614 700567.4198154035 0.0009829105265185282 0.7061214525976122
43239217.01418748 280226967.9261614 700567.4198154035 6.713158752633583e-06 0.7061281657563648
43239217.01418748 280226967.9261614 700567.4198154035 6.665750608343844e-05 0.7061948232624483
43239217.01418748 280226967.9261614 700567.4198154035 0.0005193581153777221 0.706714181377826
43239217.01418748 280226967.9261614 700567.4198154035 0.0 0.706714181377826
43239217.01418748 280226967.9261614 700567.4198154035 0.0008061424271401557 0.7075203238049662
43239217.01418748 280226967.9261614 700567.4198154035 0.0006272931808536644 0.7081476169858198
43239217.01418748 280226967.9261614 700567.4198154035 0.0009820501032077912 0.7091296670890277
43239217.01418748 280226967.9261614 700567.4198154035 0.0025961481155140805 0.7117258152045418
43239217.01418748 280226967.9261614 700567.4198154035 0.0023274222397993006 0.7140532374443411
43239217.01418748 280226967.9261614 700567.4198154035 0.0065881887710837 0.7206414262154248
43239217.01418748 280226967.9261614 700567.4198154035 0.009025314242711694 0.7296667404581365
43239217.01418748 280226967.9261614 700567.4198154035 0.07102245671628019 0.8006891971744167
43239217.01418748 280226967.9261614 700567.4198154035 0.021217152208917706 0.8219063493833344
43239217.01418748 280226967.9261614 700567.4198154035 0.0037088798958487216 0.8256152292791831
43239217.01418748 280226967.9261614 700567.4198154035 0.02806012356981366 0.8536753528489968
43239217.01418748 280226967.9261614 700567.4198154035 0.02120599706201906 0.8748813499110158
43239217.01418748 280226967.9261614 700567.4198154035 0.0007159099956559321 0.8755972599066718
43239217.01418748 280226967.9261614 700567.4198154035 0.0009309453759237752 0.8765282052825956
43239217.01418748 280226967.9261614 700567.4198154035 0.00012616679729640924 0.8766543720798919
43239217.01418748 280226967.9261614 700567.4198154035 1.8055522256525293e-06 0.8766561776321176
43239217.01418748 280226967.9261614 700567.4198154035 0.0014274143668620725 0.8780835919989797
43239217.01418748 280226967.9261614 700567.4198154035 0.0007660470966093988 0.8788496390955891
43239217.01418748 280226967.9261614 700567.4198154035 0.00046341120659087093 0.87931305030218
43239217.01418748 280226967.9261614 700567.4198154035 0.0006052717800370559 0.8799183220822171
43239217.01418748 280226967.9261614 700567.4198154035 0.012241011930593567 0.8921593340128107
43239217.01418748 280226967.9261614 700567.4198154035 0.0007812160733735754 0.8929405500861842
43239217.01418748 280226967.9261614 700567.4198154035 0.0006172629777388022 0.893557813063923
43239217.01418748 280226967.9261614 700567.4198154035 0.0024153639507177075 0.8959731770146407
43239217.01418748 280226967.9261614 700567.4198154035 0.00137044659600656 0.8973436236106473
43239217.01418748 280226967.9261614 700567.4198154035 0.00024582835573308857 0.8975894519663804
43239217.01418748 280226967.9261614 700567.4198154035 4.5420047026707326e-05 0.8976348720134071
43239217.01418748 280226967.9261614 700567.4198154035 0.0007930345819558959 0.898427906595363
43239217.01418748 280226967.9261614 700567.4198154035 0.003046685208895375 0.9014745918042584
43239217.01418748 280226967.9261614 700567.4198154035 0.008278837450744609 0.909753429255003
43239217.01418748 280226967.9261614 700567.4198154035 0.002157855792176477 0.9119112850471794
43239217.01418748 280226967.9261614 700567.4198154035 0.009025314242711694 0.9209365992898911
43239217.01418748 280226967.9261614 700567.4198154035 0.001215928654267788 0.9221525279441589
43239217.01418748 280226967.9261614 700567.4198154035 0.0004725875011766073 0.9226251154453355
43239217.01418748 280226967.9261614 700567.4198154035 0.000569789350304666 0.9231949047956403
43239217.01418748 280226967.9261614 700567.4198154035 0.0001784435671883542 0.9233733483628286
43239217.01418748 280226967.9261614 700567.4198154035 8.07467502697019e-05 0.9234540951130983
43239217.01418748 280226967.9261614 700567.4198154035 0.025855974125470072 0.9493100692385683
43239217.01418748 280226967.9261614 700567.4198154035 0.001675616188221719 0.9509856854267901
43239217.01418748 280226967.9261614 700567.4198154035 0.000996985484921063 0.9519826709117112
43239217.01418748 280226967.9261614 700567.4198154035 0.0005465344731475267 0.9525292053848587
43239217.01418748 280226967.9261614 700567.4198154035 0.0011389059828474989 0.9536681113677062
43239217.01418748 280226967.9261614 700567.4198154035 0.004194817570564333 0.9578629289382705
43239217.01418748 280226967.9261614 700567.4198154035 0.007443170681001041 0.9653060996192716
43239217.01418748 280226967.9261614 700567.4198154035 0.0014632343071238948 0.9667693339263955
43239217.01418748 280226967.9261614 700567.4198154035 0.0036548733196656354 0.9704242072460612
43239217.01418748 280226967.9261614 700567.4198154035 0.0006659744470031686 0.9710901816930643
43239217.01418748 280226967.9261614 700567.4198154035 0.0008069287168859036 0.9718971104099502
43239217.01418748 280226967.9261614 700567.4198154035 0.0005872609909227507 0.972484371400873
43239217.01418748 280226967.9261614 700567.4198154035 0.0016467932997671502 0.9741311647006401
43239217.01418748 280226967.9261614 700567.4198154035 0.0010128872353831408 0.9751440519360233
43239217.01418748 280226967.9261614 700567.4198154035 0.003152753504742396 0.9782968054407657
43239217.01418748 280226967.9261614 700567.4198154035 0.0005288874749006018 0.9788256929156663
43239217.01418748 280226967.9261614 700567.4198154035 0.0038682774757681213 0.9826939703914345
43239217.01418748 280226967.9261614 700567.4198154035 0.001519871780606934 0.9842138421720414
43239217.01418748 280226967.9261614 700567.4198154035 0.0027358394721025228 0.986949681644144
43239217.01418748 280226967.9261614 700567.4198154035 0.0019914104255226257 0.9889410920696666
43239217.01418748 280226967.9261614 700567.4198154035 0.002922590380368426 0.9918636824500351
43239217.01418748 280226967.9261614 700567.4198154035 0.0008592843203370986 0.9927229667703722
43239217.01418748 280226967.9261614 700567.4198154035 0.0012595975424064933 0.9939825643127786
43239217.01418748 280226967.9261614 700567.4198154035 0.0023848878533892924 0.996367452166168
43239217.01418748 280226967.9261614 700567.4198154035 0.0019385234865139033 0.9983059756526819
43239217.01418748 280226967.9261614 700567.4198154035 0.001694024347318424 1.0000000000000002
1501's generation extracting best parents:
131072.0
0
0
0
0
0
76987.27167525812
0
0
0
7436.12802471824
0
0
0
0
0
0
0
13499.183975337177
0
0
0
0
0
0
131236.38909997485
0
0
0
0
6806145.693669509
1254330.8878346256
0
0
0
0
0
0
0
34392.211443871995
319835.7082253325
0
0
676850.1163477775
0
159381.59130840676
0
0
0
0
0
0
0
37482.36918872658
22627.41699796952
0
0
0
0
0
0
1100787.691093973
9451.011374450885
0
16314.753568472923
0
10507.067335845906
0
0
0
0
0
210882.24676344855
73728.0
0
0
0
0
0
2965847.9819491757
0
0
0
0
0
0
260876.0
8102.239690357228
0
522972.4119071674
0
0
0
0
0
0
0
0
0
0
0
190149.49874243687
8102.239690357228
0
0
0
0
0
0
0
0
0
0
1432757.2418243086
0
0
0
1872940.2206157034
13499.183975337177
0
11599.767583878567
8978.95138643706
14991.85485522055
0
0
11971.93518191608
0
12688.151323183374
0
0
0
0
0
0
0
0
0
54841.863571545415
0
0
0
0
0
21952.0
4491584.735925618
0
562432.0
0
1026593.4418493038
0
35098.79268578906
0
0
0
0
0
0
0
0
10867.290370648978
548248.5942416998
0
0
0
92594.54627568516
0
0
0
552322.2247927381
0
0
0
0
0
0
0
0
415305.82373956667
0
0
61969.04104470232
356480.25020188704
0
0
0
7776.0
0
0
0
0
0
0
48818.84881887323
0
0
0
28711.1228620547
4111418.7830032595
0
0
0
0
13499.183975337177
0
43239217.01418748
0
4279160.770057606
12696429.10244987
0
0
0
426795.6594343481
0
150895.0524835059
7776.0
0
0
31198.717922376232
0
1700999.9018224543
82136.86295446157
150895.0524835059
0
319152.1703263194
571576.4067349177
20706.279240848657
0
0
0
0
0
0
0
75616.59870689768
43034.056281043275
12149584.799732376
2111409.5349145317
0
7137.085119290648
77210.86099766017
0
0
0
0
0
7376318.084247723
9314780.87858217
17260.069524773065
0
1063348.0
8767.977189751351
12727.922061357856
340736.0
2817495.1002619327
1379238.7421530762
888625.0772963815
0
68887.7347573572
2738870.205029804
122949.35542734659
43034.056281043275
0
660241.8192995654
0
0
1297720.9779424851
0
254434.80136176338
57141.69671964598
0
12181097.802743396
267605.97278835165
8000.0
0
535699.237453256
0
64951.9052838329
14991.85485522055
3432985.6189946383
0
0
25298.221281347032
848546.041178674
0
0
95684.94368499152
1616970.5049332224
319152.1703263194
9798.879935992685
0
15587.515004002402
1047615.4291647293
114844.4914482188
40603.65934247799
0
85133.76129362546
2641637.9861744875
0
66255.26394181824
0
0
30491.21473473958
1243074.5932115256
596887.0027065424
9495719.296500714
49392.0
373795.473487842
175784.46607137957
118873.897016965
559872.0
35887.511365376115
0
198947.33779570914
6018896.001439466
1454726.9468377908
2529136.444815898
3571837.6491660425
437768.00928345596
1198179.8073210882
63657.206976115434
0
0
0
3027615.9687146586
169613.4756910547
4403192.376039912
159050.46761327048
61094.02589451771
150895.0524835059
48818.84881887323
225902.84807412233
190149.49874243687
275438.03658899403
0
18679.230819281613
145538.14994014456
0
225902.84807412233
175784.46607137957
275196.9227734932
727510.7146977286
652206.4773428733
1846188.1634459689
2529136.444815898
19902407.700270236
5945618.231532866
1039328.1676159846
7863203.3476022985
5942492.258540688
200617.28739069324
260876.0
35355.33905932738
0
400000.0
214667.05517149108
129860.31732596374
169613.4756910547
3430261.6576582026
218917.81153665867
172973.7326648182
676850.1163477775
384036.0943036474
68887.7347573572
12727.922061357856
222229.67636209165
853763.3583142345
2319953.5167757133
604689.3858635193
2529136.444815898
340736.0
132431.7625345219
159670.341992494
50004.69977912076
22627.41699796952
7245541.231957762
469552.8438333645
279382.2195058232
153153.69827725348
319152.1703263194
1175501.0088026295
2085777.1516938237
410037.7132508667
1024194.068524125
186624.0
226123.18766548467
164566.3668675954
461475.8931948667
283838.3188225297
883486.5552525404
148208.53346551946
1083995.668131566
425909.06071601715
766656.0
558046.9054407523
818988.6407808108
240794.63967455755
352973.20011581614
668309.8919992131
543226.5588794422
474711.3064421365
