0 2 18 16 76.36753236814714 1221.8805178903542
1 12 213 576 3108.6326576165284 1790572.4107871205
2 0 50 0 1.0 0.0
3 8 74 256 636.5720697611544 162962.4498588555
4 0 50 0 1.0 0.0
5 3 63 36 500.0469977912076 18001.691920483474
6 10 149 400 1818.7767867443217 727510.7146977286
7 6 61 144 476.42523023030594 68605.23315316405
8 0 50 0 1.0 0.0
9 1 50 4 1.0 4.0
10 2 23 16 110.30412503619254 1764.8660005790807
11 1 19 4 82.8190799272728 331.2763197090912
12 0 50 0 1.0 0.0
13 3 39 36 243.55492193753753 8767.977189751351
14 2 28 16 148.16207341961706 2370.593174713873
15 0 50 0 1.0 0.0
16 1 55 4 11.180339887498949 44.721359549995796
17 0 50 0 1.0 0.0
18 4 48 64 332.55375505322445 21283.440323406365
19 0 50 0 1.0 0.0
20 9 113 324 1201.2064768390153 389190.89849584096
21 0 50 0 1.0 0.0
22 1 54 4 8.0 32.0
23 9 108 324 1122.3689233046325 363647.53115070093
24 1 7 4 18.520259177452132 74.08103670980853
25 0 11 0 36.4828726939094 0.0
26 5 93 100 281.96985654498604 28196.985654498603
27 3 46 36 311.9871792237623 11231.538452055443
28 1 53 4 5.196152422706632 20.784609690826528
29 0 50 0 1.0 0.0
30 0 50 0 1.0 0.0
31 9 116 324 1249.358235255205 404792.0682226864
32 8 79 256 702.1673589679315 179754.84389579046
33 3 43 36 281.96985654498604 10150.914835619498
34 0 50 0 1.0 0.0
35 13 165 676 2119.4633754797464 1432757.2418243086
36 1 53 4 5.196152422706632 20.784609690826528
37 0 50 0 1.0 0.0
38 1 12 4 41.569219381653056 166.27687752661222
39 7 88 196 825.5131737289236 161800.582050869
40 0 50 0 1.0 0.0
41 5 96 100 940.6040612287404 94060.40612287405
42 0 50 0 1.0 0.0
43 0 7 0 18.520259177452132 0.0
44 10 120 400 1314.5341380123987 525813.6552049594
45 7 84 196 769.8727167525811 150895.0524835059
46 0 50 0 1.0 0.0
47 1 19 4 82.8190799272728 331.2763197090912
48 2 54 16 396.81733833087486 6349.077413293998
49 2 24 16 117.57550765359255 1881.2081224574808
50 0 50 0 1.0 0.0
51 0 50 0 1.0 0.0
52 2 17 16 70.09279563550022 1121.4847301680036
53 1 8 4 22.627416997969522 90.50966799187809
54 2 24 16 117.57550765359255 1881.2081224574808
55 7 116 196 1249.358235255205 244874.2141100202
56 0 50 0 1.0 0.0
57 2 21 16 96.23408959407264 1539.7454335051623
58 0 50 0 1.0 0.0
59 7 82 196 742.5415813272682 145538.14994014456
60 0 6 0 14.696938456699069 0.0
61 3 25 36 125.0 4500.0
62 1 53 4 5.196152422706632 20.784609690826528
63 6 98 144 970.1505037879432 139701.6725454638
64 1 17 4 70.09279563550022 280.3711825420009
65 0 50 0 1.0 0.0
66 0 50 0 1.0 0.0
67 1 7 4 18.520259177452132 74.08103670980853
68 4 96 64 311.9871792237623 19967.17947032079
69 8 73 256 623.7122734081797 159670.341992494
70 13 418 676 2177.5288746650413 1472009.519273568
71 3 67 36 70.09279563550022 2523.340642878008
72 6 54 144 396.81733833087486 57141.69671964598
73 7 316 196 536.1865347059734 105092.56080237078
74 1 11 4 36.4828726939094 145.9314907756376
75 0 9 0 27.0 0.0
76 0 50 0 1.0 0.0
77 0 9 0 27.0 0.0
78 0 50 0 1.0 0.0
79 0 50 0 1.0 0.0
80 4 26 64 132.5745073534124 8484.768470618394
81 0 50 0 1.0 0.0
82 0 50 0 1.0 0.0
83 6 98 144 970.1505037879432 139701.6725454638
84 1 22 4 103.18914671611545 412.7565868644618
85 0 50 0 1.0 0.0
86 2 63 16 46.87216658103186 749.9546652965098
87 0 50 0 1.0 0.0
88 0 50 0 1.0 0.0
89 2 57 16 18.520259177452132 296.3241468392341
90 0 9 0 27.0 0.0
91 0 10 0 31.622776601683793 0.0
92 2 33 16 189.57056733575496 3033.1290773720793
93 4 29 64 156.16977940690063 9994.86588204164
94 0 50 0 1.0 0.0
95 1 10 4 31.622776601683793 126.49110640673517
96 0 50 0 1.0 0.0
97 0 50 0 1.0 0.0
98 0 50 0 1.0 0.0
99 0 50 0 1.0 0.0
100 9 362 324 1185.2965873569365 384036.0943036474
101 0 9 0 27.0 0.0
102 9 120 324 1314.5341380123987 425909.06071601715
103 0 6 0 14.696938456699069 0.0
104 0 50 0 1.0 0.0
105 4 21 64 96.23408959407264 6158.981734020649
106 0 50 0 1.0 0.0
107 2 22 16 103.18914671611545 1651.0263474578471
108 2 13 16 46.87216658103186 749.9546652965098
109 0 50 0 1.0 0.0
110 4 49 64 343.0 21952.0
111 3 34 36 198.25236442474022 7137.085119290648
112 2 57 16 18.520259177452132 296.3241468392341
113 2 64 16 52.38320341483518 838.1312546373629
114 1 53 4 5.196152422706632 20.784609690826528
115 0 50 0 1.0 0.0
116 1 13 4 46.87216658103186 187.48866632412745
117 9 81 324 729.0 236196.0
118 1 51 4 1.0 4.0
119 3 64 36 52.38320341483518 1885.7953229340665
120 0 50 0 1.0 0.0
121 6 107 144 1106.8166063083802 159381.59130840676
122 0 50 0 1.0 0.0
123 1 7 4 18.520259177452132 74.08103670980853
124 1 54 4 8.0 32.0
125 10 80 400 715.5417527999327 286216.7011199731
126 2 20 16 89.44271909999159 1431.0835055998655
127 1 11 4 36.4828726939094 145.9314907756376
128 2 42 16 272.19110933313016 4355.0577493300825
129 1 52 4 2.8284271247461903 11.313708498984761
130 0 50 0 1.0 0.0
131 0 50 0 1.0 0.0
132 0 50 0 1.0 0.0
133 0 50 0 1.0 0.0
134 0 50 0 1.0 0.0
135 1 27 4 140.29611541307906 561.1844616523163
136 14 132 784 1516.5645386860397 1188986.5983298551
137 0 50 0 1.0 0.0
138 0 50 0 1.0 0.0
139 1 8 4 22.627416997969522 90.50966799187809
140 0 50 0 1.0 0.0
141 3 34 36 198.25236442474022 7137.085119290648
142 0 50 0 1.0 0.0
143 0 10 0 31.622776601683793 0.0
144 7 100 196 1000.0 196000.0
145 1 56 4 14.696938456699069 58.787753826796276
146 14 154 784 1911.089741482592 1498294.357322352
147 0 50 0 1.0 0.0
148 2 59 16 27.0 432.0
149 1 54 4 8.0 32.0
150 0 50 0 1.0 0.0
151 7 63 196 500.0469977912076 98009.2115670767
152 1 54 4 8.0 32.0
153 2 61 16 36.4828726939094 583.7259631025504
154 1 12 4 41.569219381653056 166.27687752661222
155 7 379 196 1465.1583532164707 287171.03723042825
156 1 7 4 18.520259177452132 74.08103670980853
157 1 15 4 58.09475019311125 232.379000772445
158 1 51 4 1.0 4.0
159 0 50 0 1.0 0.0
160 5 109 100 453.18759912424787 45318.759912424786
161 4 131 64 729.0 46656.0
162 0 50 0 1.0 0.0
163 1 11 4 36.4828726939094 145.9314907756376
164 2 26 16 132.5745073534124 2121.1921176545984
165 0 50 0 1.0 0.0
166 2 54 16 8.0 128.0
167 5 50 100 353.5533905932738 35355.33905932738
168 1 56 4 14.696938456699069 58.787753826796276
169 3 19 36 82.8190799272728 2981.4868773818207
170 0 50 0 1.0 0.0
171 0 50 0 1.0 0.0
172 0 50 0 1.0 0.0
173 3 82 36 181.01933598375618 6516.696095415223
174 11 98 484 970.1505037879432 469552.8438333645
175 2 9 16 27.0 432.0
176 0 50 0 1.0 0.0
177 7 84 196 769.8727167525811 150895.0524835059
178 1 53 4 5.196152422706632 20.784609690826528
179 13 161 676 2042.8609840123727 1380974.025192364
180 0 50 0 1.0 0.0
181 1 53 4 5.196152422706632 20.784609690826528
182 2 31 16 172.60069524773067 2761.6111239636907
183 4 22 64 103.18914671611545 6604.1053898313885
184 13 161 676 2042.8609840123727 1380974.025192364
185 1 55 4 11.180339887498949 44.721359549995796
186 0 10 0 31.622776601683793 0.0
187 5 87 100 225.06221362103412 22506.221362103413
188 2 59 16 27.0 432.0
189 0 50 0 1.0 0.0
190 2 27 16 140.29611541307906 2244.737846609265
191 7 335 196 783.6612788698955 153597.6106584995
192 9 100 324 1000.0 324000.0
193 1 12 4 41.569219381653056 166.27687752661222
194 8 61 256 476.42523023030594 121964.85893895832
195 2 18 16 76.36753236814714 1221.8805178903542
196 0 7 0 18.520259177452132 0.0
197 0 50 0 1.0 0.0
198 0 50 0 1.0 0.0
199 2 26 16 132.5745073534124 2121.1921176545984
200 5 59 100 453.18759912424787 45318.759912424786
201 5 38 100 234.2477321128211 23424.77321128211
202 2 18 16 76.36753236814714 1221.8805178903542
203 5 56 100 419.06562731868144 41906.56273186814
204 9 111 324 1169.4575665666541 378904.25156759593
205 6 57 144 430.34056281043274 61969.04104470232
206 4 57 64 430.34056281043274 27541.796019867696
207 1 54 4 8.0 32.0
208 5 80 100 164.31676725154983 16431.676725154983
209 1 52 4 2.8284271247461903 11.313708498984761
210 2 64 16 52.38320341483518 838.1312546373629
211 6 62 144 488.18848818873226 70299.14229917745
212 3 60 36 464.75800154489 16731.28805561604
213 7 89 196 839.6243207530378 164566.3668675954
214 10 92 400 882.4330002895404 352973.20011581614
215 10 85 400 783.6612788698955 313464.5115479582
216 1 57 4 18.520259177452132 74.08103670980853
217 9 80 324 715.5417527999327 231835.5279071782
218 5 61 100 476.42523023030594 47642.5230230306
219 0 50 0 1.0 0.0
220 0 50 0 1.0 0.0
221 1 53 4 5.196152422706632 20.784609690826528
222 10 125 400 1397.5424859373686 559016.9943749474
223 0 50 0 1.0 0.0
224 11 136 484 1586.0189153979218 767633.1550525941
225 2 65 16 58.09475019311125 929.51600308978
226 0 10 0 31.622776601683793 0.0
227 2 54 16 8.0 128.0
228 0 50 0 1.0 0.0
229 7 106 196 1091.336794944622 213902.01180914592
230 1 55 4 11.180339887498949 44.721359549995796
231 5 81 100 729.0 72900.0
232 1 53 4 5.196152422706632 20.784609690826528
233 2 32 16 181.01933598375618 2896.309375740099
234 4 82 64 181.01933598375618 11585.237502960395
235 1 57 4 18.520259177452132 74.08103670980853
236 0 50 0 1.0 0.0
237 0 50 0 1.0 0.0
238 14 153 784 1892.505482158506 1483724.2980122687
239 2 28 16 148.16207341961706 2370.593174713873
240 8 94 256 911.3638131942698 233309.13617773307
241 4 77 64 140.29611541307906 8978.95138643706
242 0 50 0 1.0 0.0
243 1 54 4 8.0 32.0
244 0 50 0 1.0 0.0
245 5 67 100 548.4186357154541 54841.863571545415
246 11 100 484 1000.0 484000.0
247 1 9 4 27.0 108.0
248 4 39 64 243.55492193753753 15587.515004002402
249 2 92 16 272.19110933313016 4355.0577493300825
250 6 43 144 281.96985654498604 40603.65934247799
251 5 64 100 512.0 51200.0
252 6 118 144 272.19110933313016 39195.51974397074
253 8 94 256 911.3638131942698 233309.13617773307
254 5 42 100 272.19110933313016 27219.110933313015
255 6 49 144 343.0 49392.0
256 9 160 324 2023.8577025077627 655729.8956125152
257 4 47 64 322.21576621884907 20621.80903800634
258 0 50 0 1.0 0.0
259 9 66 324 536.1865347059734 173724.43724473537
260 11 414 484 2100.2247498779743 1016508.7789409396
261 3 61 36 36.4828726939094 1313.3834169807383
262 12 141 576 1674.2822342723464 964386.5669408715
263 3 25 36 125.0 4500.0
264 4 94 64 291.8629815512752 18679.230819281613
265 13 149 676 1818.7767867443217 1229493.1078391615
266 1 19 4 82.8190799272728 331.2763197090912
267 6 286 144 216.0 31104.0
268 0 50 0 1.0 0.0
269 6 86 144 797.5311906126306 114844.4914482188
270 0 50 0 1.0 0.0
271 0 50 0 1.0 0.0
272 3 22 36 103.18914671611545 3714.809281780156
273 2 77 16 140.29611541307906 2244.737846609265
274 2 69 16 82.8190799272728 1325.1052788363647
275 3 68 36 76.36753236814714 2749.231165253297
276 2 42 16 272.19110933313016 4355.0577493300825
277 6 87 144 811.4819776187269 116853.40477709667
278 1 7 4 18.520259177452132 74.08103670980853
279 10 127 400 1431.21731403725 572486.9256149
280 11 96 484 940.6040612287404 455252.36563471035
281 3 52 36 374.9773326482549 13499.183975337177
282 10 134 400 1551.1621449738902 620464.857989556
283 2 63 16 46.87216658103186 749.9546652965098
284 9 97 324 955.3392067742221 309529.902994848
285 8 106 256 1091.336794944622 279382.2195058232
286 7 315 196 524.0467536394058 102713.16371332353
287 3 41 36 262.5280937347468 9451.011374450885
288 5 62 100 488.18848818873226 48818.84881887323
289 8 140 256 1656.5023392678925 424064.5988525805
290 0 50 0 1.0 0.0
291 4 92 64 272.19110933313016 17420.23099732033
292 10 139 400 1638.785831034672 655514.3324138687
293 0 50 0 1.0 0.0
294 6 308 144 441.7148401401067 63606.936980175364
295 4 76 64 662.5526394181824 42403.36892276367
296 9 98 324 970.1505037879432 314328.7632272936
297 12 119 576 1298.13674164165 747726.7631855904
298 7 84 196 769.8727167525811 150895.0524835059
299 10 90 400 853.8149682454624 341525.98729818495
300 7 55 196 407.8909167902615 79946.61969089125
301 2 57 16 18.520259177452132 296.3241468392341
302 11 108 484 1122.3689233046325 543226.5588794422
303 4 102 64 374.9773326482549 23998.549289488314
304 4 42 64 272.19110933313016 17420.23099732033
305 8 67 256 548.4186357154541 140395.17074315625
306 4 40 64 252.98221281347034 16190.861620062102
307 3 76 36 132.5745073534124 4772.682264722846
308 6 304 144 396.81733833087486 57141.69671964598
309 8 86 256 797.5311906126306 204167.98479683342
310 7 76 196 662.5526394181824 129860.31732596374
311 2 28 16 148.16207341961706 2370.593174713873
312 1 56 4 14.696938456699069 58.787753826796276
313 14 178 784 2374.8162034144875 1861855.9034769582
314 5 52 100 374.9773326482549 37497.73326482549
315 7 334 196 769.8727167525811 150895.0524835059
316 5 127 100 675.6722578291934 67567.22578291934
317 9 125 324 1397.5424859373686 452803.7654437074
318 10 413 400 2081.044689573004 832417.8758292015
319 12 351 576 1015.0374377332099 584661.5641343289
320 4 93 64 281.96985654498604 18046.070818879107
321 13 109 676 1137.99340947125 769283.544802565
322 13 172 676 2255.7588523598884 1524892.9841952845
323 5 91 100 262.5280937347468 26252.80937347468
324 9 91 324 868.0846732894205 281259.43414577225
325 6 55 144 407.8909167902615 58736.292017797656
326 12 106 576 1091.336794944622 628609.9938881022
327 13 190 676 2618.969262897142 1770423.221718468
328 6 95 144 925.9454627568516 133336.14663698664
329 5 48 100 332.55375505322445 33255.375505322445
330 0 50 0 1.0 0.0
331 7 89 196 839.6243207530378 164566.3668675954
332 12 166 576 2138.760388636371 1231925.9838545497
333 14 130 784 1482.2280526288794 1162066.7932610414
334 5 63 100 500.0469977912076 50004.69977912076
335 5 81 100 729.0 72900.0
336 9 104 324 1060.5960588272992 343633.12306004495
337 10 113 400 1201.2064768390153 480482.5907356061
338 12 159 576 2004.9137138540402 1154830.2991799272
339 8 79 256 702.1673589679315 179754.84389579046
340 11 158 484 1986.0292042162926 961238.1348406856
341 11 147 484 1782.2802809883747 862623.6559983733
342 12 106 576 1091.336794944622 628609.9938881022
343 5 107 100 430.34056281043274 43034.056281043275
344 11 117 484 1265.5484976878602 612525.4728809244
345 12 107 576 1106.8166063083802 637526.365233627
346 11 163 484 2081.044689573004 1007225.6297533339
347 9 79 324 702.1673589679315 227502.2243056098
348 4 41 64 262.5280937347468 16801.797999023795
349 6 37 144 225.06221362103412 32408.958761428912
350 8 92 256 882.4330002895404 225902.84807412233
351 1 58 4 22.627416997969522 90.50966799187809
352 7 53 196 385.84582413186746 75625.78152984602
353 6 70 144 585.6620185738528 84335.33067463481
354 9 85 324 783.6612788698955 253906.25435384613
355 10 130 400 1482.2280526288794 592891.2210515518
356 8 81 256 729.0 186624.0
357 4 65 64 524.0467536394058 33538.99223292197
358 9 84 324 769.8727167525811 249438.7602278363
359 13 147 676 1782.2802809883747 1204821.4699481414
360 6 70 144 585.6620185738528 84335.33067463481
361 9 126 324 1414.3464922005498 458248.26347297814
362 9 95 324 925.9454627568516 300006.32993321994
363 8 54 256 396.81733833087486 101585.23861270396
364 5 42 100 272.19110933313016 27219.110933313015
365 11 96 484 940.6040612287404 455252.36563471035
366 6 82 144 742.5415813272682 106925.98771112663
367 11 108 484 1122.3689233046325 543226.5588794422
368 15 102 900 1030.1495037129318 927134.5533416386
369 6 94 144 911.3638131942698 131236.38909997485
370 11 156 484 1948.4393755003002 943044.6577421454
371 7 79 196 702.1673589679315 137624.80235771457
372 10 93 400 896.8595207723448 358743.80830893794
373 13 183 676 2475.578114299769 1673490.8052666439
374 9 71 324 598.2566338955214 193835.14938214893
375 8 332 256 742.5415813272682 190090.64481978066
376 5 75 100 649.519052838329 64951.9052838329
377 7 89 196 839.6243207530378 164566.3668675954
378 14 194 784 1656.5023392678925 1298697.8339860276
379 6 56 144 419.06562731868144 60345.45033389013
380 7 99 196 985.0375627355537 193067.36229616852
381 10 159 400 2004.9137138540402 801965.4855416161
382 11 97 484 955.3392067742221 462384.1760787235
383 9 111 324 1169.4575665666541 378904.25156759593
384 3 29 36 156.16977940690063 5622.112058648423
385 10 418 400 2177.5288746650413 871011.5498660165
386 7 59 196 453.18759912424787 88824.76942835258
387 8 66 256 536.1865347059734 137263.75288472918
388 13 168 676 2177.5288746650413 1472009.519273568
389 6 46 144 311.9871792237623 44926.153808221774
390 6 82 144 742.5415813272682 106925.98771112663
391 11 334 484 769.8727167525811 372618.39490824926
392 8 79 256 702.1673589679315 179754.84389579046
393 8 98 256 970.1505037879432 248358.52896971346
394 9 85 324 783.6612788698955 253906.25435384613
395 9 319 324 573.1570465413472 185702.8830793965
396 10 331 400 729.0 291600.0
397 11 116 484 1249.358235255205 604689.3858635193
398 13 177 676 2354.8318411300625 1591866.3246039222
399 10 101 400 1015.0374377332099 406014.975093284
1001's generation fitness ratios and roulette cutoffs:
1861855.9034769582 73891342.79463556 184728.35698658891 1.6536179634552014e-05 1.6536179634552014e-05
1861855.9034769582 73891342.79463556 184728.35698658891 0.02423250604287454 0.024249042222509093
1861855.9034769582 73891342.79463556 184728.35698658891 0.0 0.024249042222509093
1861855.9034769582 73891342.79463556 184728.35698658891 0.0022054335960813858 0.026454475818590478
1861855.9034769582 73891342.79463556 184728.35698658891 0.0 0.026454475818590478
1861855.9034769582 73891342.79463556 184728.35698658891 0.00024362382979715424 0.02669809964838763
1861855.9034769582 73891342.79463556 184728.35698658891 0.009845682690050466 0.036543782338438094
1861855.9034769582 73891342.79463556 184728.35698658891 0.0009284610423691572 0.03747224338080725
1861855.9034769582 73891342.79463556 184728.35698658891 0.0 0.03747224338080725
1861855.9034769582 73891342.79463556 184728.35698658891 5.413354053014173e-08 0.03747229751434778
1861855.9034769582 73891342.79463556 184728.35698658891 2.3884611293154198e-05 0.03749618212564094
1861855.9034769582 73891342.79463556 184728.35698658891 4.483290019912069e-06 0.03750066541566085
1861855.9034769582 73891342.79463556 184728.35698658891 0.0 0.03750066541566085
1861855.9034769582 73891342.79463556 184728.35698658891 0.00011866041214219073 0.037619325827803037
1861855.9034769582 73891342.79463556 184728.35698658891 3.20821504259627e-05 0.037651407978229
1861855.9034769582 73891342.79463556 184728.35698658891 0.0 0.037651407978229
1861855.9034769582 73891342.79463556 184728.35698658891 6.052313824406845e-07 0.037652013209611444
1861855.9034769582 73891342.79463556 184728.35698658891 0.0 0.037652013209611444
1861855.9034769582 73891342.79463556 184728.35698658891 0.0002880369948419928 0.037940050204453436
1861855.9034769582 73891342.79463556 184728.35698658891 0.0 0.037940050204453436
1861855.9034769582 73891342.79463556 184728.35698658891 0.00526707031942172 0.04320712052387515
1861855.9034769582 73891342.79463556 184728.35698658891 0.0 0.04320712052387515
1861855.9034769582 73891342.79463556 184728.35698658891 4.330683242411338e-07 0.043207553592199396
1861855.9034769582 73891342.79463556 184728.35698658891 0.004921382091558111 0.04812893568375751
1861855.9034769582 73891342.79463556 184728.35698658891 1.0025672008113343e-06 0.04812993825095832
1861855.9034769582 73891342.79463556 184728.35698658891 0.0 0.04812993825095832
1861855.9034769582 73891342.79463556 184728.35698658891 0.00038160066643890624 0.04851153891739723
1861855.9034769582 73891342.79463556 184728.35698658891 0.00015200073550254714 0.048663539652899775
1861855.9034769582 73891342.79463556 184728.35698658891 2.812861277753836e-07 0.04866382093902755
1861855.9034769582 73891342.79463556 184728.35698658891 0.0 0.04866382093902755
1861855.9034769582 73891342.79463556 184728.35698658891 0.0 0.04866382093902755
1861855.9034769582 73891342.79463556 184728.35698658891 0.005478206957853172 0.05414202789688072
1861855.9034769582 73891342.79463556 184728.35698658891 0.0024326915318805178 0.05657471942876124
1861855.9034769582 73891342.79463556 184728.35698658891 0.00013737623991800626 0.05671209566867924
1861855.9034769582 73891342.79463556 184728.35698658891 0.0 0.05671209566867924
1861855.9034769582 73891342.79463556 184728.35698658891 0.01939005555503757 0.07610215122371682
1861855.9034769582 73891342.79463556 184728.35698658891 2.812861277753836e-07 0.0761024325098446
1861855.9034769582 73891342.79463556 184728.35698658891 0.0 0.0761024325098446
1861855.9034769582 73891342.79463556 184728.35698658891 2.2502890222030686e-06 0.0761046827988668
1861855.9034769582 73891342.79463556 184728.35698658891 0.0021897095915628098 0.07829439239042961
1861855.9034769582 73891342.79463556 184728.35698658891 0.0 0.07829439239042961
1861855.9034769582 73891342.79463556 184728.35698658891 0.0012729557017835483 0.07956734809221316
1861855.9034769582 73891342.79463556 184728.35698658891 0.0 0.07956734809221316
1861855.9034769582 73891342.79463556 184728.35698658891 0.0 0.07956734809221316
1861855.9034769582 73891342.79463556 184728.35698658891 0.0071160387038349095 0.08668338679604808
1861855.9034769582 73891342.79463556 184728.35698658891 0.002042120859853432 0.08872550765590151
1861855.9034769582 73891342.79463556 184728.35698658891 0.0 0.08872550765590151
1861855.9034769582 73891342.79463556 184728.35698658891 4.483290019912069e-06 0.08872999094592142
1861855.9034769582 73891342.79463556 184728.35698658891 8.59245098703895e-05 0.0888159154557918
1861855.9034769582 73891342.79463556 184728.35698658891 2.5459114035670963e-05 0.08884137456982748
1861855.9034769582 73891342.79463556 184728.35698658891 0.0 0.08884137456982748
1861855.9034769582 73891342.79463556 184728.35698658891 0.0 0.08884137456982748
1861855.9034769582 73891342.79463556 184728.35698658891 1.5177484773621169e-05 0.08885655205460109
1861855.9034769582 73891342.79463556 184728.35698658891 1.2249021951520008e-06 0.08885777695679624
1861855.9034769582 73891342.79463556 184728.35698658891 2.5459114035670963e-05 0.08888323607083191
1861855.9034769582 73891342.79463556 184728.35698658891 0.0033139770485778454 0.09219721311940976
1861855.9034769582 73891342.79463556 184728.35698658891 0.0 0.09219721311940976
1861855.9034769582 73891342.79463556 184728.35698658891 2.0837967957688087e-05 0.09221805108736744
1861855.9034769582 73891342.79463556 184728.35698658891 0.0 0.09221805108736744
1861855.9034769582 73891342.79463556 184728.35698658891 0.0019696238346166646 0.09418767492198411
1861855.9034769582 73891342.79463556 184728.35698658891 0.0 0.09418767492198411
1861855.9034769582 73891342.79463556 184728.35698658891 6.090023309640944e-05 0.09424857515508052
1861855.9034769582 73891342.79463556 184728.35698658891 2.812861277753836e-07 0.0942488564412083
1861855.9034769582 73891342.79463556 184728.35698658891 0.001890636538217113 0.09613949297942541
1861855.9034769582 73891342.79463556 184728.35698658891 3.794371193405292e-06 0.09614328735061882
1861855.9034769582 73891342.79463556 184728.35698658891 0.0 0.09614328735061882
1861855.9034769582 73891342.79463556 184728.35698658891 0.0 0.09614328735061882
1861855.9034769582 73891342.79463556 184728.35698658891 1.0025672008113343e-06 0.09614428991781963
1861855.9034769582 73891342.79463556 184728.35698658891 0.00027022352978230607 0.09641451344760193
1861855.9034769582 73891342.79463556 184728.35698658891 0.0021608802324280664 0.09857539368003
1861855.9034769582 73891342.79463556 184728.35698658891 0.019921271743087533 0.11849666542311754
1861855.9034769582 73891342.79463556 184728.35698658891 3.414934074064763e-05 0.11853081476385818
1861855.9034769582 73891342.79463556 184728.35698658891 0.0007733205888335056 0.11930413535269169
1861855.9034769582 73891342.79463556 184728.35698658891 0.0014222580999028805 0.12072639345259457
1861855.9034769582 73891342.79463556 184728.35698658891 1.9749470676317452e-06 0.12072836839966221
1861855.9034769582 73891342.79463556 184728.35698658891 0.0 0.12072836839966221
1861855.9034769582 73891342.79463556 184728.35698658891 0.0 0.12072836839966221
1861855.9034769582 73891342.79463556 184728.35698658891 0.0 0.12072836839966221
1861855.9034769582 73891342.79463556 184728.35698658891 0.0 0.12072836839966221
1861855.9034769582 73891342.79463556 184728.35698658891 0.0 0.12072836839966221
1861855.9034769582 73891342.79463556 184728.35698658891 0.00011482763947327235 0.12084319603913549
1861855.9034769582 73891342.79463556 184728.35698658891 0.0 0.12084319603913549
1861855.9034769582 73891342.79463556 184728.35698658891 0.0 0.12084319603913549
1861855.9034769582 73891342.79463556 184728.35698658891 0.001890636538217113 0.1227338325773526
1861855.9034769582 73891342.79463556 184728.35698658891 5.585993856027576e-06 0.12273941857120862
1861855.9034769582 73891342.79463556 184728.35698658891 0.0 0.12273941857120862
1861855.9034769582 73891342.79463556 184728.35698658891 1.0149425317399371e-05 0.12274956799652602
1861855.9034769582 73891342.79463556 184728.35698658891 0.0 0.12274956799652602
1861855.9034769582 73891342.79463556 184728.35698658891 0.0 0.12274956799652602
1861855.9034769582 73891342.79463556 184728.35698658891 4.010268803245337e-06 0.12275357826532926
1861855.9034769582 73891342.79463556 184728.35698658891 0.0 0.12275357826532926
1861855.9034769582 73891342.79463556 184728.35698658891 0.0 0.12275357826532926
1861855.9034769582 73891342.79463556 184728.35698658891 4.104850396076821e-05 0.12279462676929002
1861855.9034769582 73891342.79463556 184728.35698658891 0.00013526436932970797 0.12292989113861973
1861855.9034769582 73891342.79463556 184728.35698658891 0.0 0.12292989113861973
1861855.9034769582 73891342.79463556 184728.35698658891 1.711852858842867e-06 0.12293160299147857
1861855.9034769582 73891342.79463556 184728.35698658891 0.0 0.12293160299147857
1861855.9034769582 73891342.79463556 184728.35698658891 0.0 0.12293160299147857
1861855.9034769582 73891342.79463556 184728.35698658891 0.0 0.12293160299147857
1861855.9034769582 73891342.79463556 184728.35698658891 0.0 0.12293160299147857
1861855.9034769582 73891342.79463556 184728.35698658891 0.005197308369005956 0.12812891136048452
1861855.9034769582 73891342.79463556 184728.35698658891 0.0 0.12812891136048452
1861855.9034769582 73891342.79463556 184728.35698658891 0.005763991350106277 0.1338929027105908
1861855.9034769582 73891342.79463556 184728.35698658891 0.0 0.1338929027105908
1861855.9034769582 73891342.79463556 184728.35698658891 0.0 0.1338929027105908
1861855.9034769582 73891342.79463556 184728.35698658891 8.335187183075235e-05 0.13397625458242154
1861855.9034769582 73891342.79463556 184728.35698658891 0.0 0.13397625458242154
1861855.9034769582 73891342.79463556 184728.35698658891 2.2343975424110305e-05 0.13399859855784566
1861855.9034769582 73891342.79463556 184728.35698658891 1.0149425317399371e-05 0.13400874798316306
1861855.9034769582 73891342.79463556 184728.35698658891 0.0 0.13400874798316306
1861855.9034769582 73891342.79463556 184728.35698658891 0.0002970848704294178 0.1343058328535925
1861855.9034769582 73891342.79463556 184728.35698658891 9.658892164304792e-05 0.13440242177523554
1861855.9034769582 73891342.79463556 184728.35698658891 4.010268803245337e-06 0.1344064320440388
1861855.9034769582 73891342.79463556 184728.35698658891 1.1342753060622554e-05 0.1344177747970994
1861855.9034769582 73891342.79463556 184728.35698658891 2.812861277753836e-07 0.13441805608322718
1861855.9034769582 73891342.79463556 184728.35698658891 0.0 0.13441805608322718
1861855.9034769582 73891342.79463556 184728.35698658891 2.5373563293498427e-06 0.13442059343955653
1861855.9034769582 73891342.79463556 184728.35698658891 0.0031965314347643385 0.13761712487432087
1861855.9034769582 73891342.79463556 184728.35698658891 5.413354053014173e-08 0.1376171790078614
1861855.9034769582 73891342.79463556 184728.35698658891 2.5521194386400746e-05 0.1376427002022478
1861855.9034769582 73891342.79463556 184728.35698658891 0.0 0.1376427002022478
1861855.9034769582 73891342.79463556 184728.35698658891 0.0021569724582130305 0.13979967266046084
1861855.9034769582 73891342.79463556 184728.35698658891 0.0 0.13979967266046084
1861855.9034769582 73891342.79463556 184728.35698658891 1.0025672008113343e-06 0.13980067522766165
1861855.9034769582 73891342.79463556 184728.35698658891 4.330683242411338e-07 0.13980110829598588
1861855.9034769582 73891342.79463556 184728.35698658891 0.003873480847620381 0.14367458914360626
1861855.9034769582 73891342.79463556 184728.35698658891 1.9367404238101905e-05 0.14369395654784436
1861855.9034769582 73891342.79463556 184728.35698658891 1.9749470676317452e-06 0.143695931494912
1861855.9034769582 73891342.79463556 184728.35698658891 5.8938673796116955e-05 0.1437548701687081
1861855.9034769582 73891342.79463556 184728.35698658891 1.531127743940001e-07 0.1437550232814825
1861855.9034769582 73891342.79463556 184728.35698658891 0.0 0.1437550232814825
1861855.9034769582 73891342.79463556 184728.35698658891 0.0 0.1437550232814825
1861855.9034769582 73891342.79463556 184728.35698658891 0.0 0.1437550232814825
1861855.9034769582 73891342.79463556 184728.35698658891 0.0 0.1437550232814825
1861855.9034769582 73891342.79463556 184728.35698658891 0.0 0.1437550232814825
1861855.9034769582 73891342.79463556 184728.35698658891 7.594725449935356e-06 0.14376261800693244
1861855.9034769582 73891342.79463556 184728.35698658891 0.016091013552621138 0.15985363155955357
1861855.9034769582 73891342.79463556 184728.35698658891 0.0 0.15985363155955357
1861855.9034769582 73891342.79463556 184728.35698658891 0.0 0.15985363155955357
1861855.9034769582 73891342.79463556 184728.35698658891 1.2249021951520008e-06 0.1598548564617487
1861855.9034769582 73891342.79463556 184728.35698658891 0.0 0.1598548564617487
1861855.9034769582 73891342.79463556 184728.35698658891 9.658892164304792e-05 0.15995144538339176
1861855.9034769582 73891342.79463556 184728.35698658891 0.0 0.15995144538339176
1861855.9034769582 73891342.79463556 184728.35698658891 0.0 0.15995144538339176
1861855.9034769582 73891342.79463556 184728.35698658891 0.0026525434859769447 0.1626039888693687
1861855.9034769582 73891342.79463556 184728.35698658891 7.955973136147176e-07 0.1626047844666823
1861855.9034769582 73891342.79463556 184728.35698658891 0.020276994579548048 0.18288177904623035
1861855.9034769582 73891342.79463556 184728.35698658891 0.0 0.18288177904623035
1861855.9034769582 73891342.79463556 184728.35698658891 5.8464223772553065e-06 0.1828876254686076
1861855.9034769582 73891342.79463556 184728.35698658891 4.330683242411338e-07 0.18288805853693182
1861855.9034769582 73891342.79463556 184728.35698658891 0.0 0.18288805853693182
1861855.9034769582 73891342.79463556 184728.35698658891 0.0013263964066733953 0.18421445494360522
1861855.9034769582 73891342.79463556 184728.35698658891 4.330683242411338e-07 0.18421488801192945
1861855.9034769582 73891342.79463556 184728.35698658891 7.899788270526981e-06 0.1842227878002
1861855.9034769582 73891342.79463556 184728.35698658891 2.2502890222030686e-06 0.1842250380892222
1861855.9034769582 73891342.79463556 184728.35698658891 0.0038863962457490564 0.18811143433497124
1861855.9034769582 73891342.79463556 184728.35698658891 1.0025672008113343e-06 0.18811243690217205
1861855.9034769582 73891342.79463556 184728.35698658891 3.144874514167247e-06 0.18811558177668622
1861855.9034769582 73891342.79463556 184728.35698658891 5.413354053014173e-08 0.18811563591022676
1861855.9034769582 73891342.79463556 184728.35698658891 0.0 0.18811563591022676
1861855.9034769582 73891342.79463556 184728.35698658891 0.0006133162316237523 0.1887289521418505
1861855.9034769582 73891342.79463556 184728.35698658891 0.000631413616743573 0.18936036575859408
1861855.9034769582 73891342.79463556 184728.35698658891 0.0 0.18936036575859408
1861855.9034769582 73891342.79463556 184728.35698658891 1.9749470676317452e-06 0.1893623407056617
1861855.9034769582 73891342.79463556 184728.35698658891 2.8706909868318088e-05 0.18939104761553002
1861855.9034769582 73891342.79463556 184728.35698658891 0.0 0.18939104761553002
1861855.9034769582 73891342.79463556 184728.35698658891 1.7322732969645353e-06 0.189392779888827
1861855.9034769582 73891342.79463556 184728.35698658891 0.0004784774199812504 0.18987125730880824
1861855.9034769582 73891342.79463556 184728.35698658891 7.955973136147176e-07 0.18987205290612186
1861855.9034769582 73891342.79463556 184728.35698658891 4.034961017920862e-05 0.18991240251630107
1861855.9034769582 73891342.79463556 184728.35698658891 0.0 0.18991240251630107
1861855.9034769582 73891342.79463556 184728.35698658891 0.0 0.18991240251630107
1861855.9034769582 73891342.79463556 184728.35698658891 0.0 0.18991240251630107
1861855.9034769582 73891342.79463556 184728.35698658891 8.819295805094408e-05 0.190000595474352
1861855.9034769582 73891342.79463556 184728.35698658891 0.006354639475674186 0.1963552349500262
1861855.9034769582 73891342.79463556 184728.35698658891 5.8464223772553065e-06 0.19636108137240343
1861855.9034769582 73891342.79463556 184728.35698658891 0.0 0.19636108137240343
1861855.9034769582 73891342.79463556 184728.35698658891 0.002042120859853432 0.19840320223225685
1861855.9034769582 73891342.79463556 184728.35698658891 2.812861277753836e-07 0.19840348351838463
1861855.9034769582 73891342.79463556 184728.35698658891 0.018689253340955947 0.21709273685934058
1861855.9034769582 73891342.79463556 184728.35698658891 0.0 0.21709273685934058
1861855.9034769582 73891342.79463556 184728.35698658891 2.812861277753836e-07 0.21709301814546836
1861855.9034769582 73891342.79463556 184728.35698658891 3.737394692689467e-05 0.21713039209239526
1861855.9034769582 73891342.79463556 184728.35698658891 8.937590169644122e-05 0.2172197679940917
1861855.9034769582 73891342.79463556 184728.35698658891 0.018689253340955947 0.23590902133504765
1861855.9034769582 73891342.79463556 184728.35698658891 6.052313824406845e-07 0.23590962656643008
1861855.9034769582 73891342.79463556 184728.35698658891 0.0 0.23590962656643008
1861855.9034769582 73891342.79463556 184728.35698658891 0.00030458536157144164 0.23621421192800152
1861855.9034769582 73891342.79463556 184728.35698658891 5.8464223772553065e-06 0.23622005835037876
1861855.9034769582 73891342.79463556 184728.35698658891 0.0 0.23622005835037876
1861855.9034769582 73891342.79463556 184728.35698658891 3.0378901799741425e-05 0.2362504372521785
1861855.9034769582 73891342.79463556 184728.35698658891 0.002078695620478703 0.23832913287265722
1861855.9034769582 73891342.79463556 184728.35698658891 0.00438481678294148 0.2427139496555987
1861855.9034769582 73891342.79463556 184728.35698658891 2.2502890222030686e-06 0.2427161999446209
1861855.9034769582 73891342.79463556 184728.35698658891 0.0016505974086562796 0.24436679735327718
1861855.9034769582 73891342.79463556 184728.35698658891 1.6536179634552014e-05 0.24438333353291172
1861855.9034769582 73891342.79463556 184728.35698658891 0.0 0.24438333353291172
1861855.9034769582 73891342.79463556 184728.35698658891 0.0 0.24438333353291172
1861855.9034769582 73891342.79463556 184728.35698658891 0.0 0.24438333353291172
1861855.9034769582 73891342.79463556 184728.35698658891 2.8706909868318088e-05 0.24441204044278003
1861855.9034769582 73891342.79463556 184728.35698658891 0.0006133162316237523 0.24502535667440378
1861855.9034769582 73891342.79463556 184728.35698658891 0.00031701647751057957 0.24534237315191437
1861855.9034769582 73891342.79463556 184728.35698658891 1.6536179634552014e-05 0.2453589093315489
1861855.9034769582 73891342.79463556 184728.35698658891 0.0005671376530311278 0.24592604698458004
1861855.9034769582 73891342.79463556 184728.35698658891 0.005127857164819368 0.25105390414939943
1861855.9034769582 73891342.79463556 184728.35698658891 0.0008386508987518523 0.2518925550481513
1861855.9034769582 73891342.79463556 184728.35698658891 0.00037273373277860097 0.25226528878092985
1861855.9034769582 73891342.79463556 184728.35698658891 4.330683242411338e-07 0.2522657218492541
1861855.9034769582 73891342.79463556 184728.35698658891 0.00022237620949484092 0.25248809805874894
1861855.9034769582 73891342.79463556 184728.35698658891 1.531127743940001e-07 0.25248825117152335
1861855.9034769582 73891342.79463556 184728.35698658891 1.1342753060622554e-05 0.252499593924584
1861855.9034769582 73891342.79463556 184728.35698658891 0.0009513853672216807 0.25345097929180566
1861855.9034769582 73891342.79463556 184728.35698658891 0.00022643096502004178 0.2536774102568257
1861855.9034769582 73891342.79463556 184728.35698658891 0.0022271400226812873 0.255904550279507
1861855.9034769582 73891342.79463556 184728.35698658891 0.00477692225863084 0.26068147253813784
1861855.9034769582 73891342.79463556 184728.35698658891 0.004242235960160618 0.26492370849829844
1861855.9034769582 73891342.79463556 184728.35698658891 1.0025672008113343e-06 0.26492471106549925
1861855.9034769582 73891342.79463556 184728.35698658891 0.0031375194865725085 0.26806223055207173
1861855.9034769582 73891342.79463556 184728.35698658891 0.0006447646127563593 0.2687069951648281
1861855.9034769582 73891342.79463556 184728.35698658891 0.0 0.2687069951648281
1861855.9034769582 73891342.79463556 184728.35698658891 0.0 0.2687069951648281
1861855.9034769582 73891342.79463556 184728.35698658891 2.812861277753836e-07 0.2687072764509559
1861855.9034769582 73891342.79463556 184728.35698658891 0.007565392280508555 0.27627266873146444
1861855.9034769582 73891342.79463556 184728.35698658891 0.0 0.27627266873146444
1861855.9034769582 73891342.79463556 184728.35698658891 0.010388675127830043 0.2866613438592945
1861855.9034769582 73891342.79463556 184728.35698658891 1.2579498056668988e-05 0.28667392335735115
1861855.9034769582 73891342.79463556 184728.35698658891 0.0 0.28667392335735115
1861855.9034769582 73891342.79463556 184728.35698658891 1.7322732969645353e-06 0.2866756556306481
1861855.9034769582 73891342.79463556 184728.35698658891 0.0 0.2866756556306481
1861855.9034769582 73891342.79463556 184728.35698658891 0.0028948183064373134 0.28957047393708546
1861855.9034769582 73891342.79463556 184728.35698658891 6.052313824406845e-07 0.2895710791684679
1861855.9034769582 73891342.79463556 184728.35698658891 0.000986583776161833 0.29055766294462976
1861855.9034769582 73891342.79463556 184728.35698658891 2.812861277753836e-07 0.29055794423075754
1861855.9034769582 73891342.79463556 184728.35698658891 3.919687024486403e-05 0.2905971411010024
1861855.9034769582 73891342.79463556 184728.35698658891 0.0001567874809794561 0.29075392858198185
1861855.9034769582 73891342.79463556 184728.35698658891 1.0025672008113343e-06 0.29075493114918266
1861855.9034769582 73891342.79463556 184728.35698658891 0.0 0.29075493114918266
1861855.9034769582 73891342.79463556 184728.35698658891 0.0 0.29075493114918266
1861855.9034769582 73891342.79463556 184728.35698658891 0.02007981235550081 0.3108347435046835
1861855.9034769582 73891342.79463556 184728.35698658891 3.20821504259627e-05 0.3108668256551094
1861855.9034769582 73891342.79463556 184728.35698658891 0.003157462394832417 0.31402428804994187
1861855.9034769582 73891342.79463556 184728.35698658891 0.0001215156071989657 0.31414580365714084
1861855.9034769582 73891342.79463556 184728.35698658891 0.0 0.31414580365714084
1861855.9034769582 73891342.79463556 184728.35698658891 4.330683242411338e-07 0.3141462367254651
1861855.9034769582 73891342.79463556 184728.35698658891 0.0 0.3141462367254651
1861855.9034769582 73891342.79463556 184728.35698658891 0.0007421960610996892 0.3148884327865648
1861855.9034769582 73891342.79463556 184728.35698658891 0.006550158404147148 0.32143859119071194
1861855.9034769582 73891342.79463556 184728.35698658891 1.4616055943138266e-06 0.3214400527963063
1861855.9034769582 73891342.79463556 184728.35698658891 0.00021095184380833906 0.3216510046401146
1861855.9034769582 73891342.79463556 184728.35698658891 5.8938673796116955e-05 0.32170994331391073
1861855.9034769582 73891342.79463556 184728.35698658891 0.000549504959672025 0.32225944827358277
1861855.9034769582 73891342.79463556 184728.35698658891 0.0006929093187858141 0.32295235759236857
1861855.9034769582 73891342.79463556 184728.35698658891 0.0005304480641650526 0.32348280565653365
1861855.9034769582 73891342.79463556 184728.35698658891 0.003157462394832417 0.3266402680513661
1861855.9034769582 73891342.79463556 184728.35698658891 0.00036836671122573094 0.32700863476259184
1861855.9034769582 73891342.79463556 184728.35698658891 0.0006684409584661901 0.32767707572105803
1861855.9034769582 73891342.79463556 184728.35698658891 0.008874245220241423 0.33655132094129947
1861855.9034769582 73891342.79463556 184728.35698658891 0.0002790828838409398 0.3368304038251404
1861855.9034769582 73891342.79463556 184728.35698658891 0.0 0.3368304038251404
1861855.9034769582 73891342.79463556 184728.35698658891 0.002351079716165986 0.3391814835413064
1861855.9034769582 73891342.79463556 184728.35698658891 0.013756804796011057 0.35293828833731744
1861855.9034769582 73891342.79463556 184728.35698658891 1.7774523608685706e-05 0.3529560628609261
1861855.9034769582 73891342.79463556 184728.35698658891 0.013051414827054476 0.3660074776879806
1861855.9034769582 73891342.79463556 184728.35698658891 6.090023309640944e-05 0.366068377921077
1861855.9034769582 73891342.79463556 184728.35698658891 0.0002527932246568634 0.36632117114573387
1861855.9034769582 73891342.79463556 184728.35698658891 0.01663920374618529 0.38296037489191914
1861855.9034769582 73891342.79463556 184728.35698658891 4.483290019912069e-06 0.38296485818193904
1861855.9034769582 73891342.79463556 184728.35698658891 0.0004209424111623821 0.3833858005931014
1861855.9034769582 73891342.79463556 184728.35698658891 0.0 0.3833858005931014
1861855.9034769582 73891342.79463556 184728.35698658891 0.0015542347331189167 0.38494003532622034
1861855.9034769582 73891342.79463556 184728.35698658891 0.0 0.38494003532622034
1861855.9034769582 73891342.79463556 184728.35698658891 0.0 0.38494003532622034
1861855.9034769582 73891342.79463556 184728.35698658891 5.027394470424819e-05 0.3849903092709246
1861855.9034769582 73891342.79463556 184728.35698658891 3.0378901799741425e-05 0.38502068817272433
1861855.9034769582 73891342.79463556 184728.35698658891 1.7933160079648277e-05 0.385038621332804
1861855.9034769582 73891342.79463556 184728.35698658891 3.720640417774203e-05 0.38507582773698174
1861855.9034769582 73891342.79463556 184728.35698658891 5.8938673796116955e-05 0.3851347664107779
1861855.9034769582 73891342.79463556 184728.35698658891 0.0015814221308965049 0.3867161885416744
1861855.9034769582 73891342.79463556 184728.35698658891 1.0025672008113343e-06 0.3867171911088752
1861855.9034769582 73891342.79463556 184728.35698658891 0.007747686047687604 0.3944648771565628
1861855.9034769582 73891342.79463556 184728.35698658891 0.006161105596632373 0.40062598275319516
1861855.9034769582 73891342.79463556 184728.35698658891 0.0001826896557131887 0.40080867240890833
1861855.9034769582 73891342.79463556 184728.35698658891 0.008396989884376566 0.4092056622932849
1861855.9034769582 73891342.79463556 184728.35698658891 1.0149425317399371e-05 0.40921581171860233
1861855.9034769582 73891342.79463556 184728.35698658891 0.00418898738726561 0.4134047991058679
1861855.9034769582 73891342.79463556 184728.35698658891 0.003780987175754858 0.4171857862816228
1861855.9034769582 73891342.79463556 184728.35698658891 0.0013900568027135705 0.4185758430843364
1861855.9034769582 73891342.79463556 184728.35698658891 0.00012790417682241687 0.4187037472611588
1861855.9034769582 73891342.79463556 184728.35698658891 0.0006606842827928339 0.4193644315439516
1861855.9034769582 73891342.79463556 184728.35698658891 0.005739029537346114 0.4251034610812977
1861855.9034769582 73891342.79463556 184728.35698658891 0.0 0.4251034610812977
1861855.9034769582 73891342.79463556 184728.35698658891 0.00023575469518446782 0.42533921577648215
1861855.9034769582 73891342.79463556 184728.35698658891 0.00887132792045374 0.4342105436969359
1861855.9034769582 73891342.79463556 184728.35698658891 0.0 0.4342105436969359
1861855.9034769582 73891342.79463556 184728.35698658891 0.0008608171752536234 0.4350713608721895
1861855.9034769582 73891342.79463556 184728.35698658891 0.0005738611225487449 0.43564522199473826
1861855.9034769582 73891342.79463556 184728.35698658891 0.0042539322109885055 0.4398991542057268
1861855.9034769582 73891342.79463556 184728.35698658891 0.01011927426009471 0.4500184284658215
1861855.9034769582 73891342.79463556 184728.35698658891 0.002042120859853432 0.45206054932567497
1861855.9034769582 73891342.79463556 184728.35698658891 0.004622002718875741 0.4566825520445507
1861855.9034769582 73891342.79463556 184728.35698658891 0.001081948394321172 0.4577645004388719
1861855.9034769582 73891342.79463556 184728.35698658891 4.010268803245337e-06 0.45776851070767516
1861855.9034769582 73891342.79463556 184728.35698658891 0.007351694235537425 0.4651202049432126
1861855.9034769582 73891342.79463556 184728.35698658891 0.00032478161015677987 0.46544498655336936
1861855.9034769582 73891342.79463556 184728.35698658891 0.00023575469518446782 0.4656807412485538
1861855.9034769582 73891342.79463556 184728.35698658891 0.0019000219164152041 0.467580763164969
1861855.9034769582 73891342.79463556 184728.35698658891 0.00021911716593188697 0.46779988033090086
1861855.9034769582 73891342.79463556 184728.35698658891 6.45905472037157e-05 0.46786447087810457
1861855.9034769582 73891342.79463556 184728.35698658891 0.0007733205888335056 0.46863779146693807
1861855.9034769582 73891342.79463556 184728.35698658891 0.0027630839699891853 0.47140087543692727
1861855.9034769582 73891342.79463556 184728.35698658891 0.001757449687805531 0.4731583251247328
1861855.9034769582 73891342.79463556 184728.35698658891 3.20821504259627e-05 0.47319040727515876
1861855.9034769582 73891342.79463556 184728.35698658891 7.955973136147176e-07 0.4731912028724724
1861855.9034769582 73891342.79463556 184728.35698658891 0.02519721300303839 0.4983884158755108
1861855.9034769582 73891342.79463556 184728.35698658891 0.0005074712658699685 0.4988958871413808
1861855.9034769582 73891342.79463556 184728.35698658891 0.002042120859853432 0.5009380080012342
1861855.9034769582 73891342.79463556 184728.35698658891 0.0009144132888572252 0.5018524212900914
1861855.9034769582 73891342.79463556 184728.35698658891 0.00612796774721193 0.5079803890373034
1861855.9034769582 73891342.79463556 184728.35698658891 0.01126543170480364 0.519245820742107
1861855.9034769582 73891342.79463556 184728.35698658891 0.007912450119620437 0.5271582708617274
1861855.9034769582 73891342.79463556 184728.35698658891 0.0002442244265209 0.5274024952882483
1861855.9034769582 73891342.79463556 184728.35698658891 0.010411010487935187 0.5378135057761835
1861855.9034769582 73891342.79463556 184728.35698658891 0.02063696404101605 0.5584504698171995
1861855.9034769582 73891342.79463556 184728.35698658891 0.00035528938006226904 0.5588057591972617
1861855.9034769582 73891342.79463556 184728.35698658891 0.0038063922444537225 0.5626121514417154
1861855.9034769582 73891342.79463556 184728.35698658891 0.0007949008611339223 0.5634070523028493
1861855.9034769582 73891342.79463556 184728.35698658891 0.008507221145448432 0.5719142734482977
1861855.9034769582 73891342.79463556 184728.35698658891 0.023959819307100193 0.5958740927553979
1861855.9034769582 73891342.79463556 184728.35698658891 0.0018044894245265591 0.5976785821799245
1861855.9034769582 73891342.79463556 184728.35698658891 0.00045005780444061375 0.5981286399843652
1861855.9034769582 73891342.79463556 184728.35698658891 0.0 0.5981286399843652
1861855.9034769582 73891342.79463556 184728.35698658891 0.0022271400226812873 0.6003557800070465
1861855.9034769582 73891342.79463556 184728.35698658891 0.016672128794281246 0.6170279088013277
1861855.9034769582 73891342.79463556 184728.35698658891 0.015726697462932104 0.6327546062642598
1861855.9034769582 73891342.79463556 184728.35698658891 0.0006767328605476507 0.6334313391248075
1861855.9034769582 73891342.79463556 184728.35698658891 0.000986583776161833 0.6344179229009693
1861855.9034769582 73891342.79463556 184728.35698658891 0.004650519398667531 0.6390684422996369
1861855.9034769582 73891342.79463556 184728.35698658891 0.0065025559499033575 0.6455709982495402
1861855.9034769582 73891342.79463556 184728.35698658891 0.01562876320152307 0.6611997614510633
1861855.9034769582 73891342.79463556 184728.35698658891 0.0024326915318805178 0.6636324529829438
1861855.9034769582 73891342.79463556 184728.35698658891 0.013008805882879023 0.6766412588658228
1861855.9034769582 73891342.79463556 184728.35698658891 0.011674218161061744 0.6883154770268846
1861855.9034769582 73891342.79463556 184728.35698658891 0.008507221145448432 0.696822698172333
1861855.9034769582 73891342.79463556 184728.35698658891 0.0005823964574665641 0.6974050946297996
1861855.9034769582 73891342.79463556 184728.35698658891 0.008289543127985936 0.7056946377577855
1861855.9034769582 73891342.79463556 184728.35698658891 0.008627889832852122 0.7143225275906376
1861855.9034769582 73891342.79463556 184728.35698658891 0.013631172362812406 0.72795369995345
1861855.9034769582 73891342.79463556 184728.35698658891 0.0030788752200362804 0.7310325751734863
1861855.9034769582 73891342.79463556 184728.35698658891 0.00022738520323985217 0.7312599603767261
1861855.9034769582 73891342.79463556 184728.35698658891 0.0004386029206628759 0.731698563297389
1861855.9034769582 73891342.79463556 184728.35698658891 0.0030572302455237374 0.7347557935429128
1861855.9034769582 73891342.79463556 184728.35698658891 1.2249021951520008e-06 0.7347570184451079
1861855.9034769582 73891342.79463556 184728.35698658891 0.0010234728273923908 0.7357804912725002
1861855.9034769582 73891342.79463556 184728.35698658891 0.001141342510299562 0.7369218337827997
1861855.9034769582 73891342.79463556 184728.35698658891 0.003436211127730101 0.7403580449105298
1861855.9034769582 73891342.79463556 184728.35698658891 0.008023825236189849 0.7483818701467196
1861855.9034769582 73891342.79463556 184728.35698658891 0.002525654466974292 0.7509075246136939
1861855.9034769582 73891342.79463556 184728.35698658891 0.0004538960988452475 0.7513614207125392
1861855.9034769582 73891342.79463556 184728.35698658891 0.0033757508091454697 0.7547371715216846
1861855.9034769582 73891342.79463556 184728.35698658891 0.01630531296875566 0.7710424844904403
1861855.9034769582 73891342.79463556 184728.35698658891 0.001141342510299562 0.7721838270007398
1861855.9034769582 73891342.79463556 184728.35698658891 0.006201650235895382 0.7783854772366352
1861855.9034769582 73891342.79463556 184728.35698658891 0.004060101205184758 0.7824455784418199
1861855.9034769582 73891342.79463556 184728.35698658891 0.001374792157926232 0.7838203705997462
1861855.9034769582 73891342.79463556 184728.35698658891 0.00036836671122573094 0.7841887373109719
1861855.9034769582 73891342.79463556 184728.35698658891 0.006161105596632373 0.7903498429076043
1861855.9034769582 73891342.79463556 184728.35698658891 0.0014470705723714273 0.7917969134799758
1861855.9034769582 73891342.79463556 184728.35698658891 0.007351694235537425 0.7991486077155132
1861855.9034769582 73891342.79463556 184728.35698658891 0.01254726898005361 0.8116958766955669
1861855.9034769582 73891342.79463556 184728.35698658891 0.0017760725970932345 0.8134719492926601
1861855.9034769582 73891342.79463556 184728.35698658891 0.012762586550404515 0.8262345358430646
1861855.9034769582 73891342.79463556 184728.35698658891 0.0018625294540960213 0.8280970652971607
1861855.9034769582 73891342.79463556 184728.35698658891 0.004855018121757321 0.832952083418918
1861855.9034769582 73891342.79463556 184728.35698658891 0.022647995583430346 0.8556000790023484
1861855.9034769582 73891342.79463556 184728.35698658891 0.0026232457288111587 0.8582233247311595
1861855.9034769582 73891342.79463556 184728.35698658891 0.002572569906438093 0.8607958946375975
1861855.9034769582 73891342.79463556 184728.35698658891 0.0008790191492980737 0.8616749137868956
1861855.9034769582 73891342.79463556 184728.35698658891 0.0022271400226812873 0.863902053809577
1861855.9034769582 73891342.79463556 184728.35698658891 0.017575777958122474 0.8814778317676994
1861855.9034769582 73891342.79463556 184728.35698658891 0.0008166782203648239 0.8822945099880642
1861855.9034769582 73891342.79463556 184728.35698658891 0.0026128549704767987 0.884907364958541
1861855.9034769582 73891342.79463556 184728.35698658891 0.010853307778835466 0.8957606727373765
1861855.9034769582 73891342.79463556 184728.35698658891 0.006257623134063442 0.9020182958714399
1861855.9034769582 73891342.79463556 184728.35698658891 0.005127857164819368 0.9071461530362592
1861855.9034769582 73891342.79463556 184728.35698658891 7.608620774796074e-05 0.9072222392440072
1861855.9034769582 73891342.79463556 184728.35698658891 0.01178773475922339 0.9190099740032306
1861855.9034769582 73891342.79463556 184728.35698658891 0.0012020998139825544 0.9202120738172131
1861855.9034769582 73891342.79463556 184728.35698658891 0.0018576432325262114 0.9220697170497394
1861855.9034769582 73891342.79463556 184728.35698658891 0.019921271743087533 0.9419909887928269
1861855.9034769582 73891342.79463556 184728.35698658891 0.0006080029420101886 0.9425989917348372
1861855.9034769582 73891342.79463556 184728.35698658891 0.0014470705723714273 0.9440460623072087
1861855.9034769582 73891342.79463556 184728.35698658891 0.005042788245760516 0.9490888505529692
1861855.9034769582 73891342.79463556 184728.35698658891 0.0024326915318805178 0.9515215420848497
1861855.9034769582 73891342.79463556 184728.35698658891 0.00336113162349709 0.9548826737083468
1861855.9034769582 73891342.79463556 184728.35698658891 0.003436211127730101 0.9583188848360769
1861855.9034769582 73891342.79463556 184728.35698658891 0.00251318863693567 0.9608320734730125
1861855.9034769582 73891342.79463556 184728.35698658891 0.003946335104647332 0.9647784085776598
1861855.9034769582 73891342.79463556 184728.35698658891 0.008183494344447333 0.9729619029221072
1861855.9034769582 73891342.79463556 184728.35698658891 0.021543340050378543 0.9945052429724857
1861855.9034769582 73891342.79463556 184728.35698658891 0.005494757027514193 0.9999999999999999
1001's generation extracting best parents:
0
1790572.4107871205
0
162962.4498588555
0
18001.691920483474
727510.7146977286
68605.23315316405
0
0
0
0
0
0
0
0
0
0
21283.440323406365
0
389190.89849584096
0
0
363647.53115070093
0
0
28196.985654498603
11231.538452055443
0
0
0
404792.0682226864
179754.84389579046
10150.914835619498
0
1432757.2418243086
0
0
0
161800.582050869
0
94060.40612287405
0
0
525813.6552049594
150895.0524835059
0
0
0
0
0
0
0
0
0
244874.2141100202
0
0
0
145538.14994014456
0
0
0
139701.6725454638
0
0
0
0
19967.17947032079
159670.341992494
1472009.519273568
0
57141.69671964598
105092.56080237078
0
0
0
0
0
0
0
0
0
139701.6725454638
0
0
0
0
0
0
0
0
0
9994.86588204164
0
0
0
0
0
0
384036.0943036474
0
425909.06071601715
0
0
0
0
0
0
0
21952.0
0
0
0
0
0
0
236196.0
0
0
0
159381.59130840676
0
0
0
286216.7011199731
0
0
0
0
0
0
0
0
0
0
1188986.5983298551
0
0
0
0
0
0
0
196000.0
0
1498294.357322352
0
0
0
0
98009.2115670767
0
0
0
287171.03723042825
0
0
0
0
45318.759912424786
46656.0
0
0
0
0
0
35355.33905932738
0
0
0
0
0
0
469552.8438333645
0
0
150895.0524835059
0
1380974.025192364
0
0
0
0
1380974.025192364
0
0
22506.221362103413
0
0
0
153597.6106584995
324000.0
0
121964.85893895832
0
0
0
0
0
45318.759912424786
23424.77321128211
0
41906.56273186814
378904.25156759593
61969.04104470232
27541.796019867696
0
16431.676725154983
0
0
70299.14229917745
16731.28805561604
164566.3668675954
352973.20011581614
313464.5115479582
0
231835.5279071782
47642.5230230306
0
0
0
559016.9943749474
0
767633.1550525941
0
0
0
0
213902.01180914592
0
72900.0
0
0
11585.237502960395
0
0
0
1483724.2980122687
0
233309.13617773307
0
0
0
0
54841.863571545415
484000.0
0
15587.515004002402
0
40603.65934247799
51200.0
39195.51974397074
233309.13617773307
27219.110933313015
49392.0
655729.8956125152
20621.80903800634
0
173724.43724473537
1016508.7789409396
0
964386.5669408715
0
18679.230819281613
1229493.1078391615
0
31104.0
0
114844.4914482188
0
0
0
0
0
0
0
116853.40477709667
0
572486.9256149
455252.36563471035
13499.183975337177
620464.857989556
0
309529.902994848
279382.2195058232
102713.16371332353
0
48818.84881887323
424064.5988525805
0
17420.23099732033
655514.3324138687
0
63606.936980175364
42403.36892276367
314328.7632272936
747726.7631855904
150895.0524835059
341525.98729818495
79946.61969089125
0
543226.5588794422
23998.549289488314
17420.23099732033
140395.17074315625
16190.861620062102
0
57141.69671964598
204167.98479683342
129860.31732596374
0
0
1861855.9034769582
37497.73326482549
150895.0524835059
67567.22578291934
452803.7654437074
832417.8758292015
584661.5641343289
18046.070818879107
769283.544802565
1524892.9841952845
26252.80937347468
281259.43414577225
58736.292017797656
628609.9938881022
1770423.221718468
133336.14663698664
33255.375505322445
0
164566.3668675954
1231925.9838545497
1162066.7932610414
50004.69977912076
72900.0
343633.12306004495
480482.5907356061
1154830.2991799272
179754.84389579046
961238.1348406856
862623.6559983733
628609.9938881022
43034.056281043275
612525.4728809244
637526.365233627
1007225.6297533339
227502.2243056098
16801.797999023795
32408.958761428912
225902.84807412233
0
75625.78152984602
84335.33067463481
253906.25435384613
592891.2210515518
186624.0
33538.99223292197
249438.7602278363
1204821.4699481414
84335.33067463481
458248.26347297814
300006.32993321994
101585.23861270396
27219.110933313015
455252.36563471035
106925.98771112663
543226.5588794422
927134.5533416386
131236.38909997485
943044.6577421454
137624.80235771457
358743.80830893794
1673490.8052666439
193835.14938214893
190090.64481978066
64951.9052838329
164566.3668675954
1298697.8339860276
60345.45033389013
193067.36229616852
801965.4855416161
462384.1760787235
378904.25156759593
0
871011.5498660165
88824.76942835258
137263.75288472918
1472009.519273568
44926.153808221774
106925.98771112663
372618.39490824926
179754.84389579046
248358.52896971346
253906.25435384613
185702.8830793965
291600.0
604689.3858635193
1591866.3246039222
406014.975093284
