0 0 50 0 1.0 0.0
1 1 55 4 11.180339887498949 44.721359549995796
2 0 50 0 1.0 0.0
3 0 50 0 1.0 0.0
4 0 10 0 31.622776601683793 0.0
5 0 50 0 1.0 0.0
6 0 50 0 1.0 0.0
7 0 50 0 1.0 0.0
8 1 52 4 2.8284271247461903 11.313708498984761
9 3 32 36 181.01933598375618 6516.696095415223
10 0 50 0 1.0 0.0
11 1 53 4 5.196152422706632 20.784609690826528
12 1 7 4 18.520259177452132 74.08103670980853
13 0 50 0 1.0 0.0
14 6 320 144 585.6620185738528 84335.33067463481
15 0 6 0 14.696938456699069 0.0
16 1 57 4 18.520259177452132 74.08103670980853
17 1 51 4 1.0 4.0
18 5 49 100 343.0 34300.0
19 0 50 0 1.0 0.0
20 0 50 0 1.0 0.0
21 0 50 0 1.0 0.0
22 0 50 0 1.0 0.0
23 1 27 4 140.29611541307906 561.1844616523163
24 0 50 0 1.0 0.0
25 0 5 0 11.180339887498949 0.0
26 1 10 4 31.622776601683793 126.49110640673517
27 0 50 0 1.0 0.0
28 0 50 0 1.0 0.0
29 1 30 4 164.31676725154983 657.2670690061993
30 0 50 0 1.0 0.0
31 1 10 4 31.622776601683793 126.49110640673517
32 1 55 4 11.180339887498949 44.721359549995796
33 0 50 0 1.0 0.0
34 1 56 4 14.696938456699069 58.787753826796276
35 0 50 0 1.0 0.0
36 5 40 100 252.98221281347034 25298.221281347032
37 2 26 16 132.5745073534124 2121.1921176545984
38 1 15 4 58.09475019311125 232.379000772445
39 0 50 0 1.0 0.0
40 0 50 0 1.0 0.0
41 0 50 0 1.0 0.0
42 0 50 0 1.0 0.0
43 0 50 0 1.0 0.0
44 0 50 0 1.0 0.0
45 2 58 16 441.7148401401067 7067.437442241707
46 0 50 0 1.0 0.0
47 1 55 4 11.180339887498949 44.721359549995796
48 0 50 0 1.0 0.0
49 0 50 0 1.0 0.0
50 2 11 16 36.4828726939094 583.7259631025504
51 4 51 64 364.21284985568536 23309.622390763863
52 3 76 36 132.5745073534124 4772.682264722846
53 0 50 0 1.0 0.0
54 0 50 0 1.0 0.0
55 0 50 0 1.0 0.0
56 0 50 0 1.0 0.0
57 0 50 0 1.0 0.0
58 2 17 16 70.09279563550022 1121.4847301680036
59 0 50 0 1.0 0.0
60 2 17 16 70.09279563550022 1121.4847301680036
61 0 50 0 1.0 0.0
62 0 50 0 1.0 0.0
63 0 50 0 1.0 0.0
64 3 34 36 198.25236442474022 7137.085119290648
65 1 55 4 11.180339887498949 44.721359549995796
66 0 50 0 1.0 0.0
67 0 50 0 1.0 0.0
68 0 6 0 14.696938456699069 0.0
69 2 24 16 117.57550765359255 1881.2081224574808
70 0 50 0 1.0 0.0
71 2 25 16 125.0 2000.0
72 0 50 0 1.0 0.0
73 1 59 4 27.0 108.0
74 0 50 0 1.0 0.0
75 4 35 64 207.06279240848656 13252.01871414314
76 9 130 324 1482.2280526288794 480241.88905175694
77 0 50 0 1.0 0.0
78 1 11 4 36.4828726939094 145.9314907756376
79 0 5 0 11.180339887498949 0.0
80 0 5 0 11.180339887498949 0.0
81 1 13 4 46.87216658103186 187.48866632412745
82 3 131 36 729.0 26244.0
83 4 72 64 610.9402589451771 39100.176572491335
84 1 14 4 52.38320341483518 209.53281365934072
85 6 126 144 1414.3464922005498 203665.89487687917
86 0 50 0 1.0 0.0
87 8 105 256 1075.929830425758 275438.03658899403
88 0 50 0 1.0 0.0
89 1 19 4 82.8190799272728 331.2763197090912
90 2 64 16 52.38320341483518 838.1312546373629
91 0 50 0 1.0 0.0
92 5 76 100 662.5526394181824 66255.26394181824
93 0 50 0 1.0 0.0
94 1 56 4 14.696938456699069 58.787753826796276
95 1 51 4 1.0 4.0
96 7 106 196 1091.336794944622 213902.01180914592
97 0 50 0 1.0 0.0
98 3 77 36 140.29611541307906 5050.660154870846
99 1 54 4 8.0 32.0
100 1 6 4 14.696938456699069 58.787753826796276
101 0 50 0 1.0 0.0
102 0 50 0 1.0 0.0
103 1 56 4 14.696938456699069 58.787753826796276
104 0 50 0 1.0 0.0
105 0 50 0 1.0 0.0
106 0 50 0 1.0 0.0
107 0 50 0 1.0 0.0
108 0 50 0 1.0 0.0
109 0 50 0 1.0 0.0
110 0 50 0 1.0 0.0
111 1 12 4 41.569219381653056 166.27687752661222
112 1 29 4 156.16977940690063 624.6791176276025
113 5 100 100 353.5533905932738 35355.33905932738
114 0 50 0 1.0 0.0
115 0 5 0 11.180339887498949 0.0
116 0 50 0 1.0 0.0
117 0 50 0 1.0 0.0
118 0 50 0 1.0 0.0
119 1 52 4 2.8284271247461903 11.313708498984761
120 0 6 0 14.696938456699069 0.0
121 6 106 144 1091.336794944622 157152.49847202556
122 5 95 100 301.8691769624716 30186.91769624716
123 1 14 4 52.38320341483518 209.53281365934072
124 0 50 0 1.0 0.0
125 0 50 0 1.0 0.0
126 0 50 0 1.0 0.0
127 4 63 64 500.0469977912076 32003.007858637287
128 1 18 4 76.36753236814714 305.47012947258855
129 0 50 0 1.0 0.0
130 0 50 0 1.0 0.0
131 0 50 0 1.0 0.0
132 0 50 0 1.0 0.0
133 0 50 0 1.0 0.0
134 0 50 0 1.0 0.0
135 0 50 0 1.0 0.0
136 0 50 0 1.0 0.0
137 0 50 0 1.0 0.0
138 0 50 0 1.0 0.0
139 3 40 36 252.98221281347034 9107.359661284932
140 0 50 0 1.0 0.0
141 0 50 0 1.0 0.0
142 0 50 0 1.0 0.0
143 0 50 0 1.0 0.0
144 7 73 196 623.7122734081797 122247.60558800322
145 2 14 16 52.38320341483518 838.1312546373629
146 0 50 0 1.0 0.0
147 3 69 36 573.1570465413472 20633.6536754885
148 0 6 0 14.696938456699069 0.0
149 0 50 0 1.0 0.0
150 0 50 0 1.0 0.0
151 1 53 4 5.196152422706632 20.784609690826528
152 0 50 0 1.0 0.0
153 0 50 0 1.0 0.0
154 1 54 4 8.0 32.0
155 2 69 16 82.8190799272728 1325.1052788363647
156 1 53 4 5.196152422706632 20.784609690826528
157 4 52 64 374.9773326482549 23998.549289488314
158 0 5 0 11.180339887498949 0.0
159 0 50 0 1.0 0.0
160 0 50 0 1.0 0.0
161 2 67 16 70.09279563550022 1121.4847301680036
162 0 50 0 1.0 0.0
163 0 50 0 1.0 0.0
164 0 50 0 1.0 0.0
165 5 107 100 430.34056281043274 43034.056281043275
166 2 45 16 301.8691769624716 4829.906831399546
167 6 92 144 882.4330002895404 127070.35204169381
168 0 6 0 14.696938456699069 0.0
169 0 50 0 1.0 0.0
170 3 89 36 243.55492193753753 8767.977189751351
171 1 10 4 31.622776601683793 126.49110640673517
172 4 57 64 430.34056281043274 27541.796019867696
173 2 72 16 103.18914671611545 1651.0263474578471
174 0 50 0 1.0 0.0
175 0 50 0 1.0 0.0
176 0 50 0 1.0 0.0
177 1 7 4 18.520259177452132 74.08103670980853
178 0 50 0 1.0 0.0
179 3 22 36 103.18914671611545 3714.809281780156
180 0 50 0 1.0 0.0
181 4 40 64 252.98221281347034 16190.861620062102
182 0 50 0 1.0 0.0
183 0 50 0 1.0 0.0
184 0 50 0 1.0 0.0
185 0 5 0 11.180339887498949 0.0
186 5 69 100 573.1570465413472 57315.70465413472
187 2 38 16 234.2477321128211 3747.9637138051376
188 0 50 0 1.0 0.0
189 2 17 16 70.09279563550022 1121.4847301680036
190 5 137 100 811.4819776187269 81148.1977618727
191 1 31 4 172.60069524773067 690.4027809909227
192 0 50 0 1.0 0.0
193 1 12 4 41.569219381653056 166.27687752661222
194 0 50 0 1.0 0.0
195 3 48 36 332.55375505322445 11971.93518191608
196 2 21 16 96.23408959407264 1539.7454335051623
197 0 50 0 1.0 0.0
198 1 13 4 46.87216658103186 187.48866632412745
199 1 55 4 11.180339887498949 44.721359549995796
200 0 50 0 1.0 0.0
201 2 66 16 64.0 1024.0
202 0 50 0 1.0 0.0
203 0 50 0 1.0 0.0
204 6 54 144 396.81733833087486 57141.69671964598
205 1 13 4 46.87216658103186 187.48866632412745
206 2 52 16 374.9773326482549 5999.637322372078
207 2 7 16 18.520259177452132 296.3241468392341
208 5 66 100 536.1865347059734 53618.65347059734
209 1 20 4 89.44271909999159 357.77087639996637
210 7 79 196 702.1673589679315 137624.80235771457
211 1 15 4 58.09475019311125 232.379000772445
212 7 65 196 524.0467536394058 102713.16371332353
213 3 13 36 46.87216658103186 1687.397996917147
214 0 50 0 1.0 0.0
215 2 12 16 41.569219381653056 665.1075101064489
216 0 50 0 1.0 0.0
217 0 50 0 1.0 0.0
218 1 38 4 234.2477321128211 936.9909284512844
219 1 53 4 5.196152422706632 20.784609690826528
220 7 76 196 662.5526394181824 129860.31732596374
221 3 68 36 560.7423650840018 20186.725143024065
222 0 50 0 1.0 0.0
223 3 37 36 225.06221362103412 8102.239690357228
224 2 20 16 89.44271909999159 1431.0835055998655
225 1 56 4 14.696938456699069 58.787753826796276
226 0 50 0 1.0 0.0
227 3 21 36 96.23408959407264 3464.427225386615
228 0 50 0 1.0 0.0
229 4 21 64 96.23408959407264 6158.981734020649
230 1 14 4 52.38320341483518 209.53281365934072
231 2 31 16 172.60069524773067 2761.6111239636907
232 1 61 4 36.4828726939094 145.9314907756376
233 0 50 0 1.0 0.0
234 11 212 484 3086.7665930549397 1493995.0310385907
235 3 15 36 58.09475019311125 2091.411006952005
236 0 50 0 1.0 0.0
237 0 50 0 1.0 0.0
238 1 55 4 11.180339887498949 44.721359549995796
239 0 50 0 1.0 0.0
240 1 30 4 164.31676725154983 657.2670690061993
241 0 50 0 1.0 0.0
242 2 24 16 117.57550765359255 1881.2081224574808
243 1 26 4 132.5745073534124 530.2980294136496
244 1 52 4 2.8284271247461903 11.313708498984761
245 6 136 144 1586.0189153979218 228386.72381730075
246 1 19 4 82.8190799272728 331.2763197090912
247 3 83 36 756.1659870689768 27221.975534483165
248 1 12 4 41.569219381653056 166.27687752661222
249 2 64 16 52.38320341483518 838.1312546373629
250 4 40 64 252.98221281347034 16190.861620062102
251 1 56 4 14.696938456699069 58.787753826796276
252 2 14 16 52.38320341483518 838.1312546373629
253 6 79 144 702.1673589679315 101112.09969138213
254 0 6 0 14.696938456699069 0.0
255 0 50 0 1.0 0.0
256 2 16 16 64.0 1024.0
257 2 48 16 332.55375505322445 5320.860080851591
258 1 53 4 5.196152422706632 20.784609690826528
259 12 191 576 2639.672517567283 1520451.3701187551
260 1 24 4 117.57550765359255 470.3020306143702
261 3 73 36 110.30412503619254 3970.9485013029316
262 0 5 0 11.180339887498949 0.0
263 0 50 0 1.0 0.0
264 1 11 4 36.4828726939094 145.9314907756376
265 4 38 64 234.2477321128211 14991.85485522055
266 1 41 4 262.5280937347468 1050.1123749389872
267 0 11 0 36.4828726939094 0.0
268 4 76 64 662.5526394181824 42403.36892276367
269 2 75 16 125.0 2000.0
270 1 6 4 14.696938456699069 58.787753826796276
271 0 50 0 1.0 0.0
272 0 50 0 1.0 0.0
273 0 50 0 1.0 0.0
274 1 21 4 96.23408959407264 384.93635837629057
275 0 50 0 1.0 0.0
276 0 50 0 1.0 0.0
277 5 69 100 573.1570465413472 57315.70465413472
278 6 52 144 374.9773326482549 53996.73590134871
279 1 57 4 18.520259177452132 74.08103670980853
280 8 115 256 1233.2376088978149 315708.8278778406
281 0 50 0 1.0 0.0
282 0 50 0 1.0 0.0
283 5 39 100 243.55492193753753 24355.49219375375
284 0 50 0 1.0 0.0
285 0 50 0 1.0 0.0
286 0 50 0 1.0 0.0
287 0 50 0 1.0 0.0
288 0 50 0 1.0 0.0
289 5 69 100 573.1570465413472 57315.70465413472
290 0 50 0 1.0 0.0
291 2 22 16 103.18914671611545 1651.0263474578471
292 3 59 36 453.18759912424787 16314.753568472923
293 0 50 0 1.0 0.0
294 2 71 16 96.23408959407264 1539.7454335051623
295 0 50 0 1.0 0.0
296 6 97 144 955.3392067742221 137568.84577548798
297 3 63 36 46.87216658103186 1687.397996917147
298 0 50 0 1.0 0.0
299 1 12 4 41.569219381653056 166.27687752661222
300 2 28 16 148.16207341961706 2370.593174713873
301 3 14 36 52.38320341483518 1885.7953229340665
302 1 15 4 58.09475019311125 232.379000772445
303 0 50 0 1.0 0.0
304 4 87 64 225.06221362103412 14403.981671746184
305 0 50 0 1.0 0.0
306 5 94 100 911.3638131942698 91136.38131942699
307 1 32 4 181.01933598375618 724.0773439350247
308 7 94 196 911.3638131942698 178627.3073860769
309 0 50 0 1.0 0.0
310 2 73 16 110.30412503619254 1764.8660005790807
311 1 11 4 36.4828726939094 145.9314907756376
312 4 59 64 453.18759912424787 29004.006343951864
313 7 71 196 598.2566338955214 117258.3002435222
314 4 33 64 189.57056733575496 12132.516309488317
315 2 75 16 125.0 2000.0
316 4 51 64 364.21284985568536 23309.622390763863
317 8 84 256 769.8727167525811 197087.41548866077
318 1 9 4 27.0 108.0
319 0 50 0 1.0 0.0
320 4 67 64 548.4186357154541 35098.79268578906
321 5 57 100 430.34056281043274 43034.056281043275
322 3 59 36 453.18759912424787 16314.753568472923
323 7 124 196 1380.8055619818454 270637.8901484417
324 8 158 256 1986.0292042162926 508423.4762793709
325 0 50 0 1.0 0.0
326 2 17 16 70.09279563550022 1121.4847301680036
327 1 55 4 11.180339887498949 44.721359549995796
328 2 20 16 89.44271909999159 1431.0835055998655
329 2 65 16 58.09475019311125 929.51600308978
330 1 22 4 103.18914671611545 412.7565868644618
331 4 46 64 311.9871792237623 19967.17947032079
332 5 61 100 476.42523023030594 47642.5230230306
333 3 17 36 70.09279563550022 2523.340642878008
334 9 141 324 1674.2822342723464 542467.4439042403
335 3 45 36 301.8691769624716 10867.290370648978
336 4 87 64 811.4819776187269 51934.84656759852
337 2 23 16 110.30412503619254 1764.8660005790807
338 1 10 4 31.622776601683793 126.49110640673517
339 0 50 0 1.0 0.0
340 3 16 36 64.0 2304.0
341 5 81 100 729.0 72900.0
342 6 70 144 585.6620185738528 84335.33067463481
343 0 50 0 1.0 0.0
344 3 49 36 343.0 12348.0
345 9 130 324 1482.2280526288794 480241.88905175694
346 0 50 0 1.0 0.0
347 6 58 144 441.7148401401067 63606.936980175364
348 1 18 4 76.36753236814714 305.47012947258855
349 1 19 4 82.8190799272728 331.2763197090912
350 5 99 100 985.0375627355537 98503.75627355537
351 0 50 0 1.0 0.0
352 3 43 36 281.96985654498604 10150.914835619498
353 1 12 4 41.569219381653056 166.27687752661222
354 0 50 0 1.0 0.0
355 2 31 16 172.60069524773067 2761.6111239636907
356 9 70 324 585.6620185738528 189754.49401792831
357 2 48 16 332.55375505322445 5320.860080851591
358 1 18 4 76.36753236814714 305.47012947258855
359 0 50 0 1.0 0.0
360 0 50 0 1.0 0.0
361 0 50 0 1.0 0.0
362 8 386 256 1586.0189153979218 406020.842341868
363 2 29 16 156.16977940690063 2498.71647051041
364 1 17 4 70.09279563550022 280.3711825420009
365 0 50 0 1.0 0.0
366 2 29 16 156.16977940690063 2498.71647051041
367 1 13 4 46.87216658103186 187.48866632412745
368 2 31 16 172.60069524773067 2761.6111239636907
369 3 23 36 110.30412503619254 3970.9485013029316
370 3 63 36 46.87216658103186 1687.397996917147
371 2 18 16 76.36753236814714 1221.8805178903542
372 4 68 64 560.7423650840018 35887.511365376115
373 5 93 100 896.8595207723448 89685.95207723448
374 1 24 4 117.57550765359255 470.3020306143702
375 3 36 36 216.0 7776.0
376 2 14 16 52.38320341483518 838.1312546373629
377 2 18 16 76.36753236814714 1221.8805178903542
378 0 50 0 1.0 0.0
379 3 35 36 207.06279240848656 7454.260526705516
380 1 52 4 2.8284271247461903 11.313708498984761
381 0 50 0 1.0 0.0
382 3 83 36 189.57056733575496 6824.5404240871785
383 4 60 64 464.75800154489 29744.51209887296
384 4 122 64 610.9402589451771 39100.176572491335
385 0 50 0 1.0 0.0
386 6 75 144 649.519052838329 93530.74360871938
387 4 58 64 441.7148401401067 28269.749768966827
388 9 83 324 756.1659870689768 244997.7798103485
389 7 348 196 970.1505037879432 190149.49874243687
390 2 27 16 140.29611541307906 2244.737846609265
391 3 28 36 148.16207341961706 5333.834643106215
392 3 37 36 225.06221362103412 8102.239690357228
393 0 50 0 1.0 0.0
394 6 51 144 364.21284985568536 52446.65037921869
395 5 42 100 272.19110933313016 27219.110933313015
396 3 53 36 385.84582413186746 13890.44966874723
397 3 19 36 82.8190799272728 2981.4868773818207
398 5 68 100 560.7423650840018 56074.23650840018
399 6 324 144 636.5720697611544 91666.37804560622
401's generation fitness ratios and roulette cutoffs:
1520451.3701187551 11731718.987708537 29329.297469271343 0.0 0.0
1520451.3701187551 11731718.987708537 29329.297469271343 3.8120039865300986e-06 3.8120039865300986e-06
1520451.3701187551 11731718.987708537 29329.297469271343 0.0 3.8120039865300986e-06
1520451.3701187551 11731718.987708537 29329.297469271343 0.0 3.8120039865300986e-06
1520451.3701187551 11731718.987708537 29329.297469271343 0.0 3.8120039865300986e-06
1520451.3701187551 11731718.987708537 29329.297469271343 0.0 3.8120039865300986e-06
1520451.3701187551 11731718.987708537 29329.297469271343 0.0 3.8120039865300986e-06
1520451.3701187551 11731718.987708537 29329.297469271343 0.0 3.8120039865300986e-06
1520451.3701187551 11731718.987708537 29329.297469271343 9.643692037661549e-07 4.776373190296253e-06
1520451.3701187551 11731718.987708537 29329.297469271343 0.0005554766613693052 0.0005602530345596014
1520451.3701187551 11731718.987708537 29329.297469271343 0.0 0.0005602530345596014
1520451.3701187551 11731718.987708537 29329.297469271343 1.7716593546608825e-06 0.0005620246939142623
1520451.3701187551 11731718.987708537 29329.297469271343 6.31459352098564e-06 0.0005683392874352479
1520451.3701187551 11731718.987708537 29329.297469271343 0.0 0.0005683392874352479
1520451.3701187551 11731718.987708537 29329.297469271343 0.007188659288804475 0.007756998576239723
1520451.3701187551 11731718.987708537 29329.297469271343 0.0 0.007756998576239723
1520451.3701187551 11731718.987708537 29329.297469271343 6.31459352098564e-06 0.007763313169760708
1520451.3701187551 11731718.987708537 29329.297469271343 3.409560017752597e-07 0.007763654125762483
1520451.3701187551 11731718.987708537 29329.297469271343 0.002923697715222852 0.010687351840985335
1520451.3701187551 11731718.987708537 29329.297469271343 0.0 0.010687351840985335
1520451.3701187551 11731718.987708537 29329.297469271343 0.0 0.010687351840985335
1520451.3701187551 11731718.987708537 29329.297469271343 0.0 0.010687351840985335
1520451.3701187551 11731718.987708537 29329.297469271343 0.0 0.010687351840985335
1520451.3701187551 11731718.987708537 29329.297469271343 4.7834802575843826e-05 0.010735186643561179
1520451.3701187551 11731718.987708537 29329.297469271343 0.0 0.010735186643561179
1520451.3701187551 11731718.987708537 29329.297469271343 0.0 0.010735186643561179
1520451.3701187551 11731718.987708537 29329.297469271343 1.078197547514234e-05 0.010745968619036322
1520451.3701187551 11731718.987708537 29329.297469271343 0.0 0.010745968619036322
1520451.3701187551 11731718.987708537 29329.297469271343 0.0 0.010745968619036322
1520451.3701187551 11731718.987708537 29329.297469271343 5.6024787986724364e-05 0.010801993407023047
1520451.3701187551 11731718.987708537 29329.297469271343 0.0 0.010801993407023047
1520451.3701187551 11731718.987708537 29329.297469271343 1.078197547514234e-05 0.01081277538249819
1520451.3701187551 11731718.987708537 29329.297469271343 3.8120039865300986e-06 0.01081658738648472
1520451.3701187551 11731718.987708537 29329.297469271343 0.0 0.01081658738648472
1520451.3701187551 11731718.987708537 29329.297469271343 5.01100937453317e-06 0.010821598395859253
1520451.3701187551 11731718.987708537 29329.297469271343 0.0 0.010821598395859253
1520451.3701187551 11731718.987708537 29329.297469271343 0.002156395095028468 0.012977993490887721
1520451.3701187551 11731718.987708537 29329.297469271343 0.00018080829585817704 0.013158801786745899
1520451.3701187551 11731718.987708537 29329.297469271343 1.980775374997571e-05 0.013178609540495875
1520451.3701187551 11731718.987708537 29329.297469271343 0.0 0.013178609540495875
1520451.3701187551 11731718.987708537 29329.297469271343 0.0 0.013178609540495875
1520451.3701187551 11731718.987708537 29329.297469271343 0.0 0.013178609540495875
1520451.3701187551 11731718.987708537 29329.297469271343 0.0 0.013178609540495875
1520451.3701187551 11731718.987708537 29329.297469271343 0.0 0.013178609540495875
1520451.3701187551 11731718.987708537 29329.297469271343 0.0 0.013178609540495875
1520451.3701187551 11731718.987708537 29329.297469271343 0.0006024213032758751 0.01378103084377175
1520451.3701187551 11731718.987708537 29329.297469271343 0.0 0.01378103084377175
1520451.3701187551 11731718.987708537 29329.297469271343 3.8120039865300986e-06 0.01378484284775828
1520451.3701187551 11731718.987708537 29329.297469271343 0.0 0.01378484284775828
1520451.3701187551 11731718.987708537 29329.297469271343 0.0 0.01378484284775828
1520451.3701187551 11731718.987708537 29329.297469271343 4.975621762796459e-05 0.013834599065386245
1520451.3701187551 11731718.987708537 29329.297469271343 0.0019868889133114794 0.015821487978697722
1520451.3701187551 11731718.987708537 29329.297469271343 0.00040681866568089835 0.01622830664437862
1520451.3701187551 11731718.987708537 29329.297469271343 0.0 0.01622830664437862
1520451.3701187551 11731718.987708537 29329.297469271343 0.0 0.01622830664437862
1520451.3701187551 11731718.987708537 29329.297469271343 0.0 0.01622830664437862
1520451.3701187551 11731718.987708537 29329.297469271343 0.0 0.01622830664437862
1520451.3701187551 11731718.987708537 29329.297469271343 0.0 0.01622830664437862
1520451.3701187551 11731718.987708537 29329.297469271343 9.559423741252212e-05 0.016323900881791142
1520451.3701187551 11731718.987708537 29329.297469271343 0.0 0.016323900881791142
1520451.3701187551 11731718.987708537 29329.297469271343 9.559423741252212e-05 0.016419495119203664
1520451.3701187551 11731718.987708537 29329.297469271343 0.0 0.016419495119203664
1520451.3701187551 11731718.987708537 29329.297469271343 0.0 0.016419495119203664
1520451.3701187551 11731718.987708537 29329.297469271343 0.0 0.016419495119203664
1520451.3701187551 11731718.987708537 29329.297469271343 0.0006083580016507605 0.017027853120854423
1520451.3701187551 11731718.987708537 29329.297469271343 3.8120039865300986e-06 0.01703166512484095
1520451.3701187551 11731718.987708537 29329.297469271343 0.0 0.01703166512484095
1520451.3701187551 11731718.987708537 29329.297469271343 0.0 0.01703166512484095
1520451.3701187551 11731718.987708537 29329.297469271343 0.0 0.01703166512484095
1520451.3701187551 11731718.987708537 29329.297469271343 0.00016035229998506145 0.01719201742482601
1520451.3701187551 11731718.987708537 29329.297469271343 0.0 0.01719201742482601
1520451.3701187551 11731718.987708537 29329.297469271343 0.00017047800088762984 0.01736249542571364
1520451.3701187551 11731718.987708537 29329.297469271343 0.0 0.01736249542571364
1520451.3701187551 11731718.987708537 29329.297469271343 9.205812047932013e-06 0.01737170123776157
1520451.3701187551 11731718.987708537 29329.297469271343 0.0 0.01737170123776157
1520451.3701187551 11731718.987708537 29329.297469271343 0.0011295888290562908 0.01850129006681786
1520451.3701187551 11731718.987708537 29329.297469271343 0.04093533859402123 0.05943662866083909
1520451.3701187551 11731718.987708537 29329.297469271343 0.0 0.05943662866083909
1520451.3701187551 11731718.987708537 29329.297469271343 1.2439054406991147e-05 0.05944906771524608
1520451.3701187551 11731718.987708537 29329.297469271343 0.0 0.05944906771524608
1520451.3701187551 11731718.987708537 29329.297469271343 0.0 0.05944906771524608
1520451.3701187551 11731718.987708537 29329.297469271343 1.598134651201257e-05 0.05946504906175809
1520451.3701187551 11731718.987708537 29329.297469271343 0.002237012327647479 0.06170206138940557
1520451.3701187551 11731718.987708537 29329.297469271343 0.003332859968215831 0.0650349213576214
1520451.3701187551 11731718.987708537 29329.297469271343 1.7860367596502335e-05 0.0650527817252179
1520451.3701187551 11731718.987708537 29329.297469271343 0.01736027730380027 0.08241305902901817
1520451.3701187551 11731718.987708537 29329.297469271343 0.0 0.08241305902901817
1520451.3701187551 11731718.987708537 29329.297469271343 0.023478062923052774 0.10589112195207095
1520451.3701187551 11731718.987708537 29329.297469271343 0.0 0.10589112195207095
1520451.3701187551 11731718.987708537 29329.297469271343 2.82376623627086e-05 0.10591935961443366
1520451.3701187551 11731718.987708537 29329.297469271343 7.144147038600934e-05 0.10599080108481967
1520451.3701187551 11731718.987708537 29329.297469271343 0.0 0.10599080108481967
1520451.3701187551 11731718.987708537 29329.297469271343 0.0056475324725417195 0.1116383335573614
1520451.3701187551 11731718.987708537 29329.297469271343 0.0 0.1116383335573614
1520451.3701187551 11731718.987708537 29329.297469271343 5.01100937453317e-06 0.11164334456673593
1520451.3701187551 11731718.987708537 29329.297469271343 3.409560017752597e-07 0.1116436855227377
1520451.3701187551 11731718.987708537 29329.297469271343 0.018232793679532695 0.1298764792022704
1520451.3701187551 11731718.987708537 29329.297469271343 0.0 0.1298764792022704
1520451.3701187551 11731718.987708537 29329.297469271343 0.0004305132231825944 0.13030699242545302
1520451.3701187551 11731718.987708537 29329.297469271343 2.7276480142020778e-06 0.13030972007346722
1520451.3701187551 11731718.987708537 29329.297469271343 5.01100937453317e-06 0.13031473108284175
1520451.3701187551 11731718.987708537 29329.297469271343 0.0 0.13031473108284175
1520451.3701187551 11731718.987708537 29329.297469271343 0.0 0.13031473108284175
1520451.3701187551 11731718.987708537 29329.297469271343 5.01100937453317e-06 0.13031974209221628
1520451.3701187551 11731718.987708537 29329.297469271343 0.0 0.13031974209221628
1520451.3701187551 11731718.987708537 29329.297469271343 0.0 0.13031974209221628
1520451.3701187551 11731718.987708537 29329.297469271343 0.0 0.13031974209221628
1520451.3701187551 11731718.987708537 29329.297469271343 0.0 0.13031974209221628
1520451.3701187551 11731718.987708537 29329.297469271343 0.0 0.13031974209221628
1520451.3701187551 11731718.987708537 29329.297469271343 0.0 0.13031974209221628
1520451.3701187551 11731718.987708537 29329.297469271343 0.0 0.13031974209221628
1520451.3701187551 11731718.987708537 29329.297469271343 1.417327483728706e-05 0.13033391536705358
1520451.3701187551 11731718.987708537 29329.297469271343 5.324702358470113e-05 0.13038716239063827
1520451.3701187551 11731718.987708537 29329.297469271343 0.003013653761769234 0.1334008161524075
1520451.3701187551 11731718.987708537 29329.297469271343 0.0 0.1334008161524075
1520451.3701187551 11731718.987708537 29329.297469271343 0.0 0.1334008161524075
1520451.3701187551 11731718.987708537 29329.297469271343 0.0 0.1334008161524075
1520451.3701187551 11731718.987708537 29329.297469271343 0.0 0.1334008161524075
1520451.3701187551 11731718.987708537 29329.297469271343 0.0 0.1334008161524075
1520451.3701187551 11731718.987708537 29329.297469271343 9.643692037661549e-07 0.13340178052161128
1520451.3701187551 11731718.987708537 29329.297469271343 0.0 0.13340178052161128
1520451.3701187551 11731718.987708537 29329.297469271343 0.013395521887003612 0.14679730240861488
1520451.3701187551 11731718.987708537 29329.297469271343 0.0025731026909078165 0.1493704050995227
1520451.3701187551 11731718.987708537 29329.297469271343 1.7860367596502335e-05 0.1493882654671192
1520451.3701187551 11731718.987708537 29329.297469271343 0.0 0.1493882654671192
1520451.3701187551 11731718.987708537 29329.297469271343 0.0 0.1493882654671192
1520451.3701187551 11731718.987708537 29329.297469271343 0.0 0.1493882654671192
1520451.3701187551 11731718.987708537 29329.297469271343 0.002727904401065796 0.152116169868185
1520451.3701187551 11731718.987708537 29329.297469271343 2.603796850168618e-05 0.15214220783668667
1520451.3701187551 11731718.987708537 29329.297469271343 0.0 0.15214220783668667
1520451.3701187551 11731718.987708537 29329.297469271343 0.0 0.15214220783668667
1520451.3701187551 11731718.987708537 29329.297469271343 0.0 0.15214220783668667
1520451.3701187551 11731718.987708537 29329.297469271343 0.0 0.15214220783668667
1520451.3701187551 11731718.987708537 29329.297469271343 0.0 0.15214220783668667
1520451.3701187551 11731718.987708537 29329.297469271343 0.0 0.15214220783668667
1520451.3701187551 11731718.987708537 29329.297469271343 0.0 0.15214220783668667
1520451.3701187551 11731718.987708537 29329.297469271343 0.0 0.15214220783668667
1520451.3701187551 11731718.987708537 29329.297469271343 0.0 0.15214220783668667
1520451.3701187551 11731718.987708537 29329.297469271343 0.0 0.15214220783668667
1520451.3701187551 11731718.987708537 29329.297469271343 0.0007763022342102485 0.1529185100708969
1520451.3701187551 11731718.987708537 29329.297469271343 0.0 0.1529185100708969
1520451.3701187551 11731718.987708537 29329.297469271343 0.0 0.1529185100708969
1520451.3701187551 11731718.987708537 29329.297469271343 0.0 0.1529185100708969
1520451.3701187551 11731718.987708537 29329.297469271343 0.0 0.1529185100708969
1520451.3701187551 11731718.987708537 29329.297469271343 0.01042026370697112 0.16333877377786804
1520451.3701187551 11731718.987708537 29329.297469271343 7.144147038600934e-05 0.16341021524825405
1520451.3701187551 11731718.987708537 29329.297469271343 0.0 0.16341021524825405
1520451.3701187551 11731718.987708537 29329.297469271343 0.0017587920148024877 0.16516900726305656
1520451.3701187551 11731718.987708537 29329.297469271343 0.0 0.16516900726305656
1520451.3701187551 11731718.987708537 29329.297469271343 0.0 0.16516900726305656
1520451.3701187551 11731718.987708537 29329.297469271343 0.0 0.16516900726305656
1520451.3701187551 11731718.987708537 29329.297469271343 1.7716593546608825e-06 0.16517077892241122
1520451.3701187551 11731718.987708537 29329.297469271343 0.0 0.16517077892241122
1520451.3701187551 11731718.987708537 29329.297469271343 0.0 0.16517077892241122
1520451.3701187551 11731718.987708537 29329.297469271343 2.7276480142020778e-06 0.16517350657042543
1520451.3701187551 11731718.987708537 29329.297469271343 0.0001129506494508344 0.16528645721987625
1520451.3701187551 11731718.987708537 29329.297469271343 1.7716593546608825e-06 0.16528822887923092
1520451.3701187551 11731718.987708537 29329.297469271343 0.002045612353537609 0.16733384123276854
1520451.3701187551 11731718.987708537 29329.297469271343 0.0 0.16733384123276854
1520451.3701187551 11731718.987708537 29329.297469271343 0.0 0.16733384123276854
1520451.3701187551 11731718.987708537 29329.297469271343 0.0 0.16733384123276854
1520451.3701187551 11731718.987708537 29329.297469271343 9.559423741252212e-05 0.16742943547018105
1520451.3701187551 11731718.987708537 29329.297469271343 0.0 0.16742943547018105
1520451.3701187551 11731718.987708537 29329.297469271343 0.0 0.16742943547018105
1520451.3701187551 11731718.987708537 29329.297469271343 0.0 0.16742943547018105
1520451.3701187551 11731718.987708537 29329.297469271343 0.003668179942439004 0.17109761541262006
1520451.3701187551 11731718.987708537 29329.297469271343 0.0004116964305452506 0.1715093118431653
1520451.3701187551 11731718.987708537 29329.297469271343 0.010831349794077658 0.18234066163724297
1520451.3701187551 11731718.987708537 29329.297469271343 0.0 0.18234066163724297
1520451.3701187551 11731718.987708537 29329.297469271343 0.0 0.18234066163724297
1520451.3701187551 11731718.987708537 29329.297469271343 0.0007473736115685746 0.18308803524881154
1520451.3701187551 11731718.987708537 29329.297469271343 1.078197547514234e-05 0.18309881722428667
1520451.3701187551 11731718.987708537 29329.297469271343 0.002347635163160963 0.18544645238744764
1520451.3701187551 11731718.987708537 29329.297469271343 0.00014073183556370956 0.18558718422301135
1520451.3701187551 11731718.987708537 29329.297469271343 0.0 0.18558718422301135
1520451.3701187551 11731718.987708537 29329.297469271343 0.0 0.18558718422301135
1520451.3701187551 11731718.987708537 29329.297469271343 0.0 0.18558718422301135
1520451.3701187551 11731718.987708537 29329.297469271343 6.31459352098564e-06 0.18559349881653234
1520451.3701187551 11731718.987708537 29329.297469271343 0.0 0.18559349881653234
1520451.3701187551 11731718.987708537 29329.297469271343 0.00031664663001834654 0.18591014544655068
1520451.3701187551 11731718.987708537 29329.297469271343 0.0 0.18591014544655068
1520451.3701187551 11731718.987708537 29329.297469271343 0.0013800928608182195 0.1872902383073689
1520451.3701187551 11731718.987708537 29329.297469271343 0.0 0.1872902383073689
1520451.3701187551 11731718.987708537 29329.297469271343 0.0 0.1872902383073689
1520451.3701187551 11731718.987708537 29329.297469271343 0.0 0.1872902383073689
1520451.3701187551 11731718.987708537 29329.297469271343 0.0 0.1872902383073689
1520451.3701187551 11731718.987708537 29329.297469271343 0.004885533374451355 0.19217577168182026
1520451.3701187551 11731718.987708537 29329.297469271343 0.0003194726806644384 0.1924952443624847
1520451.3701187551 11731718.987708537 29329.297469271343 0.0 0.1924952443624847
1520451.3701187551 11731718.987708537 29329.297469271343 9.559423741252212e-05 0.1925908385998972
1520451.3701187551 11731718.987708537 29329.297469271343 0.006916991265039048 0.19950782986493626
1520451.3701187551 11731718.987708537 29329.297469271343 5.884924295529632e-05 0.19956667910789155
1520451.3701187551 11731718.987708537 29329.297469271343 0.0 0.19956667910789155
1520451.3701187551 11731718.987708537 29329.297469271343 1.417327483728706e-05 0.19958085238272885
1520451.3701187551 11731718.987708537 29329.297469271343 0.0 0.19958085238272885
1520451.3701187551 11731718.987708537 29329.297469271343 0.0010204757882846683 0.20060132817101353
1520451.3701187551 11731718.987708537 29329.297469271343 0.00013124636168990853 0.20073257453270343
1520451.3701187551 11731718.987708537 29329.297469271343 0.0 0.20073257453270343
1520451.3701187551 11731718.987708537 29329.297469271343 1.598134651201257e-05 0.20074855587921545
1520451.3701187551 11731718.987708537 29329.297469271343 3.8120039865300986e-06 0.20075236788320197
1520451.3701187551 11731718.987708537 29329.297469271343 0.0 0.20075236788320197
1520451.3701187551 11731718.987708537 29329.297469271343 8.728473645446649e-05 0.20083965261965644
1520451.3701187551 11731718.987708537 29329.297469271343 0.0 0.20083965261965644
1520451.3701187551 11731718.987708537 29329.297469271343 0.0 0.20083965261965644
1520451.3701187551 11731718.987708537 29329.297469271343 0.004870701112046242 0.20571035373170268
1520451.3701187551 11731718.987708537 29329.297469271343 1.598134651201257e-05 0.2057263350782147
1520451.3701187551 11731718.987708537 29329.297469271343 0.0005114030883844022 0.2062377381665991
1520451.3701187551 11731718.987708537 29329.297469271343 2.525837408394256e-05 0.20626299654068303
1520451.3701187551 11731718.987708537 29329.297469271343 0.0045704004269770055 0.21083339696766004
1520451.3701187551 11731718.987708537 29329.297469271343 3.049603189224079e-05 0.21086389299955227
1520451.3701187551 11731718.987708537 29329.297469271343 0.011731000589249174 0.22259489358880144
1520451.3701187551 11731718.987708537 29329.297469271343 1.980775374997571e-05 0.2226147013425514
1520451.3701187551 11731718.987708537 29329.297469271343 0.00875516740734562 0.231369868749897
1520451.3701187551 11731718.987708537 29329.297469271343 0.00014383211860811312 0.23151370086850512
1520451.3701187551 11731718.987708537 29329.297469271343 0.0 0.23151370086850512
1520451.3701187551 11731718.987708537 29329.297469271343 5.669309934914824e-05 0.23157039396785425
1520451.3701187551 11731718.987708537 29329.297469271343 0.0 0.23157039396785425
1520451.3701187551 11731718.987708537 29329.297469271343 0.0 0.23157039396785425
1520451.3701187551 11731718.987708537 29329.297469271343 7.98681701661096e-05 0.23165026213802037
1520451.3701187551 11731718.987708537 29329.297469271343 1.7716593546608825e-06 0.23165203379737503
1520451.3701187551 11731718.987708537 29329.297469271343 0.011069163646181771 0.2427211974435568
1520451.3701187551 11731718.987708537 29329.297469271343 0.0017206962734253983 0.2444418937169822
1520451.3701187551 11731718.987708537 29329.297469271343 0.0 0.2444418937169822
1520451.3701187551 11731718.987708537 29329.297469271343 0.0006906268125622546 0.24513252052954446
1520451.3701187551 11731718.987708537 29329.297469271343 0.00012198412756896315 0.24525450465711343
1520451.3701187551 11731718.987708537 29329.297469271343 5.01100937453317e-06 0.24525951566648796
1520451.3701187551 11731718.987708537 29329.297469271343 0.0 0.24525951566648796
1520451.3701187551 11731718.987708537 29329.297469271343 0.00029530431380229424 0.24555481998029025
1520451.3701187551 11731718.987708537 29329.297469271343 0.0 0.24555481998029025
1520451.3701187551 11731718.987708537 29329.297469271343 0.0005249854467596341 0.24607980542704988
1520451.3701187551 11731718.987708537 29329.297469271343 1.7860367596502335e-05 0.24609766579464637
1520451.3701187551 11731718.987708537 29329.297469271343 0.00023539697182118529 0.24633306276646755
1520451.3701187551 11731718.987708537 29329.297469271343 1.2439054406991147e-05 0.24634550182087453
1520451.3701187551 11731718.987708537 29329.297469271343 0.0 0.24634550182087453
1520451.3701187551 11731718.987708537 29329.297469271343 0.12734664311375574 0.37369214493463027
1520451.3701187551 11731718.987708537 29329.297469271343 0.0001782697837497814 0.37387041471838006
1520451.3701187551 11731718.987708537 29329.297469271343 0.0 0.37387041471838006
1520451.3701187551 11731718.987708537 29329.297469271343 0.0 0.37387041471838006
1520451.3701187551 11731718.987708537 29329.297469271343 3.8120039865300986e-06 0.3738742267223666
1520451.3701187551 11731718.987708537 29329.297469271343 0.0 0.3738742267223666
1520451.3701187551 11731718.987708537 29329.297469271343 5.6024787986724364e-05 0.3739302515103533
1520451.3701187551 11731718.987708537 29329.297469271343 0.0 0.3739302515103533
1520451.3701187551 11731718.987708537 29329.297469271343 0.00016035229998506145 0.3740906038103384
1520451.3701187551 11731718.987708537 29329.297469271343 4.520207396454426e-05 0.3741358058843029
1520451.3701187551 11731718.987708537 29329.297469271343 9.643692037661549e-07 0.37413677025350667
1520451.3701187551 11731718.987708537 29329.297469271343 0.019467456052824336 0.393604226306331
1520451.3701187551 11731718.987708537 29329.297469271343 2.82376623627086e-05 0.3936324639686937
1520451.3701187551 11731718.987708537 29329.297469271343 0.0023203739846653294 0.39595283795335906
1520451.3701187551 11731718.987708537 29329.297469271343 1.417327483728706e-05 0.39596701122819633
1520451.3701187551 11731718.987708537 29329.297469271343 7.144147038600934e-05 0.39603845269858234
1520451.3701187551 11731718.987708537 29329.297469271343 0.0013800928608182195 0.39741854555940054
1520451.3701187551 11731718.987708537 29329.297469271343 5.01100937453317e-06 0.3974235565687751
1520451.3701187551 11731718.987708537 29329.297469271343 7.144147038600934e-05 0.3974949980391611
1520451.3701187551 11731718.987708537 29329.297469271343 0.00861869431046878 0.4061136923496299
1520451.3701187551 11731718.987708537 29329.297469271343 0.0 0.4061136923496299
1520451.3701187551 11731718.987708537 29329.297469271343 0.0 0.4061136923496299
1520451.3701187551 11731718.987708537 29329.297469271343 8.728473645446649e-05 0.4062009770860844
1520451.3701187551 11731718.987708537 29329.297469271343 0.0004535447947931859 0.4066545218808776
1520451.3701187551 11731718.987708537 29329.297469271343 1.7716593546608825e-06 0.40665629354023225
1520451.3701187551 11731718.987708537 29329.297469271343 0.12960175501235158 0.5362580485525839
1520451.3701187551 11731718.987708537 29329.297469271343 4.008807499626536e-05 0.5362981366275801
1520451.3701187551 11731718.987708537 29329.297469271343 0.0003384796810649268 0.536636616308645
1520451.3701187551 11731718.987708537 29329.297469271343 0.0 0.536636616308645
1520451.3701187551 11731718.987708537 29329.297469271343 0.0 0.536636616308645
1520451.3701187551 11731718.987708537 29329.297469271343 1.2439054406991147e-05 0.536649055363052
1520451.3701187551 11731718.987708537 29329.297469271343 0.0012778907226577536 0.5379269460857097
1520451.3701187551 11731718.987708537 29329.297469271343 8.951052919347988e-05 0.5380164566149032
1520451.3701187551 11731718.987708537 29329.297469271343 0.0 0.5380164566149032
1520451.3701187551 11731718.987708537 29329.297469271343 0.003614420782426701 0.5416308773973298
1520451.3701187551 11731718.987708537 29329.297469271343 0.00017047800088762984 0.5418013553982175
1520451.3701187551 11731718.987708537 29329.297469271343 5.01100937453317e-06 0.541806366407592
1520451.3701187551 11731718.987708537 29329.297469271343 0.0 0.541806366407592
1520451.3701187551 11731718.987708537 29329.297469271343 0.0 0.541806366407592
1520451.3701187551 11731718.987708537 29329.297469271343 0.0 0.541806366407592
1520451.3701187551 11731718.987708537 29329.297469271343 3.281159042247713e-05 0.5418391779980145
1520451.3701187551 11731718.987708537 29329.297469271343 0.0 0.5418391779980145
1520451.3701187551 11731718.987708537 29329.297469271343 0.0 0.5418391779980145
1520451.3701187551 11731718.987708537 29329.297469271343 0.004885533374451355 0.5467247113724658
1520451.3701187551 11731718.987708537 29329.297469271343 0.00460262779545962 0.5513273391679254
1520451.3701187551 11731718.987708537 29329.297469271343 6.31459352098564e-06 0.5513336537614464
1520451.3701187551 11731718.987708537 29329.297469271343 0.026910704919595546 0.578244358681042
1520451.3701187551 11731718.987708537 29329.297469271343 0.0 0.578244358681042
1520451.3701187551 11731718.987708537 29329.297469271343 0.0 0.578244358681042
1520451.3701187551 11731718.987708537 29329.297469271343 0.002076037809912707 0.5803203964909547
1520451.3701187551 11731718.987708537 29329.297469271343 0.0 0.5803203964909547
1520451.3701187551 11731718.987708537 29329.297469271343 0.0 0.5803203964909547
1520451.3701187551 11731718.987708537 29329.297469271343 0.0 0.5803203964909547
1520451.3701187551 11731718.987708537 29329.297469271343 0.0 0.5803203964909547
1520451.3701187551 11731718.987708537 29329.297469271343 0.0 0.5803203964909547
1520451.3701187551 11731718.987708537 29329.297469271343 0.004885533374451355 0.585205929865406
1520451.3701187551 11731718.987708537 29329.297469271343 0.0 0.585205929865406
1520451.3701187551 11731718.987708537 29329.297469271343 0.00014073183556370956 0.5853466617009697
1520451.3701187551 11731718.987708537 29329.297469271343 0.0013906532866637946 0.5867373149876335
1520451.3701187551 11731718.987708537 29329.297469271343 0.0 0.5867373149876335
1520451.3701187551 11731718.987708537 29329.297469271343 0.00013124636168990853 0.5868685613493234
1520451.3701187551 11731718.987708537 29329.297469271343 0.0 0.5868685613493234
1520451.3701187551 11731718.987708537 29329.297469271343 0.011726230906111927 0.5985947922554353
1520451.3701187551 11731718.987708537 29329.297469271343 0.00014383211860811312 0.5987386243740435
1520451.3701187551 11731718.987708537 29329.297469271343 0.0 0.5987386243740435
1520451.3701187551 11731718.987708537 29329.297469271343 1.417327483728706e-05 0.5987527976488808
1520451.3701187551 11731718.987708537 29329.297469271343 0.00020206699267154047 0.5989548646415523
1520451.3701187551 11731718.987708537 29329.297469271343 0.00016074330836852101 0.5991156079499209
1520451.3701187551 11731718.987708537 29329.297469271343 1.980775374997571e-05 0.5991354157036709
1520451.3701187551 11731718.987708537 29329.297469271343 0.0 0.5991354157036709
1520451.3701187551 11731718.987708537 29329.297469271343 0.001227781000110675 0.6003631967037816
1520451.3701187551 11731718.987708537 29329.297469271343 0.0 0.6003631967037816
1520451.3701187551 11731718.987708537 29329.297469271343 0.007768374047734324 0.6081315707515159
1520451.3701187551 11731718.987708537 29329.297469271343 6.171962904103391e-05 0.6081932903805569
1520451.3701187551 11731718.987708537 29329.297469271343 0.015226013133559273 0.6234193035141162
1520451.3701187551 11731718.987708537 29329.297469271343 0.0 0.6234193035141162
1520451.3701187551 11731718.987708537 29329.297469271343 0.00015043541380663415 0.6235697389279229
1520451.3701187551 11731718.987708537 29329.297469271343 1.2439054406991147e-05 0.6235821779823298
1520451.3701187551 11731718.987708537 29329.297469271343 0.0024722725096245238 0.6260544504919544
1520451.3701187551 11731718.987708537 29329.297469271343 0.009994980306498574 0.636049430798453
1520451.3701187551 11731718.987708537 29329.297469271343 0.0010341635630890665 0.637083594361542
1520451.3701187551 11731718.987708537 29329.297469271343 0.00017047800088762984 0.6372540723624297
1520451.3701187551 11731718.987708537 29329.297469271343 0.0019868889133114794 0.6392409612757411
1520451.3701187551 11731718.987708537 29329.297469271343 0.016799534296308292 0.6560404955720495
1520451.3701187551 11731718.987708537 29329.297469271343 9.205812047932013e-06 0.6560497013840974
1520451.3701187551 11731718.987708537 29329.297469271343 0.0 0.6560497013840974
1520451.3701187551 11731718.987708537 29329.297469271343 0.002991786005321342 0.6590414873894187
1520451.3701187551 11731718.987708537 29329.297469271343 0.003668179942439004 0.6627096673318577
1520451.3701187551 11731718.987708537 29329.297469271343 0.0013906532866637946 0.6641003206185214
1520451.3701187551 11731718.987708537 29329.297469271343 0.02306890323847616 0.6871692238569976
1520451.3701187551 11731718.987708537 29329.297469271343 0.04333750892022323 0.7305067327772209
1520451.3701187551 11731718.987708537 29329.297469271343 0.0 0.7305067327772209
1520451.3701187551 11731718.987708537 29329.297469271343 9.559423741252212e-05 0.7306023270146335
1520451.3701187551 11731718.987708537 29329.297469271343 3.8120039865300986e-06 0.73060613901862
1520451.3701187551 11731718.987708537 29329.297469271343 0.00012198412756896315 0.730728123146189
1520451.3701187551 11731718.987708537 29329.297469271343 7.923101499990284e-05 0.7308073541611888
1520451.3701187551 11731718.987708537 29329.297469271343 3.518295889092739e-05 0.7308425371200797
1520451.3701187551 11731718.987708537 29329.297469271343 0.001701982419732406 0.7325445195398121
1520451.3701187551 11731718.987708537 29329.297469271343 0.004061001041104568 0.7366055205809167
1520451.3701187551 11731718.987708537 29329.297469271343 0.00021508703417817479 0.7368206076150948
1520451.3701187551 11731718.987708537 29329.297469271343 0.046239382691708686 0.7830599903068035
1520451.3701187551 11731718.987708537 29329.297469271343 0.0009263169687268139 0.7839863072755303
1520451.3701187551 11731718.987708537 29329.297469271343 0.00442687440962499 0.7884131816851553
1520451.3701187551 11731718.987708537 29329.297469271343 0.00015043541380663415 0.7885636170989619
1520451.3701187551 11731718.987708537 29329.297469271343 1.078197547514234e-05 0.788574399074437
1520451.3701187551 11731718.987708537 29329.297469271343 0.0 0.788574399074437
1520451.3701187551 11731718.987708537 29329.297469271343 0.0001963906570225496 0.7887707897314596
1520451.3701187551 11731718.987708537 29329.297469271343 0.006213923132354108 0.7949847128638138
1520451.3701187551 11731718.987708537 29329.297469271343 0.007188659288804475 0.8021733721526183
1520451.3701187551 11731718.987708537 29329.297469271343 0.0 0.8021733721526183
1520451.3701187551 11731718.987708537 29329.297469271343 0.0010525311774802267 0.8032259033300986
1520451.3701187551 11731718.987708537 29329.297469271343 0.04093533859402123 0.8441612419241198
1520451.3701187551 11731718.987708537 29329.297469271343 0.0 0.8441612419241198
1520451.3701187551 11731718.987708537 29329.297469271343 0.005421791729482876 0.8495830336536027
1520451.3701187551 11731718.987708537 29329.297469271343 2.603796850168618e-05 0.8496090716221043
1520451.3701187551 11731718.987708537 29329.297469271343 2.82376623627086e-05 0.849637309284467
1520451.3701187551 11731718.987708537 29329.297469271343 0.008396361724719024 0.858033671009186
1520451.3701187551 11731718.987708537 29329.297469271343 0.0 0.858033671009186
1520451.3701187551 11731718.987708537 29329.297469271343 0.0008652538341784979 0.8588989248433645
1520451.3701187551 11731718.987708537 29329.297469271343 1.417327483728706e-05 0.8589130981182018
1520451.3701187551 11731718.987708537 29329.297469271343 0.0 0.8589130981182018
1520451.3701187551 11731718.987708537 29329.297469271343 0.00023539697182118529 0.859148495090023
1520451.3701187551 11731718.987708537 29329.297469271343 0.01617448339981007 0.8753229784898331
1520451.3701187551 11731718.987708537 29329.297469271343 0.0004535447947931859 0.8757765232846263
1520451.3701187551 11731718.987708537 29329.297469271343 2.603796850168618e-05 0.8758025612531279
1520451.3701187551 11731718.987708537 29329.297469271343 0.0 0.8758025612531279
1520451.3701187551 11731718.987708537 29329.297469271343 0.0 0.8758025612531279
1520451.3701187551 11731718.987708537 29329.297469271343 0.0 0.8758025612531279
1520451.3701187551 11731718.987708537 29329.297469271343 0.0346088107605766 0.9104113720137046
1520451.3701187551 11731718.987708537 29329.297469271343 0.0002129880943388045 0.9106243601080434
1520451.3701187551 11731718.987708537 29329.297469271343 2.389855935313053e-05 0.9106482586673965
1520451.3701187551 11731718.987708537 29329.297469271343 0.0 0.9106482586673965
1520451.3701187551 11731718.987708537 29329.297469271343 0.0002129880943388045 0.9108612467617353
1520451.3701187551 11731718.987708537 29329.297469271343 1.598134651201257e-05 0.9108772281082473
1520451.3701187551 11731718.987708537 29329.297469271343 0.00023539697182118529 0.9111126250800685
1520451.3701187551 11731718.987708537 29329.297469271343 0.0003384796810649268 0.9114511047611334
1520451.3701187551 11731718.987708537 29329.297469271343 0.00014383211860811312 0.9115949368797416
1520451.3701187551 11731718.987708537 29329.297469271343 0.00010415187400674472 0.9116990887537483
1520451.3701187551 11731718.987708537 29329.297469271343 0.0030590155972007077 0.914758104350949
1520451.3701187551 11731718.987708537 29329.297469271343 0.007644740908915355 0.9224028452598643
1520451.3701187551 11731718.987708537 29329.297469271343 4.008807499626536e-05 0.9224429333348605
1520451.3701187551 11731718.987708537 29329.297469271343 0.0006628184674511049 0.9231057518023116
1520451.3701187551 11731718.987708537 29329.297469271343 7.144147038600934e-05 0.9231771932726975
1520451.3701187551 11731718.987708537 29329.297469271343 0.00010415187400674472 0.9232813451467042
1520451.3701187551 11731718.987708537 29329.297469271343 0.0 0.9232813451467042
1520451.3701187551 11731718.987708537 29329.297469271343 0.0006353937163441636 0.9239167388630484
1520451.3701187551 11731718.987708537 29329.297469271343 9.643692037661549e-07 0.9239177032322521
1520451.3701187551 11731718.987708537 29329.297469271343 0.0 0.9239177032322521
1520451.3701187551 11731718.987708537 29329.297469271343 0.0005817170042375999 0.9244994202364897
1520451.3701187551 11731718.987708537 29329.297469271343 0.002535392479996891 0.9270348127164866
1520451.3701187551 11731718.987708537 29329.297469271343 0.003332859968215831 0.9303676726847024
1520451.3701187551 11731718.987708537 29329.297469271343 0.0 0.9303676726847024
1520451.3701187551 11731718.987708537 29329.297469271343 0.00797246709597397 0.9383401397806764
1520451.3701187551 11731718.987708537 29329.297469271343 0.0024096852131035005 0.9407498249937799
1520451.3701187551 11731718.987708537 29329.297469271343 0.020883365861987968 0.9616331908557678
1520451.3701187551 11731718.987708537 29329.297469271343 0.01620815320769776 0.9778413440634656
1520451.3701187551 11731718.987708537 29329.297469271343 0.0001913392103033753 0.9780326832737689
1520451.3701187551 11731718.987708537 29329.297469271343 0.00045465073351096607 0.9784873340072798
1520451.3701187551 11731718.987708537 29329.297469271343 0.0006906268125622546 0.9791779608198421
1520451.3701187551 11731718.987708537 29329.297469271343 0.0 0.9791779608198421
1520451.3701187551 11731718.987708537 29329.297469271343 0.004470500054950828 0.983648460874793
1520451.3701187551 11731718.987708537 29329.297469271343 0.002320129808924916 0.9859685906837179
1520451.3701187551 11731718.987708537 29329.297469271343 0.001184008045479134 0.987152598729197
1520451.3701187551 11731718.987708537 29329.297469271343 0.0002541389612643774 0.9874067376904614
1520451.3701187551 11731718.987708537 29329.297469271343 0.004779711870626106 0.9921864495610875
1520451.3701187551 11731718.987708537 29329.297469271343 0.007813550438912336 0.9999999999999998
401's generation extracting best parents:
0
0
0
0
0
0
0
0
0
6516.696095415223
0
0
0
0
84335.33067463481
0
0
0
34300.0
0
0
0
0
561.1844616523163
0
0
0
0
0
657.2670690061993
0
0
0
0
0
0
25298.221281347032
2121.1921176545984
232.379000772445
0
0
0
0
0
0
7067.437442241707
0
0
0
0
583.7259631025504
23309.622390763863
4772.682264722846
0
0
0
0
0
1121.4847301680036
0
1121.4847301680036
0
0
0
7137.085119290648
0
0
0
0
1881.2081224574808
0
2000.0
0
0
0
13252.01871414314
480241.88905175694
0
145.9314907756376
0
0
187.48866632412745
26244.0
39100.176572491335
209.53281365934072
203665.89487687917
0
275438.03658899403
0
331.2763197090912
838.1312546373629
0
66255.26394181824
0
0
0
213902.01180914592
0
5050.660154870846
0
0
0
0
0
0
0
0
0
0
0
0
166.27687752661222
624.6791176276025
35355.33905932738
0
0
0
0
0
0
0
157152.49847202556
30186.91769624716
209.53281365934072
0
0
0
32003.007858637287
305.47012947258855
0
0
0
0
0
0
0
0
0
0
9107.359661284932
0
0
0
0
122247.60558800322
838.1312546373629
0
20633.6536754885
0
0
0
0
0
0
0
1325.1052788363647
0
23998.549289488314
0
0
0
1121.4847301680036
0
0
0
43034.056281043275
4829.906831399546
127070.35204169381
0
0
8767.977189751351
0
27541.796019867696
1651.0263474578471
0
0
0
0
0
3714.809281780156
0
16190.861620062102
0
0
0
0
57315.70465413472
3747.9637138051376
0
1121.4847301680036
81148.1977618727
690.4027809909227
0
166.27687752661222
0
11971.93518191608
1539.7454335051623
0
187.48866632412745
0
0
1024.0
0
0
57141.69671964598
187.48866632412745
5999.637322372078
296.3241468392341
53618.65347059734
357.77087639996637
137624.80235771457
232.379000772445
102713.16371332353
1687.397996917147
0
665.1075101064489
0
0
936.9909284512844
0
129860.31732596374
20186.725143024065
0
8102.239690357228
1431.0835055998655
0
0
3464.427225386615
0
6158.981734020649
209.53281365934072
2761.6111239636907
145.9314907756376
0
1493995.0310385907
2091.411006952005
0
0
0
0
657.2670690061993
0
1881.2081224574808
530.2980294136496
0
228386.72381730075
331.2763197090912
27221.975534483165
166.27687752661222
838.1312546373629
16190.861620062102
0
838.1312546373629
101112.09969138213
0
0
1024.0
5320.860080851591
0
1520451.3701187551
470.3020306143702
3970.9485013029316
0
0
145.9314907756376
14991.85485522055
1050.1123749389872
0
42403.36892276367
2000.0
0
0
0
0
384.93635837629057
0
0
57315.70465413472
53996.73590134871
0
315708.8278778406
0
0
24355.49219375375
0
0
0
0
0
57315.70465413472
0
1651.0263474578471
16314.753568472923
0
1539.7454335051623
0
137568.84577548798
1687.397996917147
0
166.27687752661222
2370.593174713873
1885.7953229340665
232.379000772445
0
14403.981671746184
0
91136.38131942699
724.0773439350247
178627.3073860769
0
1764.8660005790807
145.9314907756376
29004.006343951864
117258.3002435222
12132.516309488317
2000.0
23309.622390763863
197087.41548866077
0
0
35098.79268578906
43034.056281043275
16314.753568472923
270637.8901484417
508423.4762793709
0
1121.4847301680036
0
1431.0835055998655
929.51600308978
412.7565868644618
19967.17947032079
47642.5230230306
2523.340642878008
542467.4439042403
10867.290370648978
51934.84656759852
1764.8660005790807
0
0
2304.0
72900.0
84335.33067463481
0
12348.0
480241.88905175694
0
63606.936980175364
305.47012947258855
331.2763197090912
98503.75627355537
0
10150.914835619498
166.27687752661222
0
2761.6111239636907
189754.49401792831
5320.860080851591
305.47012947258855
0
0
0
406020.842341868
2498.71647051041
280.3711825420009
0
2498.71647051041
187.48866632412745
2761.6111239636907
3970.9485013029316
1687.397996917147
1221.8805178903542
35887.511365376115
89685.95207723448
470.3020306143702
7776.0
838.1312546373629
1221.8805178903542
0
7454.260526705516
0
0
6824.5404240871785
29744.51209887296
39100.176572491335
0
93530.74360871938
28269.749768966827
244997.7798103485
190149.49874243687
2244.737846609265
5333.834643106215
8102.239690357228
0
52446.65037921869
27219.110933313015
13890.44966874723
2981.4868773818207
56074.23650840018
91666.37804560622
