0 0 5 0 11.180339887498949 0.0
1 0 6 0 14.696938456699069 0.0
2 0 6 0 14.696938456699069 0.0
3 0 5 0 11.180339887498949 0.0
4 0 7 0 18.520259177452132 0.0
5 0 6 0 14.696938456699069 0.0
6 1 10 4 31.622776601683793 126.49110640673517
7 1 6 4 14.696938456699069 58.787753826796276
8 0 7 0 18.520259177452132 0.0
9 0 10 0 31.622776601683793 0.0
10 0 6 0 14.696938456699069 0.0
11 0 6 0 14.696938456699069 0.0
12 0 5 0 11.180339887498949 0.0
13 0 5 0 11.180339887498949 0.0
14 0 6 0 14.696938456699069 0.0
15 0 10 0 31.622776601683793 0.0
16 0 6 0 14.696938456699069 0.0
17 0 50 0 1.0 0.0
18 0 8 0 22.627416997969522 0.0
19 0 6 0 14.696938456699069 0.0
20 0 5 0 11.180339887498949 0.0
21 0 5 0 11.180339887498949 0.0
22 0 6 0 14.696938456699069 0.0
23 0 50 0 1.0 0.0
24 0 5 0 11.180339887498949 0.0
25 0 8 0 22.627416997969522 0.0
26 0 5 0 11.180339887498949 0.0
27 0 7 0 18.520259177452132 0.0
28 0 50 0 1.0 0.0
29 0 6 0 14.696938456699069 0.0
30 0 5 0 11.180339887498949 0.0
31 0 5 0 11.180339887498949 0.0
32 0 50 0 1.0 0.0
33 0 10 0 31.622776601683793 0.0
34 0 50 0 1.0 0.0
35 0 6 0 14.696938456699069 0.0
36 0 5 0 11.180339887498949 0.0
37 0 6 0 14.696938456699069 0.0
38 0 6 0 14.696938456699069 0.0
39 0 5 0 11.180339887498949 0.0
40 0 5 0 11.180339887498949 0.0
41 0 5 0 11.180339887498949 0.0
42 0 50 0 1.0 0.0
43 1 11 4 36.4828726939094 145.9314907756376
44 0 6 0 14.696938456699069 0.0
45 0 6 0 14.696938456699069 0.0
46 0 5 0 11.180339887498949 0.0
47 0 5 0 11.180339887498949 0.0
48 0 6 0 14.696938456699069 0.0
49 0 8 0 22.627416997969522 0.0
50 0 6 0 14.696938456699069 0.0
51 0 5 0 11.180339887498949 0.0
52 0 6 0 14.696938456699069 0.0
53 0 7 0 18.520259177452132 0.0
54 0 5 0 11.180339887498949 0.0
55 0 5 0 11.180339887498949 0.0
56 0 7 0 18.520259177452132 0.0
57 0 5 0 11.180339887498949 0.0
58 0 50 0 1.0 0.0
59 0 50 0 1.0 0.0
60 0 5 0 11.180339887498949 0.0
61 0 6 0 14.696938456699069 0.0
62 0 5 0 11.180339887498949 0.0
63 0 7 0 18.520259177452132 0.0
64 1 6 4 14.696938456699069 58.787753826796276
65 0 6 0 14.696938456699069 0.0
66 0 6 0 14.696938456699069 0.0
67 0 7 0 18.520259177452132 0.0
68 0 6 0 14.696938456699069 0.0
69 0 5 0 11.180339887498949 0.0
70 0 6 0 14.696938456699069 0.0
71 0 6 0 14.696938456699069 0.0
72 0 5 0 11.180339887498949 0.0
73 0 5 0 11.180339887498949 0.0
74 1 6 4 14.696938456699069 58.787753826796276
75 0 5 0 11.180339887498949 0.0
76 0 50 0 1.0 0.0
77 0 5 0 11.180339887498949 0.0
78 0 6 0 14.696938456699069 0.0
79 0 5 0 11.180339887498949 0.0
80 0 6 0 14.696938456699069 0.0
81 0 6 0 14.696938456699069 0.0
82 0 11 0 36.4828726939094 0.0
83 0 5 0 11.180339887498949 0.0
84 0 50 0 1.0 0.0
85 0 5 0 11.180339887498949 0.0
86 0 5 0 11.180339887498949 0.0
87 0 11 0 36.4828726939094 0.0
88 0 50 0 1.0 0.0
89 0 50 0 1.0 0.0
90 0 6 0 14.696938456699069 0.0
91 0 6 0 14.696938456699069 0.0
92 0 50 0 1.0 0.0
93 0 7 0 18.520259177452132 0.0
94 0 6 0 14.696938456699069 0.0
95 0 6 0 14.696938456699069 0.0
96 0 6 0 14.696938456699069 0.0
97 0 5 0 11.180339887498949 0.0
98 0 5 0 11.180339887498949 0.0
99 0 50 0 1.0 0.0
100 1 15 4 58.09475019311125 232.379000772445
101 0 5 0 11.180339887498949 0.0
102 0 9 0 27.0 0.0
103 0 5 0 11.180339887498949 0.0
104 0 50 0 1.0 0.0
105 0 6 0 14.696938456699069 0.0
106 0 5 0 11.180339887498949 0.0
107 0 6 0 14.696938456699069 0.0
108 0 6 0 14.696938456699069 0.0
109 0 5 0 11.180339887498949 0.0
110 0 6 0 14.696938456699069 0.0
111 0 6 0 14.696938456699069 0.0
112 0 6 0 14.696938456699069 0.0
113 0 6 0 14.696938456699069 0.0
114 0 6 0 14.696938456699069 0.0
115 0 50 0 1.0 0.0
116 0 6 0 14.696938456699069 0.0
117 0 6 0 14.696938456699069 0.0
118 0 11 0 36.4828726939094 0.0
119 0 6 0 14.696938456699069 0.0
120 1 11 4 36.4828726939094 145.9314907756376
121 0 5 0 11.180339887498949 0.0
122 0 6 0 14.696938456699069 0.0
123 0 6 0 14.696938456699069 0.0
124 0 6 0 14.696938456699069 0.0
125 0 9 0 27.0 0.0
126 0 50 0 1.0 0.0
127 0 50 0 1.0 0.0
128 0 6 0 14.696938456699069 0.0
129 0 6 0 14.696938456699069 0.0
130 0 6 0 14.696938456699069 0.0
131 0 10 0 31.622776601683793 0.0
132 0 6 0 14.696938456699069 0.0
133 0 50 0 1.0 0.0
134 0 50 0 1.0 0.0
135 0 6 0 14.696938456699069 0.0
136 0 50 0 1.0 0.0
137 0 6 0 14.696938456699069 0.0
138 0 10 0 31.622776601683793 0.0
139 0 6 0 14.696938456699069 0.0
140 0 5 0 11.180339887498949 0.0
141 0 6 0 14.696938456699069 0.0
142 0 50 0 1.0 0.0
143 0 5 0 11.180339887498949 0.0
144 0 6 0 14.696938456699069 0.0
145 0 6 0 14.696938456699069 0.0
146 1 6 4 14.696938456699069 58.787753826796276
147 0 5 0 11.180339887498949 0.0
148 1 5 4 11.180339887498949 44.721359549995796
149 0 6 0 14.696938456699069 0.0
150 0 50 0 1.0 0.0
151 0 9 0 27.0 0.0
152 0 5 0 11.180339887498949 0.0
153 0 8 0 22.627416997969522 0.0
154 0 50 0 1.0 0.0
155 0 6 0 14.696938456699069 0.0
156 0 5 0 11.180339887498949 0.0
157 0 6 0 14.696938456699069 0.0
158 0 5 0 11.180339887498949 0.0
159 0 6 0 14.696938456699069 0.0
160 0 6 0 14.696938456699069 0.0
161 0 10 0 31.622776601683793 0.0
162 0 7 0 18.520259177452132 0.0
163 0 5 0 11.180339887498949 0.0
164 0 6 0 14.696938456699069 0.0
165 0 6 0 14.696938456699069 0.0
166 0 50 0 1.0 0.0
167 0 6 0 14.696938456699069 0.0
168 0 5 0 11.180339887498949 0.0
169 0 50 0 1.0 0.0
170 0 5 0 11.180339887498949 0.0
171 0 50 0 1.0 0.0
172 0 5 0 11.180339887498949 0.0
173 1 5 4 11.180339887498949 44.721359549995796
174 0 6 0 14.696938456699069 0.0
175 0 5 0 11.180339887498949 0.0
176 0 6 0 14.696938456699069 0.0
177 0 10 0 31.622776601683793 0.0
178 0 5 0 11.180339887498949 0.0
179 0 9 0 27.0 0.0
180 0 6 0 14.696938456699069 0.0
181 0 5 0 11.180339887498949 0.0
182 0 5 0 11.180339887498949 0.0
183 0 50 0 1.0 0.0
184 0 10 0 31.622776601683793 0.0
185 0 9 0 27.0 0.0
186 0 6 0 14.696938456699069 0.0
187 0 10 0 31.622776601683793 0.0
188 0 5 0 11.180339887498949 0.0
189 0 6 0 14.696938456699069 0.0
190 0 6 0 14.696938456699069 0.0
191 0 50 0 1.0 0.0
192 0 5 0 11.180339887498949 0.0
193 0 5 0 11.180339887498949 0.0
194 0 6 0 14.696938456699069 0.0
195 0 6 0 14.696938456699069 0.0
196 0 5 0 11.180339887498949 0.0
197 1 6 4 14.696938456699069 58.787753826796276
198 0 50 0 1.0 0.0
199 0 5 0 11.180339887498949 0.0
200 0 5 0 11.180339887498949 0.0
201 0 6 0 14.696938456699069 0.0
202 0 6 0 14.696938456699069 0.0
203 0 5 0 11.180339887498949 0.0
204 0 5 0 11.180339887498949 0.0
205 0 10 0 31.622776601683793 0.0
206 0 5 0 11.180339887498949 0.0
207 0 50 0 1.0 0.0
208 0 5 0 11.180339887498949 0.0
209 0 50 0 1.0 0.0
210 0 50 0 1.0 0.0
211 0 50 0 1.0 0.0
212 0 5 0 11.180339887498949 0.0
213 0 6 0 14.696938456699069 0.0
214 0 6 0 14.696938456699069 0.0
215 0 5 0 11.180339887498949 0.0
216 0 6 0 14.696938456699069 0.0
217 0 5 0 11.180339887498949 0.0
218 0 7 0 18.520259177452132 0.0
219 0 6 0 14.696938456699069 0.0
220 0 6 0 14.696938456699069 0.0
221 0 5 0 11.180339887498949 0.0
222 0 6 0 14.696938456699069 0.0
223 0 5 0 11.180339887498949 0.0
224 0 11 0 36.4828726939094 0.0
225 0 6 0 14.696938456699069 0.0
226 0 6 0 14.696938456699069 0.0
227 0 5 0 11.180339887498949 0.0
228 0 8 0 22.627416997969522 0.0
229 0 5 0 11.180339887498949 0.0
230 0 6 0 14.696938456699069 0.0
231 0 5 0 11.180339887498949 0.0
232 0 6 0 14.696938456699069 0.0
233 0 5 0 11.180339887498949 0.0
234 0 6 0 14.696938456699069 0.0
235 0 10 0 31.622776601683793 0.0
236 0 6 0 14.696938456699069 0.0
237 0 5 0 11.180339887498949 0.0
238 0 11 0 36.4828726939094 0.0
239 0 5 0 11.180339887498949 0.0
240 0 5 0 11.180339887498949 0.0
241 0 6 0 14.696938456699069 0.0
242 0 5 0 11.180339887498949 0.0
243 0 9 0 27.0 0.0
244 0 6 0 14.696938456699069 0.0
245 0 6 0 14.696938456699069 0.0
246 0 6 0 14.696938456699069 0.0
247 0 6 0 14.696938456699069 0.0
248 0 5 0 11.180339887498949 0.0
249 0 6 0 14.696938456699069 0.0
250 0 5 0 11.180339887498949 0.0
251 0 10 0 31.622776601683793 0.0
252 0 5 0 11.180339887498949 0.0
253 0 50 0 1.0 0.0
254 0 5 0 11.180339887498949 0.0
255 0 6 0 14.696938456699069 0.0
256 0 5 0 11.180339887498949 0.0
257 0 5 0 11.180339887498949 0.0
258 0 5 0 11.180339887498949 0.0
259 0 50 0 1.0 0.0
260 0 50 0 1.0 0.0
261 0 6 0 14.696938456699069 0.0
262 0 50 0 1.0 0.0
263 0 50 0 1.0 0.0
264 0 11 0 36.4828726939094 0.0
265 0 5 0 11.180339887498949 0.0
266 0 5 0 11.180339887498949 0.0
267 1 5 4 11.180339887498949 44.721359549995796
268 0 6 0 14.696938456699069 0.0
269 0 6 0 14.696938456699069 0.0
270 0 5 0 11.180339887498949 0.0
271 1 15 4 58.09475019311125 232.379000772445
272 0 50 0 1.0 0.0
273 0 6 0 14.696938456699069 0.0
274 0 6 0 14.696938456699069 0.0
275 0 5 0 11.180339887498949 0.0
276 0 6 0 14.696938456699069 0.0
277 0 5 0 11.180339887498949 0.0
278 0 50 0 1.0 0.0
279 0 6 0 14.696938456699069 0.0
280 0 5 0 11.180339887498949 0.0
281 0 8 0 22.627416997969522 0.0
282 0 5 0 11.180339887498949 0.0
283 0 10 0 31.622776601683793 0.0
284 0 5 0 11.180339887498949 0.0
285 0 6 0 14.696938456699069 0.0
286 1 5 4 11.180339887498949 44.721359549995796
287 0 6 0 14.696938456699069 0.0
288 0 6 0 14.696938456699069 0.0
289 0 5 0 11.180339887498949 0.0
290 0 6 0 14.696938456699069 0.0
291 0 6 0 14.696938456699069 0.0
292 0 6 0 14.696938456699069 0.0
293 0 5 0 11.180339887498949 0.0
294 0 5 0 11.180339887498949 0.0
295 0 6 0 14.696938456699069 0.0
296 0 5 0 11.180339887498949 0.0
297 0 6 0 14.696938456699069 0.0
298 0 10 0 31.622776601683793 0.0
299 0 6 0 14.696938456699069 0.0
300 0 5 0 11.180339887498949 0.0
301 0 5 0 11.180339887498949 0.0
302 0 5 0 11.180339887498949 0.0
303 0 6 0 14.696938456699069 0.0
304 0 7 0 18.520259177452132 0.0
305 0 5 0 11.180339887498949 0.0
306 0 7 0 18.520259177452132 0.0
307 0 5 0 11.180339887498949 0.0
308 0 5 0 11.180339887498949 0.0
309 0 50 0 1.0 0.0
310 0 5 0 11.180339887498949 0.0
311 0 6 0 14.696938456699069 0.0
312 0 6 0 14.696938456699069 0.0
313 0 5 0 11.180339887498949 0.0
314 0 6 0 14.696938456699069 0.0
315 0 6 0 14.696938456699069 0.0
316 0 6 0 14.696938456699069 0.0
317 0 11 0 36.4828726939094 0.0
318 1 6 4 14.696938456699069 58.787753826796276
319 0 5 0 11.180339887498949 0.0
320 0 5 0 11.180339887498949 0.0
321 0 5 0 11.180339887498949 0.0
322 0 5 0 11.180339887498949 0.0
323 0 5 0 11.180339887498949 0.0
324 0 50 0 1.0 0.0
325 0 5 0 11.180339887498949 0.0
326 0 50 0 1.0 0.0
327 0 5 0 11.180339887498949 0.0
328 1 6 4 14.696938456699069 58.787753826796276
329 0 50 0 1.0 0.0
330 0 50 0 1.0 0.0
331 0 5 0 11.180339887498949 0.0
332 0 50 0 1.0 0.0
333 0 6 0 14.696938456699069 0.0
334 0 50 0 1.0 0.0
335 0 5 0 11.180339887498949 0.0
336 0 5 0 11.180339887498949 0.0
337 0 5 0 11.180339887498949 0.0
338 0 10 0 31.622776601683793 0.0
339 0 5 0 11.180339887498949 0.0
340 0 50 0 1.0 0.0
341 0 6 0 14.696938456699069 0.0
342 1 53 4 5.196152422706632 20.784609690826528
343 0 6 0 14.696938456699069 0.0
344 0 5 0 11.180339887498949 0.0
345 0 50 0 1.0 0.0
346 0 5 0 11.180339887498949 0.0
347 0 6 0 14.696938456699069 0.0
348 0 5 0 11.180339887498949 0.0
349 0 5 0 11.180339887498949 0.0
350 0 5 0 11.180339887498949 0.0
351 0 6 0 14.696938456699069 0.0
352 0 6 0 14.696938456699069 0.0
353 0 5 0 11.180339887498949 0.0
354 0 5 0 11.180339887498949 0.0
355 0 6 0 14.696938456699069 0.0
356 0 50 0 1.0 0.0
357 0 5 0 11.180339887498949 0.0
358 0 7 0 18.520259177452132 0.0
359 0 6 0 14.696938456699069 0.0
360 0 50 0 1.0 0.0
361 0 5 0 11.180339887498949 0.0
362 0 5 0 11.180339887498949 0.0
363 0 6 0 14.696938456699069 0.0
364 0 6 0 14.696938456699069 0.0
365 0 5 0 11.180339887498949 0.0
366 0 6 0 14.696938456699069 0.0
367 0 5 0 11.180339887498949 0.0
368 0 5 0 11.180339887498949 0.0
369 0 7 0 18.520259177452132 0.0
370 0 5 0 11.180339887498949 0.0
371 0 5 0 11.180339887498949 0.0
372 0 5 0 11.180339887498949 0.0
373 0 5 0 11.180339887498949 0.0
374 0 6 0 14.696938456699069 0.0
375 0 6 0 14.696938456699069 0.0
376 0 6 0 14.696938456699069 0.0
377 0 6 0 14.696938456699069 0.0
378 0 6 0 14.696938456699069 0.0
379 0 5 0 11.180339887498949 0.0
380 0 5 0 11.180339887498949 0.0
381 0 5 0 11.180339887498949 0.0
382 0 5 0 11.180339887498949 0.0
383 0 6 0 14.696938456699069 0.0
384 0 6 0 14.696938456699069 0.0
385 0 6 0 14.696938456699069 0.0
386 0 6 0 14.696938456699069 0.0
387 0 5 0 11.180339887498949 0.0
388 0 6 0 14.696938456699069 0.0
389 0 5 0 11.180339887498949 0.0
390 0 6 0 14.696938456699069 0.0
391 0 5 0 11.180339887498949 0.0
392 0 6 0 14.696938456699069 0.0
393 0 50 0 1.0 0.0
394 0 6 0 14.696938456699069 0.0
395 0 6 0 14.696938456699069 0.0
396 0 6 0 14.696938456699069 0.0
397 0 50 0 1.0 0.0
398 0 6 0 14.696938456699069 0.0
399 0 6 0 14.696938456699069 0.0
1's generation fitness ratios and roulette cutoffs:
232.379000772445 1494.2964141812843 3.7357410354532106 0.0 0.0
232.379000772445 1494.2964141812843 3.7357410354532106 0.0 0.0
232.379000772445 1494.2964141812843 3.7357410354532106 0.0 0.0
232.379000772445 1494.2964141812843 3.7357410354532106 0.0 0.0
232.379000772445 1494.2964141812843 3.7357410354532106 0.0 0.0
232.379000772445 1494.2964141812843 3.7357410354532106 0.0 0.0
232.379000772445 1494.2964141812843 3.7357410354532106 0.08464927386982914 0.08464927386982914
232.379000772445 1494.2964141812843 3.7357410354532106 0.03934142735596787 0.123990701225797
232.379000772445 1494.2964141812843 3.7357410354532106 0.0 0.123990701225797
232.379000772445 1494.2964141812843 3.7357410354532106 0.0 0.123990701225797
232.379000772445 1494.2964141812843 3.7357410354532106 0.0 0.123990701225797
232.379000772445 1494.2964141812843 3.7357410354532106 0.0 0.123990701225797
232.379000772445 1494.2964141812843 3.7357410354532106 0.0 0.123990701225797
232.379000772445 1494.2964141812843 3.7357410354532106 0.0 0.123990701225797
232.379000772445 1494.2964141812843 3.7357410354532106 0.0 0.123990701225797
232.379000772445 1494.2964141812843 3.7357410354532106 0.0 0.123990701225797
232.379000772445 1494.2964141812843 3.7357410354532106 0.0 0.123990701225797
232.379000772445 1494.2964141812843 3.7357410354532106 0.0 0.123990701225797
232.379000772445 1494.2964141812843 3.7357410354532106 0.0 0.123990701225797
232.379000772445 1494.2964141812843 3.7357410354532106 0.0 0.123990701225797
232.379000772445 1494.2964141812843 3.7357410354532106 0.0 0.123990701225797
232.379000772445 1494.2964141812843 3.7357410354532106 0.0 0.123990701225797
232.379000772445 1494.2964141812843 3.7357410354532106 0.0 0.123990701225797
232.379000772445 1494.2964141812843 3.7357410354532106 0.0 0.123990701225797
232.379000772445 1494.2964141812843 3.7357410354532106 0.0 0.123990701225797
232.379000772445 1494.2964141812843 3.7357410354532106 0.0 0.123990701225797
232.379000772445 1494.2964141812843 3.7357410354532106 0.0 0.123990701225797
232.379000772445 1494.2964141812843 3.7357410354532106 0.0 0.123990701225797
232.379000772445 1494.2964141812843 3.7357410354532106 0.0 0.123990701225797
232.379000772445 1494.2964141812843 3.7357410354532106 0.0 0.123990701225797
232.379000772445 1494.2964141812843 3.7357410354532106 0.0 0.123990701225797
232.379000772445 1494.2964141812843 3.7357410354532106 0.0 0.123990701225797
232.379000772445 1494.2964141812843 3.7357410354532106 0.0 0.123990701225797
232.379000772445 1494.2964141812843 3.7357410354532106 0.0 0.123990701225797
232.379000772445 1494.2964141812843 3.7357410354532106 0.0 0.123990701225797
232.379000772445 1494.2964141812843 3.7357410354532106 0.0 0.123990701225797
232.379000772445 1494.2964141812843 3.7357410354532106 0.0 0.123990701225797
232.379000772445 1494.2964141812843 3.7357410354532106 0.0 0.123990701225797
232.379000772445 1494.2964141812843 3.7357410354532106 0.0 0.123990701225797
232.379000772445 1494.2964141812843 3.7357410354532106 0.0 0.123990701225797
232.379000772445 1494.2964141812843 3.7357410354532106 0.0 0.123990701225797
232.379000772445 1494.2964141812843 3.7357410354532106 0.0 0.123990701225797
232.379000772445 1494.2964141812843 3.7357410354532106 0.0 0.123990701225797
232.379000772445 1494.2964141812843 3.7357410354532106 0.09765899816844073 0.22164969939423773
232.379000772445 1494.2964141812843 3.7357410354532106 0.0 0.22164969939423773
232.379000772445 1494.2964141812843 3.7357410354532106 0.0 0.22164969939423773
232.379000772445 1494.2964141812843 3.7357410354532106 0.0 0.22164969939423773
232.379000772445 1494.2964141812843 3.7357410354532106 0.0 0.22164969939423773
232.379000772445 1494.2964141812843 3.7357410354532106 0.0 0.22164969939423773
232.379000772445 1494.2964141812843 3.7357410354532106 0.0 0.22164969939423773
232.379000772445 1494.2964141812843 3.7357410354532106 0.0 0.22164969939423773
232.379000772445 1494.2964141812843 3.7357410354532106 0.0 0.22164969939423773
232.379000772445 1494.2964141812843 3.7357410354532106 0.0 0.22164969939423773
232.379000772445 1494.2964141812843 3.7357410354532106 0.0 0.22164969939423773
232.379000772445 1494.2964141812843 3.7357410354532106 0.0 0.22164969939423773
232.379000772445 1494.2964141812843 3.7357410354532106 0.0 0.22164969939423773
232.379000772445 1494.2964141812843 3.7357410354532106 0.0 0.22164969939423773
232.379000772445 1494.2964141812843 3.7357410354532106 0.0 0.22164969939423773
232.379000772445 1494.2964141812843 3.7357410354532106 0.0 0.22164969939423773
232.379000772445 1494.2964141812843 3.7357410354532106 0.0 0.22164969939423773
232.379000772445 1494.2964141812843 3.7357410354532106 0.0 0.22164969939423773
232.379000772445 1494.2964141812843 3.7357410354532106 0.0 0.22164969939423773
232.379000772445 1494.2964141812843 3.7357410354532106 0.0 0.22164969939423773
232.379000772445 1494.2964141812843 3.7357410354532106 0.0 0.22164969939423773
232.379000772445 1494.2964141812843 3.7357410354532106 0.03934142735596787 0.2609911267502056
232.379000772445 1494.2964141812843 3.7357410354532106 0.0 0.2609911267502056
232.379000772445 1494.2964141812843 3.7357410354532106 0.0 0.2609911267502056
232.379000772445 1494.2964141812843 3.7357410354532106 0.0 0.2609911267502056
232.379000772445 1494.2964141812843 3.7357410354532106 0.0 0.2609911267502056
232.379000772445 1494.2964141812843 3.7357410354532106 0.0 0.2609911267502056
232.379000772445 1494.2964141812843 3.7357410354532106 0.0 0.2609911267502056
232.379000772445 1494.2964141812843 3.7357410354532106 0.0 0.2609911267502056
232.379000772445 1494.2964141812843 3.7357410354532106 0.0 0.2609911267502056
232.379000772445 1494.2964141812843 3.7357410354532106 0.0 0.2609911267502056
232.379000772445 1494.2964141812843 3.7357410354532106 0.03934142735596787 0.30033255410617343
232.379000772445 1494.2964141812843 3.7357410354532106 0.0 0.30033255410617343
232.379000772445 1494.2964141812843 3.7357410354532106 0.0 0.30033255410617343
232.379000772445 1494.2964141812843 3.7357410354532106 0.0 0.30033255410617343
232.379000772445 1494.2964141812843 3.7357410354532106 0.0 0.30033255410617343
232.379000772445 1494.2964141812843 3.7357410354532106 0.0 0.30033255410617343
232.379000772445 1494.2964141812843 3.7357410354532106 0.0 0.30033255410617343
232.379000772445 1494.2964141812843 3.7357410354532106 0.0 0.30033255410617343
232.379000772445 1494.2964141812843 3.7357410354532106 0.0 0.30033255410617343
232.379000772445 1494.2964141812843 3.7357410354532106 0.0 0.30033255410617343
232.379000772445 1494.2964141812843 3.7357410354532106 0.0 0.30033255410617343
232.379000772445 1494.2964141812843 3.7357410354532106 0.0 0.30033255410617343
232.379000772445 1494.2964141812843 3.7357410354532106 0.0 0.30033255410617343
232.379000772445 1494.2964141812843 3.7357410354532106 0.0 0.30033255410617343
232.379000772445 1494.2964141812843 3.7357410354532106 0.0 0.30033255410617343
232.379000772445 1494.2964141812843 3.7357410354532106 0.0 0.30033255410617343
232.379000772445 1494.2964141812843 3.7357410354532106 0.0 0.30033255410617343
232.379000772445 1494.2964141812843 3.7357410354532106 0.0 0.30033255410617343
232.379000772445 1494.2964141812843 3.7357410354532106 0.0 0.30033255410617343
232.379000772445 1494.2964141812843 3.7357410354532106 0.0 0.30033255410617343
232.379000772445 1494.2964141812843 3.7357410354532106 0.0 0.30033255410617343
232.379000772445 1494.2964141812843 3.7357410354532106 0.0 0.30033255410617343
232.379000772445 1494.2964141812843 3.7357410354532106 0.0 0.30033255410617343
232.379000772445 1494.2964141812843 3.7357410354532106 0.0 0.30033255410617343
232.379000772445 1494.2964141812843 3.7357410354532106 0.0 0.30033255410617343
232.379000772445 1494.2964141812843 3.7357410354532106 0.0 0.30033255410617343
232.379000772445 1494.2964141812843 3.7357410354532106 0.15551064605864293 0.4558432001648164
232.379000772445 1494.2964141812843 3.7357410354532106 0.0 0.4558432001648164
232.379000772445 1494.2964141812843 3.7357410354532106 0.0 0.4558432001648164
232.379000772445 1494.2964141812843 3.7357410354532106 0.0 0.4558432001648164
232.379000772445 1494.2964141812843 3.7357410354532106 0.0 0.4558432001648164
232.379000772445 1494.2964141812843 3.7357410354532106 0.0 0.4558432001648164
232.379000772445 1494.2964141812843 3.7357410354532106 0.0 0.4558432001648164
232.379000772445 1494.2964141812843 3.7357410354532106 0.0 0.4558432001648164
232.379000772445 1494.2964141812843 3.7357410354532106 0.0 0.4558432001648164
232.379000772445 1494.2964141812843 3.7357410354532106 0.0 0.4558432001648164
232.379000772445 1494.2964141812843 3.7357410354532106 0.0 0.4558432001648164
232.379000772445 1494.2964141812843 3.7357410354532106 0.0 0.4558432001648164
232.379000772445 1494.2964141812843 3.7357410354532106 0.0 0.4558432001648164
232.379000772445 1494.2964141812843 3.7357410354532106 0.0 0.4558432001648164
232.379000772445 1494.2964141812843 3.7357410354532106 0.0 0.4558432001648164
232.379000772445 1494.2964141812843 3.7357410354532106 0.0 0.4558432001648164
232.379000772445 1494.2964141812843 3.7357410354532106 0.0 0.4558432001648164
232.379000772445 1494.2964141812843 3.7357410354532106 0.0 0.4558432001648164
232.379000772445 1494.2964141812843 3.7357410354532106 0.0 0.4558432001648164
232.379000772445 1494.2964141812843 3.7357410354532106 0.0 0.4558432001648164
232.379000772445 1494.2964141812843 3.7357410354532106 0.09765899816844073 0.5535021983332571
232.379000772445 1494.2964141812843 3.7357410354532106 0.0 0.5535021983332571
232.379000772445 1494.2964141812843 3.7357410354532106 0.0 0.5535021983332571
232.379000772445 1494.2964141812843 3.7357410354532106 0.0 0.5535021983332571
232.379000772445 1494.2964141812843 3.7357410354532106 0.0 0.5535021983332571
232.379000772445 1494.2964141812843 3.7357410354532106 0.0 0.5535021983332571
232.379000772445 1494.2964141812843 3.7357410354532106 0.0 0.5535021983332571
232.379000772445 1494.2964141812843 3.7357410354532106 0.0 0.5535021983332571
232.379000772445 1494.2964141812843 3.7357410354532106 0.0 0.5535021983332571
232.379000772445 1494.2964141812843 3.7357410354532106 0.0 0.5535021983332571
232.379000772445 1494.2964141812843 3.7357410354532106 0.0 0.5535021983332571
232.379000772445 1494.2964141812843 3.7357410354532106 0.0 0.5535021983332571
232.379000772445 1494.2964141812843 3.7357410354532106 0.0 0.5535021983332571
232.379000772445 1494.2964141812843 3.7357410354532106 0.0 0.5535021983332571
232.379000772445 1494.2964141812843 3.7357410354532106 0.0 0.5535021983332571
232.379000772445 1494.2964141812843 3.7357410354532106 0.0 0.5535021983332571
232.379000772445 1494.2964141812843 3.7357410354532106 0.0 0.5535021983332571
232.379000772445 1494.2964141812843 3.7357410354532106 0.0 0.5535021983332571
232.379000772445 1494.2964141812843 3.7357410354532106 0.0 0.5535021983332571
232.379000772445 1494.2964141812843 3.7357410354532106 0.0 0.5535021983332571
232.379000772445 1494.2964141812843 3.7357410354532106 0.0 0.5535021983332571
232.379000772445 1494.2964141812843 3.7357410354532106 0.0 0.5535021983332571
232.379000772445 1494.2964141812843 3.7357410354532106 0.0 0.5535021983332571
232.379000772445 1494.2964141812843 3.7357410354532106 0.0 0.5535021983332571
232.379000772445 1494.2964141812843 3.7357410354532106 0.0 0.5535021983332571
232.379000772445 1494.2964141812843 3.7357410354532106 0.0 0.5535021983332571
232.379000772445 1494.2964141812843 3.7357410354532106 0.03934142735596787 0.592843625689225
232.379000772445 1494.2964141812843 3.7357410354532106 0.0 0.592843625689225
232.379000772445 1494.2964141812843 3.7357410354532106 0.029928037787936707 0.6227716634771617
232.379000772445 1494.2964141812843 3.7357410354532106 0.0 0.6227716634771617
232.379000772445 1494.2964141812843 3.7357410354532106 0.0 0.6227716634771617
232.379000772445 1494.2964141812843 3.7357410354532106 0.0 0.6227716634771617
232.379000772445 1494.2964141812843 3.7357410354532106 0.0 0.6227716634771617
232.379000772445 1494.2964141812843 3.7357410354532106 0.0 0.6227716634771617
232.379000772445 1494.2964141812843 3.7357410354532106 0.0 0.6227716634771617
232.379000772445 1494.2964141812843 3.7357410354532106 0.0 0.6227716634771617
232.379000772445 1494.2964141812843 3.7357410354532106 0.0 0.6227716634771617
232.379000772445 1494.2964141812843 3.7357410354532106 0.0 0.6227716634771617
232.379000772445 1494.2964141812843 3.7357410354532106 0.0 0.6227716634771617
232.379000772445 1494.2964141812843 3.7357410354532106 0.0 0.6227716634771617
232.379000772445 1494.2964141812843 3.7357410354532106 0.0 0.6227716634771617
232.379000772445 1494.2964141812843 3.7357410354532106 0.0 0.6227716634771617
232.379000772445 1494.2964141812843 3.7357410354532106 0.0 0.6227716634771617
232.379000772445 1494.2964141812843 3.7357410354532106 0.0 0.6227716634771617
232.379000772445 1494.2964141812843 3.7357410354532106 0.0 0.6227716634771617
232.379000772445 1494.2964141812843 3.7357410354532106 0.0 0.6227716634771617
232.379000772445 1494.2964141812843 3.7357410354532106 0.0 0.6227716634771617
232.379000772445 1494.2964141812843 3.7357410354532106 0.0 0.6227716634771617
232.379000772445 1494.2964141812843 3.7357410354532106 0.0 0.6227716634771617
232.379000772445 1494.2964141812843 3.7357410354532106 0.0 0.6227716634771617
232.379000772445 1494.2964141812843 3.7357410354532106 0.0 0.6227716634771617
232.379000772445 1494.2964141812843 3.7357410354532106 0.0 0.6227716634771617
232.379000772445 1494.2964141812843 3.7357410354532106 0.0 0.6227716634771617
232.379000772445 1494.2964141812843 3.7357410354532106 0.029928037787936707 0.6526997012650985
232.379000772445 1494.2964141812843 3.7357410354532106 0.0 0.6526997012650985
232.379000772445 1494.2964141812843 3.7357410354532106 0.0 0.6526997012650985
232.379000772445 1494.2964141812843 3.7357410354532106 0.0 0.6526997012650985
232.379000772445 1494.2964141812843 3.7357410354532106 0.0 0.6526997012650985
232.379000772445 1494.2964141812843 3.7357410354532106 0.0 0.6526997012650985
232.379000772445 1494.2964141812843 3.7357410354532106 0.0 0.6526997012650985
232.379000772445 1494.2964141812843 3.7357410354532106 0.0 0.6526997012650985
232.379000772445 1494.2964141812843 3.7357410354532106 0.0 0.6526997012650985
232.379000772445 1494.2964141812843 3.7357410354532106 0.0 0.6526997012650985
232.379000772445 1494.2964141812843 3.7357410354532106 0.0 0.6526997012650985
232.379000772445 1494.2964141812843 3.7357410354532106 0.0 0.6526997012650985
232.379000772445 1494.2964141812843 3.7357410354532106 0.0 0.6526997012650985
232.379000772445 1494.2964141812843 3.7357410354532106 0.0 0.6526997012650985
232.379000772445 1494.2964141812843 3.7357410354532106 0.0 0.6526997012650985
232.379000772445 1494.2964141812843 3.7357410354532106 0.0 0.6526997012650985
232.379000772445 1494.2964141812843 3.7357410354532106 0.0 0.6526997012650985
232.379000772445 1494.2964141812843 3.7357410354532106 0.0 0.6526997012650985
232.379000772445 1494.2964141812843 3.7357410354532106 0.0 0.6526997012650985
232.379000772445 1494.2964141812843 3.7357410354532106 0.0 0.6526997012650985
232.379000772445 1494.2964141812843 3.7357410354532106 0.0 0.6526997012650985
232.379000772445 1494.2964141812843 3.7357410354532106 0.0 0.6526997012650985
232.379000772445 1494.2964141812843 3.7357410354532106 0.0 0.6526997012650985
232.379000772445 1494.2964141812843 3.7357410354532106 0.0 0.6526997012650985
232.379000772445 1494.2964141812843 3.7357410354532106 0.03934142735596787 0.6920411286210664
232.379000772445 1494.2964141812843 3.7357410354532106 0.0 0.6920411286210664
232.379000772445 1494.2964141812843 3.7357410354532106 0.0 0.6920411286210664
232.379000772445 1494.2964141812843 3.7357410354532106 0.0 0.6920411286210664
232.379000772445 1494.2964141812843 3.7357410354532106 0.0 0.6920411286210664
232.379000772445 1494.2964141812843 3.7357410354532106 0.0 0.6920411286210664
232.379000772445 1494.2964141812843 3.7357410354532106 0.0 0.6920411286210664
232.379000772445 1494.2964141812843 3.7357410354532106 0.0 0.6920411286210664
232.379000772445 1494.2964141812843 3.7357410354532106 0.0 0.6920411286210664
232.379000772445 1494.2964141812843 3.7357410354532106 0.0 0.6920411286210664
232.379000772445 1494.2964141812843 3.7357410354532106 0.0 0.6920411286210664
232.379000772445 1494.2964141812843 3.7357410354532106 0.0 0.6920411286210664
232.379000772445 1494.2964141812843 3.7357410354532106 0.0 0.6920411286210664
232.379000772445 1494.2964141812843 3.7357410354532106 0.0 0.6920411286210664
232.379000772445 1494.2964141812843 3.7357410354532106 0.0 0.6920411286210664
232.379000772445 1494.2964141812843 3.7357410354532106 0.0 0.6920411286210664
232.379000772445 1494.2964141812843 3.7357410354532106 0.0 0.6920411286210664
232.379000772445 1494.2964141812843 3.7357410354532106 0.0 0.6920411286210664
232.379000772445 1494.2964141812843 3.7357410354532106 0.0 0.6920411286210664
232.379000772445 1494.2964141812843 3.7357410354532106 0.0 0.6920411286210664
232.379000772445 1494.2964141812843 3.7357410354532106 0.0 0.6920411286210664
232.379000772445 1494.2964141812843 3.7357410354532106 0.0 0.6920411286210664
232.379000772445 1494.2964141812843 3.7357410354532106 0.0 0.6920411286210664
232.379000772445 1494.2964141812843 3.7357410354532106 0.0 0.6920411286210664
232.379000772445 1494.2964141812843 3.7357410354532106 0.0 0.6920411286210664
232.379000772445 1494.2964141812843 3.7357410354532106 0.0 0.6920411286210664
232.379000772445 1494.2964141812843 3.7357410354532106 0.0 0.6920411286210664
232.379000772445 1494.2964141812843 3.7357410354532106 0.0 0.6920411286210664
232.379000772445 1494.2964141812843 3.7357410354532106 0.0 0.6920411286210664
232.379000772445 1494.2964141812843 3.7357410354532106 0.0 0.6920411286210664
232.379000772445 1494.2964141812843 3.7357410354532106 0.0 0.6920411286210664
232.379000772445 1494.2964141812843 3.7357410354532106 0.0 0.6920411286210664
232.379000772445 1494.2964141812843 3.7357410354532106 0.0 0.6920411286210664
232.379000772445 1494.2964141812843 3.7357410354532106 0.0 0.6920411286210664
232.379000772445 1494.2964141812843 3.7357410354532106 0.0 0.6920411286210664
232.379000772445 1494.2964141812843 3.7357410354532106 0.0 0.6920411286210664
232.379000772445 1494.2964141812843 3.7357410354532106 0.0 0.6920411286210664
232.379000772445 1494.2964141812843 3.7357410354532106 0.0 0.6920411286210664
232.379000772445 1494.2964141812843 3.7357410354532106 0.0 0.6920411286210664
232.379000772445 1494.2964141812843 3.7357410354532106 0.0 0.6920411286210664
232.379000772445 1494.2964141812843 3.7357410354532106 0.0 0.6920411286210664
232.379000772445 1494.2964141812843 3.7357410354532106 0.0 0.6920411286210664
232.379000772445 1494.2964141812843 3.7357410354532106 0.0 0.6920411286210664
232.379000772445 1494.2964141812843 3.7357410354532106 0.0 0.6920411286210664
232.379000772445 1494.2964141812843 3.7357410354532106 0.0 0.6920411286210664
232.379000772445 1494.2964141812843 3.7357410354532106 0.0 0.6920411286210664
232.379000772445 1494.2964141812843 3.7357410354532106 0.0 0.6920411286210664
232.379000772445 1494.2964141812843 3.7357410354532106 0.0 0.6920411286210664
232.379000772445 1494.2964141812843 3.7357410354532106 0.0 0.6920411286210664
232.379000772445 1494.2964141812843 3.7357410354532106 0.0 0.6920411286210664
232.379000772445 1494.2964141812843 3.7357410354532106 0.0 0.6920411286210664
232.379000772445 1494.2964141812843 3.7357410354532106 0.0 0.6920411286210664
232.379000772445 1494.2964141812843 3.7357410354532106 0.0 0.6920411286210664
232.379000772445 1494.2964141812843 3.7357410354532106 0.0 0.6920411286210664
232.379000772445 1494.2964141812843 3.7357410354532106 0.0 0.6920411286210664
232.379000772445 1494.2964141812843 3.7357410354532106 0.0 0.6920411286210664
232.379000772445 1494.2964141812843 3.7357410354532106 0.0 0.6920411286210664
232.379000772445 1494.2964141812843 3.7357410354532106 0.0 0.6920411286210664
232.379000772445 1494.2964141812843 3.7357410354532106 0.0 0.6920411286210664
232.379000772445 1494.2964141812843 3.7357410354532106 0.0 0.6920411286210664
232.379000772445 1494.2964141812843 3.7357410354532106 0.0 0.6920411286210664
232.379000772445 1494.2964141812843 3.7357410354532106 0.0 0.6920411286210664
232.379000772445 1494.2964141812843 3.7357410354532106 0.0 0.6920411286210664
232.379000772445 1494.2964141812843 3.7357410354532106 0.0 0.6920411286210664
232.379000772445 1494.2964141812843 3.7357410354532106 0.0 0.6920411286210664
232.379000772445 1494.2964141812843 3.7357410354532106 0.0 0.6920411286210664
232.379000772445 1494.2964141812843 3.7357410354532106 0.0 0.6920411286210664
232.379000772445 1494.2964141812843 3.7357410354532106 0.0 0.6920411286210664
232.379000772445 1494.2964141812843 3.7357410354532106 0.0 0.6920411286210664
232.379000772445 1494.2964141812843 3.7357410354532106 0.0 0.6920411286210664
232.379000772445 1494.2964141812843 3.7357410354532106 0.029928037787936707 0.7219691664090031
232.379000772445 1494.2964141812843 3.7357410354532106 0.0 0.7219691664090031
232.379000772445 1494.2964141812843 3.7357410354532106 0.0 0.7219691664090031
232.379000772445 1494.2964141812843 3.7357410354532106 0.0 0.7219691664090031
232.379000772445 1494.2964141812843 3.7357410354532106 0.15551064605864293 0.8774798124676461
232.379000772445 1494.2964141812843 3.7357410354532106 0.0 0.8774798124676461
232.379000772445 1494.2964141812843 3.7357410354532106 0.0 0.8774798124676461
232.379000772445 1494.2964141812843 3.7357410354532106 0.0 0.8774798124676461
232.379000772445 1494.2964141812843 3.7357410354532106 0.0 0.8774798124676461
232.379000772445 1494.2964141812843 3.7357410354532106 0.0 0.8774798124676461
232.379000772445 1494.2964141812843 3.7357410354532106 0.0 0.8774798124676461
232.379000772445 1494.2964141812843 3.7357410354532106 0.0 0.8774798124676461
232.379000772445 1494.2964141812843 3.7357410354532106 0.0 0.8774798124676461
232.379000772445 1494.2964141812843 3.7357410354532106 0.0 0.8774798124676461
232.379000772445 1494.2964141812843 3.7357410354532106 0.0 0.8774798124676461
232.379000772445 1494.2964141812843 3.7357410354532106 0.0 0.8774798124676461
232.379000772445 1494.2964141812843 3.7357410354532106 0.0 0.8774798124676461
232.379000772445 1494.2964141812843 3.7357410354532106 0.0 0.8774798124676461
232.379000772445 1494.2964141812843 3.7357410354532106 0.0 0.8774798124676461
232.379000772445 1494.2964141812843 3.7357410354532106 0.029928037787936707 0.9074078502555828
232.379000772445 1494.2964141812843 3.7357410354532106 0.0 0.9074078502555828
232.379000772445 1494.2964141812843 3.7357410354532106 0.0 0.9074078502555828
232.379000772445 1494.2964141812843 3.7357410354532106 0.0 0.9074078502555828
232.379000772445 1494.2964141812843 3.7357410354532106 0.0 0.9074078502555828
232.379000772445 1494.2964141812843 3.7357410354532106 0.0 0.9074078502555828
232.379000772445 1494.2964141812843 3.7357410354532106 0.0 0.9074078502555828
232.379000772445 1494.2964141812843 3.7357410354532106 0.0 0.9074078502555828
232.379000772445 1494.2964141812843 3.7357410354532106 0.0 0.9074078502555828
232.379000772445 1494.2964141812843 3.7357410354532106 0.0 0.9074078502555828
232.379000772445 1494.2964141812843 3.7357410354532106 0.0 0.9074078502555828
232.379000772445 1494.2964141812843 3.7357410354532106 0.0 0.9074078502555828
232.379000772445 1494.2964141812843 3.7357410354532106 0.0 0.9074078502555828
232.379000772445 1494.2964141812843 3.7357410354532106 0.0 0.9074078502555828
232.379000772445 1494.2964141812843 3.7357410354532106 0.0 0.9074078502555828
232.379000772445 1494.2964141812843 3.7357410354532106 0.0 0.9074078502555828
232.379000772445 1494.2964141812843 3.7357410354532106 0.0 0.9074078502555828
232.379000772445 1494.2964141812843 3.7357410354532106 0.0 0.9074078502555828
232.379000772445 1494.2964141812843 3.7357410354532106 0.0 0.9074078502555828
232.379000772445 1494.2964141812843 3.7357410354532106 0.0 0.9074078502555828
232.379000772445 1494.2964141812843 3.7357410354532106 0.0 0.9074078502555828
232.379000772445 1494.2964141812843 3.7357410354532106 0.0 0.9074078502555828
232.379000772445 1494.2964141812843 3.7357410354532106 0.0 0.9074078502555828
232.379000772445 1494.2964141812843 3.7357410354532106 0.0 0.9074078502555828
232.379000772445 1494.2964141812843 3.7357410354532106 0.0 0.9074078502555828
232.379000772445 1494.2964141812843 3.7357410354532106 0.0 0.9074078502555828
232.379000772445 1494.2964141812843 3.7357410354532106 0.0 0.9074078502555828
232.379000772445 1494.2964141812843 3.7357410354532106 0.0 0.9074078502555828
232.379000772445 1494.2964141812843 3.7357410354532106 0.0 0.9074078502555828
232.379000772445 1494.2964141812843 3.7357410354532106 0.0 0.9074078502555828
232.379000772445 1494.2964141812843 3.7357410354532106 0.0 0.9074078502555828
232.379000772445 1494.2964141812843 3.7357410354532106 0.0 0.9074078502555828
232.379000772445 1494.2964141812843 3.7357410354532106 0.03934142735596787 0.9467492776115507
232.379000772445 1494.2964141812843 3.7357410354532106 0.0 0.9467492776115507
232.379000772445 1494.2964141812843 3.7357410354532106 0.0 0.9467492776115507
232.379000772445 1494.2964141812843 3.7357410354532106 0.0 0.9467492776115507
232.379000772445 1494.2964141812843 3.7357410354532106 0.0 0.9467492776115507
232.379000772445 1494.2964141812843 3.7357410354532106 0.0 0.9467492776115507
232.379000772445 1494.2964141812843 3.7357410354532106 0.0 0.9467492776115507
232.379000772445 1494.2964141812843 3.7357410354532106 0.0 0.9467492776115507
232.379000772445 1494.2964141812843 3.7357410354532106 0.0 0.9467492776115507
232.379000772445 1494.2964141812843 3.7357410354532106 0.0 0.9467492776115507
232.379000772445 1494.2964141812843 3.7357410354532106 0.03934142735596787 0.9860907049675186
232.379000772445 1494.2964141812843 3.7357410354532106 0.0 0.9860907049675186
232.379000772445 1494.2964141812843 3.7357410354532106 0.0 0.9860907049675186
232.379000772445 1494.2964141812843 3.7357410354532106 0.0 0.9860907049675186
232.379000772445 1494.2964141812843 3.7357410354532106 0.0 0.9860907049675186
232.379000772445 1494.2964141812843 3.7357410354532106 0.0 0.9860907049675186
232.379000772445 1494.2964141812843 3.7357410354532106 0.0 0.9860907049675186
232.379000772445 1494.2964141812843 3.7357410354532106 0.0 0.9860907049675186
232.379000772445 1494.2964141812843 3.7357410354532106 0.0 0.9860907049675186
232.379000772445 1494.2964141812843 3.7357410354532106 0.0 0.9860907049675186
232.379000772445 1494.2964141812843 3.7357410354532106 0.0 0.9860907049675186
232.379000772445 1494.2964141812843 3.7357410354532106 0.0 0.9860907049675186
232.379000772445 1494.2964141812843 3.7357410354532106 0.0 0.9860907049675186
232.379000772445 1494.2964141812843 3.7357410354532106 0.0 0.9860907049675186
232.379000772445 1494.2964141812843 3.7357410354532106 0.013909295032481415 1.0
232.379000772445 1494.2964141812843 3.7357410354532106 0.0 1.0
232.379000772445 1494.2964141812843 3.7357410354532106 0.0 1.0
232.379000772445 1494.2964141812843 3.7357410354532106 0.0 1.0
232.379000772445 1494.2964141812843 3.7357410354532106 0.0 1.0
232.379000772445 1494.2964141812843 3.7357410354532106 0.0 1.0
232.379000772445 1494.2964141812843 3.7357410354532106 0.0 1.0
232.379000772445 1494.2964141812843 3.7357410354532106 0.0 1.0
232.379000772445 1494.2964141812843 3.7357410354532106 0.0 1.0
232.379000772445 1494.2964141812843 3.7357410354532106 0.0 1.0
232.379000772445 1494.2964141812843 3.7357410354532106 0.0 1.0
232.379000772445 1494.2964141812843 3.7357410354532106 0.0 1.0
232.379000772445 1494.2964141812843 3.7357410354532106 0.0 1.0
232.379000772445 1494.2964141812843 3.7357410354532106 0.0 1.0
232.379000772445 1494.2964141812843 3.7357410354532106 0.0 1.0
232.379000772445 1494.2964141812843 3.7357410354532106 0.0 1.0
232.379000772445 1494.2964141812843 3.7357410354532106 0.0 1.0
232.379000772445 1494.2964141812843 3.7357410354532106 0.0 1.0
232.379000772445 1494.2964141812843 3.7357410354532106 0.0 1.0
232.379000772445 1494.2964141812843 3.7357410354532106 0.0 1.0
232.379000772445 1494.2964141812843 3.7357410354532106 0.0 1.0
232.379000772445 1494.2964141812843 3.7357410354532106 0.0 1.0
232.379000772445 1494.2964141812843 3.7357410354532106 0.0 1.0
232.379000772445 1494.2964141812843 3.7357410354532106 0.0 1.0
232.379000772445 1494.2964141812843 3.7357410354532106 0.0 1.0
232.379000772445 1494.2964141812843 3.7357410354532106 0.0 1.0
232.379000772445 1494.2964141812843 3.7357410354532106 0.0 1.0
232.379000772445 1494.2964141812843 3.7357410354532106 0.0 1.0
232.379000772445 1494.2964141812843 3.7357410354532106 0.0 1.0
232.379000772445 1494.2964141812843 3.7357410354532106 0.0 1.0
232.379000772445 1494.2964141812843 3.7357410354532106 0.0 1.0
232.379000772445 1494.2964141812843 3.7357410354532106 0.0 1.0
232.379000772445 1494.2964141812843 3.7357410354532106 0.0 1.0
232.379000772445 1494.2964141812843 3.7357410354532106 0.0 1.0
232.379000772445 1494.2964141812843 3.7357410354532106 0.0 1.0
232.379000772445 1494.2964141812843 3.7357410354532106 0.0 1.0
232.379000772445 1494.2964141812843 3.7357410354532106 0.0 1.0
232.379000772445 1494.2964141812843 3.7357410354532106 0.0 1.0
232.379000772445 1494.2964141812843 3.7357410354532106 0.0 1.0
232.379000772445 1494.2964141812843 3.7357410354532106 0.0 1.0
232.379000772445 1494.2964141812843 3.7357410354532106 0.0 1.0
232.379000772445 1494.2964141812843 3.7357410354532106 0.0 1.0
232.379000772445 1494.2964141812843 3.7357410354532106 0.0 1.0
232.379000772445 1494.2964141812843 3.7357410354532106 0.0 1.0
232.379000772445 1494.2964141812843 3.7357410354532106 0.0 1.0
232.379000772445 1494.2964141812843 3.7357410354532106 0.0 1.0
232.379000772445 1494.2964141812843 3.7357410354532106 0.0 1.0
232.379000772445 1494.2964141812843 3.7357410354532106 0.0 1.0
232.379000772445 1494.2964141812843 3.7357410354532106 0.0 1.0
232.379000772445 1494.2964141812843 3.7357410354532106 0.0 1.0
232.379000772445 1494.2964141812843 3.7357410354532106 0.0 1.0
232.379000772445 1494.2964141812843 3.7357410354532106 0.0 1.0
232.379000772445 1494.2964141812843 3.7357410354532106 0.0 1.0
232.379000772445 1494.2964141812843 3.7357410354532106 0.0 1.0
232.379000772445 1494.2964141812843 3.7357410354532106 0.0 1.0
232.379000772445 1494.2964141812843 3.7357410354532106 0.0 1.0
232.379000772445 1494.2964141812843 3.7357410354532106 0.0 1.0
232.379000772445 1494.2964141812843 3.7357410354532106 0.0 1.0
1's generation extracting best parents:
0
0
0
0
0
0
126.49110640673517
58.787753826796276
0
0
0
0
0
0
0
0
0
0
0
0
0
0
0
0
0
0
0
0
0
0
0
0
0
0
0
0
0
0
0
0
0
0
0
145.9314907756376
0
0
0
0
0
0
0
0
0
0
0
0
0
0
0
0
0
0
0
0
58.787753826796276
0
0
0
0
0
0
0
0
0
58.787753826796276
0
0
0
0
0
0
0
0
0
0
0
0
0
0
0
0
0
0
0
0
0
0
0
0
0
232.379000772445
0
0
0
0
0
0
0
0
0
0
0
0
0
0
0
0
0
0
0
145.9314907756376
0
0
0
0
0
0
0
0
0
0
0
0
0
0
0
0
0
0
0
0
0
0
0
0
0
58.787753826796276
0
44.721359549995796
0
0
0
0
0
0
0
0
0
0
0
0
0
0
0
0
0
0
0
0
0
0
0
0
44.721359549995796
0
0
0
0
0
0
0
0
0
0
0
0
0
0
0
0
0
0
0
0
0
0
0
58.787753826796276
0
0
0
0
0
0
0
0
0
0
0
0
0
0
0
0
0
0
0
0
0
0
0
0
0
0
0
0
0
0
0
0
0
0
0
0
0
0
0
0
0
0
0
0
0
0
0
0
0
0
0
0
0
0
0
0
0
0
0
0
0
0
0
0
0
0
0
0
0
44.721359549995796
0
0
0
232.379000772445
0
0
0
0
0
0
0
0
0
0
0
0
0
0
44.721359549995796
0
0
0
0
0
0
0
0
0
0
0
0
0
0
0
0
0
0
0
0
0
0
0
0
0
0
0
0
0
0
0
58.787753826796276
0
0
0
0
0
0
0
0
0
58.787753826796276
0
0
0
0
0
0
0
0
0
0
0
0
0
20.784609690826528
0
0
0
0
0
0
0
0
0
0
0
0
0
0
0
0
0
0
0
0
0
0
0
0
0
0
0
0
0
0
0
0
0
0
0
0
0
0
0
0
0
0
0
0
0
0
0
0
0
0
0
0
0
0
0
0
0
