0 0 50 0 1.0 0.0
1 7 102 196 1030.1495037129318 201909.30272773464
2 0 50 0 1.0 0.0
3 4 82 64 742.5415813272682 47522.661204945165
4 5 110 100 464.75800154489 46475.800154489
5 1 43 4 281.96985654498604 1127.8794261799442
6 9 182 324 2455.3142365082317 795521.8126286671
7 10 130 400 1482.2280526288794 592891.2210515518
8 1 60 4 31.622776601683793 126.49110640673517
9 1 58 4 22.627416997969522 90.50966799187809
10 0 50 0 1.0 0.0
11 9 125 324 1397.5424859373686 452803.7654437074
12 2 35 16 207.06279240848656 3313.004678535785
13 1 6 4 14.696938456699069 58.787753826796276
14 0 50 0 1.0 0.0
15 0 50 0 1.0 0.0
16 4 38 64 234.2477321128211 14991.85485522055
17 1 33 4 189.57056733575496 758.2822693430198
18 0 50 0 1.0 0.0
19 1 12 4 41.569219381653056 166.27687752661222
20 0 50 0 1.0 0.0
21 1 28 4 148.16207341961706 592.6482936784682
22 0 50 0 1.0 0.0
23 1 5 4 11.180339887498949 44.721359549995796
24 1 52 4 2.8284271247461903 11.313708498984761
25 0 5 0 11.180339887498949 0.0
26 0 50 0 1.0 0.0
27 5 46 100 311.9871792237623 31198.717922376232
28 0 50 0 1.0 0.0
29 4 58 64 441.7148401401067 28269.749768966827
30 8 123 256 1364.1359902883582 349218.8135138197
31 2 40 16 252.98221281347034 4047.7154050155254
32 1 12 4 41.569219381653056 166.27687752661222
33 1 10 4 31.622776601683793 126.49110640673517
34 0 50 0 1.0 0.0
35 2 25 16 125.0 2000.0
36 0 50 0 1.0 0.0
37 0 50 0 1.0 0.0
38 0 50 0 1.0 0.0
39 8 80 256 715.5417527999327 183178.68871678278
40 4 93 64 281.96985654498604 18046.070818879107
41 0 50 0 1.0 0.0
42 1 10 4 31.622776601683793 126.49110640673517
43 2 30 16 164.31676725154983 2629.0682760247973
44 4 52 64 374.9773326482549 23998.549289488314
45 3 64 36 512.0 18432.0
46 2 54 16 396.81733833087486 6349.077413293998
47 1 55 4 11.180339887498949 44.721359549995796
48 0 5 0 11.180339887498949 0.0
49 2 24 16 117.57550765359255 1881.2081224574808
50 3 26 36 132.5745073534124 4772.682264722846
51 2 29 16 156.16977940690063 2498.71647051041
52 0 50 0 1.0 0.0
53 5 55 100 407.8909167902615 40789.09167902615
54 0 50 0 1.0 0.0
55 0 50 0 1.0 0.0
56 0 50 0 1.0 0.0
57 0 50 0 1.0 0.0
58 0 50 0 1.0 0.0
59 0 50 0 1.0 0.0
60 5 74 100 117.57550765359255 11757.550765359256
61 0 50 0 1.0 0.0
62 0 50 0 1.0 0.0
63 1 57 4 18.520259177452132 74.08103670980853
64 5 77 100 675.6722578291934 67567.22578291934
65 0 50 0 1.0 0.0
66 9 139 324 1638.785831034672 530966.6092552337
67 0 50 0 1.0 0.0
68 2 63 16 46.87216658103186 749.9546652965098
69 3 33 36 189.57056733575496 6824.5404240871785
70 0 50 0 1.0 0.0
71 0 50 0 1.0 0.0
72 6 337 144 811.4819776187269 116853.40477709667
73 3 95 36 301.8691769624716 10867.290370648978
74 8 67 256 548.4186357154541 140395.17074315625
75 0 50 0 1.0 0.0
76 0 50 0 1.0 0.0
77 10 73 400 623.7122734081797 249484.9093632719
78 0 50 0 1.0 0.0
79 0 50 0 1.0 0.0
80 0 50 0 1.0 0.0
81 1 55 4 11.180339887498949 44.721359549995796
82 5 109 100 453.18759912424787 45318.759912424786
83 9 143 324 1710.0312862634999 554050.136749374
84 6 60 144 464.75800154489 66925.15222246417
85 0 50 0 1.0 0.0
86 0 50 0 1.0 0.0
87 4 98 64 332.55375505322445 21283.440323406365
88 1 52 4 2.8284271247461903 11.313708498984761
89 0 10 0 31.622776601683793 0.0
90 2 46 16 311.9871792237623 4991.794867580197
91 0 50 0 1.0 0.0
92 1 50 4 1.0 4.0
93 8 337 256 811.4819776187269 207739.38627039408
94 1 12 4 41.569219381653056 166.27687752661222
95 1 10 4 31.622776601683793 126.49110640673517
96 1 27 4 140.29611541307906 561.1844616523163
97 0 50 0 1.0 0.0
98 0 50 0 1.0 0.0
99 0 50 0 1.0 0.0
100 1 15 4 58.09475019311125 232.379000772445
101 3 119 36 573.1570465413472 20633.6536754885
102 5 68 100 560.7423650840018 56074.23650840018
103 10 119 400 1298.13674164165 519254.69665665994
104 0 50 0 1.0 0.0
105 0 50 0 1.0 0.0
106 0 50 0 1.0 0.0
107 1 10 4 31.622776601683793 126.49110640673517
108 3 79 36 156.16977940690063 5622.112058648423
109 0 50 0 1.0 0.0
110 3 20 36 89.44271909999159 3219.937887599697
111 0 5 0 11.180339887498949 0.0
112 2 66 16 64.0 1024.0
113 0 50 0 1.0 0.0
114 0 50 0 1.0 0.0
115 2 15 16 58.09475019311125 929.51600308978
116 2 18 16 76.36753236814714 1221.8805178903542
117 1 53 4 5.196152422706632 20.784609690826528
118 2 30 16 164.31676725154983 2629.0682760247973
119 0 50 0 1.0 0.0
120 0 50 0 1.0 0.0
121 4 48 64 332.55375505322445 21283.440323406365
122 0 5 0 11.180339887498949 0.0
123 0 50 0 1.0 0.0
124 0 50 0 1.0 0.0
125 0 50 0 1.0 0.0
126 5 71 100 598.2566338955214 59825.663389552145
127 5 49 100 343.0 34300.0
128 9 99 324 985.0375627355537 319152.1703263194
129 0 50 0 1.0 0.0
130 0 11 0 36.4828726939094 0.0
131 0 50 0 1.0 0.0
132 1 15 4 58.09475019311125 232.379000772445
133 0 50 0 1.0 0.0
134 1 60 4 31.622776601683793 126.49110640673517
135 1 53 4 5.196152422706632 20.784609690826528
136 6 76 144 662.5526394181824 95407.58007621826
137 6 71 144 598.2566338955214 86148.95528095508
138 10 131 400 1499.363531636007 599745.4126544029
139 6 91 144 868.0846732894205 125004.19295367655
140 1 25 4 125.0 500.0
141 2 30 16 164.31676725154983 2629.0682760247973
142 0 50 0 1.0 0.0
143 1 51 4 1.0 4.0
144 0 50 0 1.0 0.0
145 1 11 4 36.4828726939094 145.9314907756376
146 0 10 0 31.622776601683793 0.0
147 8 114 256 1217.1869207315694 311599.8517072818
148 0 50 0 1.0 0.0
149 0 50 0 1.0 0.0
150 2 67 16 70.09279563550022 1121.4847301680036
151 0 50 0 1.0 0.0
152 2 27 16 140.29611541307906 2244.737846609265
153 6 300 144 353.5533905932738 50911.688245431425
154 3 44 36 291.8629815512752 10507.067335845906
155 0 50 0 1.0 0.0
156 3 23 36 110.30412503619254 3970.9485013029316
157 0 50 0 1.0 0.0
158 1 19 4 82.8190799272728 331.2763197090912
159 0 50 0 1.0 0.0
160 7 103 196 1045.3358312044986 204885.82291608173
161 12 154 576 1911.089741482592 1100787.691093973
162 6 71 144 598.2566338955214 86148.95528095508
163 1 19 4 82.8190799272728 331.2763197090912
164 0 5 0 11.180339887498949 0.0
165 3 38 36 234.2477321128211 8432.91835606156
166 0 50 0 1.0 0.0
167 1 58 4 22.627416997969522 90.50966799187809
168 0 50 0 1.0 0.0
169 1 56 4 14.696938456699069 58.787753826796276
170 0 50 0 1.0 0.0
171 0 50 0 1.0 0.0
172 0 50 0 1.0 0.0
173 1 10 4 31.622776601683793 126.49110640673517
174 4 30 64 164.31676725154983 10516.27310409919
175 0 50 0 1.0 0.0
176 6 84 144 769.8727167525811 110861.67121237169
177 0 50 0 1.0 0.0
178 0 50 0 1.0 0.0
179 0 50 0 1.0 0.0
180 15 198 900 2786.1069613351174 2507496.265201606
181 9 121 324 1331.0 431244.0
182 3 59 36 453.18759912424787 16314.753568472923
183 3 26 36 132.5745073534124 4772.682264722846
184 1 22 4 103.18914671611545 412.7565868644618
185 0 50 0 1.0 0.0
186 5 86 100 797.5311906126306 79753.11906126306
187 1 53 4 5.196152422706632 20.784609690826528
188 4 41 64 262.5280937347468 16801.797999023795
189 1 58 4 22.627416997969522 90.50966799187809
190 1 6 4 14.696938456699069 58.787753826796276
191 1 54 4 8.0 32.0
192 0 50 0 1.0 0.0
193 2 42 16 272.19110933313016 4355.0577493300825
194 1 14 4 52.38320341483518 209.53281365934072
195 0 50 0 1.0 0.0
196 0 50 0 1.0 0.0
197 3 38 36 234.2477321128211 8432.91835606156
198 9 87 324 811.4819776187269 262920.1607484675
199 0 50 0 1.0 0.0
200 0 50 0 1.0 0.0
201 4 59 64 453.18759912424787 29004.006343951864
202 2 71 16 96.23408959407264 1539.7454335051623
203 11 135 484 1568.5582552140038 759182.1955235779
204 7 96 196 940.6040612287404 184358.39600083313
205 5 45 100 301.8691769624716 30186.91769624716
206 2 29 16 156.16977940690063 2498.71647051041
207 8 129 256 1465.1583532164707 375080.5384234165
208 1 54 4 8.0 32.0
209 5 85 100 783.6612788698955 78366.12788698955
210 3 72 36 103.18914671611545 3714.809281780156
211 1 55 4 11.180339887498949 44.721359549995796
212 6 70 144 585.6620185738528 84335.33067463481
213 1 18 4 76.36753236814714 305.47012947258855
214 5 56 100 419.06562731868144 41906.56273186814
215 8 93 256 896.8595207723448 229596.03731772027
216 1 7 4 18.520259177452132 74.08103670980853
217 5 45 100 301.8691769624716 30186.91769624716
218 15 215 900 3152.518834202264 2837266.9507820373
219 0 50 0 1.0 0.0
220 4 86 64 216.0 13824.0
221 1 54 4 8.0 32.0
222 5 118 100 560.7423650840018 56074.23650840018
223 7 134 196 1551.1621449738902 304027.78041488247
224 7 91 196 868.0846732894205 170144.5959647264
225 0 50 0 1.0 0.0
226 3 40 36 252.98221281347034 9107.359661284932
227 7 82 196 742.5415813272682 145538.14994014456
228 6 89 144 839.6243207530378 120905.90218843744
229 10 154 400 1911.089741482592 764435.8965930368
230 6 127 144 1431.21731403725 206095.293221364
231 8 71 256 598.2566338955214 153153.69827725348
232 5 105 100 1075.929830425758 107592.9830425758
233 0 14 0 52.38320341483518 0.0
234 0 9 0 27.0 0.0
235 2 15 16 58.09475019311125 929.51600308978
236 2 15 16 58.09475019311125 929.51600308978
237 1 6 4 14.696938456699069 58.787753826796276
238 6 68 144 560.7423650840018 80746.90057209626
239 4 44 64 291.8629815512752 18679.230819281613
240 2 23 16 110.30412503619254 1764.8660005790807
241 8 95 256 925.9454627568516 237042.038465754
242 6 305 144 407.8909167902615 58736.292017797656
243 5 80 100 715.5417527999327 71554.17527999327
244 5 83 100 189.57056733575496 18957.056733575497
245 2 22 16 103.18914671611545 1651.0263474578471
246 8 52 256 374.9773326482549 95994.19715795325
247 6 297 144 322.21576621884907 46399.07033551427
248 5 39 100 243.55492193753753 24355.49219375375
249 1 53 4 5.196152422706632 20.784609690826528
250 8 95 256 925.9454627568516 237042.038465754
251 2 82 16 181.01933598375618 2896.309375740099
252 1 10 4 31.622776601683793 126.49110640673517
253 1 9 4 27.0 108.0
254 6 72 144 610.9402589451771 87975.39728810551
255 4 110 64 464.75800154489 29744.51209887296
256 10 126 400 1414.3464922005498 565738.59688022
257 0 50 0 1.0 0.0
258 2 25 16 125.0 2000.0
259 5 95 100 301.8691769624716 30186.91769624716
260 11 119 484 1298.13674164165 628298.1829545585
261 1 56 4 14.696938456699069 58.787753826796276
262 2 61 16 476.42523023030594 7622.803683684895
263 0 50 0 1.0 0.0
264 3 94 36 291.8629815512752 10507.067335845906
265 14 105 784 1075.929830425758 843528.9870537942
266 5 43 100 281.96985654498604 28196.985654498603
267 5 81 100 729.0 72900.0
268 5 120 100 585.6620185738528 58566.201857385284
269 2 29 16 156.16977940690063 2498.71647051041
270 6 305 144 407.8909167902615 58736.292017797656
271 4 29 64 156.16977940690063 9994.86588204164
272 2 44 16 291.8629815512752 4669.807704820403
273 10 105 400 1075.929830425758 430371.9321703032
274 5 121 100 1331.0 133100.0
275 4 72 64 610.9402589451771 39100.176572491335
276 2 80 16 164.31676725154983 2629.0682760247973
277 5 99 100 343.0 34300.0
278 6 55 144 407.8909167902615 58736.292017797656
279 7 75 196 649.519052838329 127305.73435631249
280 7 83 196 756.1659870689768 148208.53346551946
281 2 56 16 419.06562731868144 6705.050037098903
282 1 54 4 8.0 32.0
283 14 183 784 2475.578114299769 1940853.2416110188
284 8 88 256 825.5131737289236 211331.37247460443
285 2 70 16 89.44271909999159 1431.0835055998655
286 5 61 100 476.42523023030594 47642.5230230306
287 3 32 36 181.01933598375618 6516.696095415223
288 6 87 144 811.4819776187269 116853.40477709667
289 3 62 36 41.569219381653056 1496.49189773951
290 12 155 576 1929.7344376882536 1111527.036108434
291 14 224 784 3352.5250185494515 2628379.61454277
292 5 34 100 198.25236442474022 19825.236442474023
293 4 50 64 353.5533905932738 22627.41699796952
294 4 98 64 970.1505037879432 62089.632242428364
295 0 50 0 1.0 0.0
296 1 54 4 8.0 32.0
297 0 50 0 1.0 0.0
298 10 114 400 1217.1869207315694 486874.76829262776
299 4 86 64 216.0 13824.0
300 7 89 196 839.6243207530378 164566.3668675954
301 0 50 0 1.0 0.0
302 12 201 576 2849.6668226303227 1641408.0898350659
303 9 89 324 839.6243207530378 272038.27992398426
304 0 50 0 1.0 0.0
305 5 34 100 198.25236442474022 19825.236442474023
306 3 24 36 117.57550765359255 4232.718275529332
307 8 359 256 1137.99340947125 291326.31282464
308 10 125 400 1397.5424859373686 559016.9943749474
309 0 50 0 1.0 0.0
310 9 64 324 512.0 165888.0
311 8 120 256 1314.5341380123987 336520.73933117406
312 4 56 64 419.06562731868144 26820.200148395612
313 1 53 4 5.196152422706632 20.784609690826528
314 7 69 196 573.1570465413472 112338.78112210405
315 7 77 196 675.6722578291934 132431.7625345219
316 11 173 484 2275.4597337681016 1101322.5111437612
317 13 133 676 1533.830825091216 1036869.637761662
318 4 23 64 110.30412503619254 7059.464002316323
319 11 87 484 811.4819776187269 392757.2771674638
320 5 44 100 291.8629815512752 29186.29815512752
321 4 35 64 207.06279240848656 13252.01871414314
322 11 161 484 2042.8609840123727 988744.7162619884
323 7 74 196 636.5720697611544 124768.12567318625
324 5 44 100 291.8629815512752 29186.29815512752
325 4 96 64 940.6040612287404 60198.65991863939
326 6 105 144 1075.929830425758 154933.89558130913
327 5 81 100 729.0 72900.0
328 5 89 100 243.55492193753753 24355.49219375375
329 7 85 196 783.6612788698955 153597.6106584995
330 5 68 100 560.7423650840018 56074.23650840018
331 3 43 36 281.96985654498604 10150.914835619498
332 1 18 4 76.36753236814714 305.47012947258855
333 7 82 196 742.5415813272682 145538.14994014456
334 0 50 0 1.0 0.0
335 6 326 144 662.5526394181824 95407.58007621826
336 7 305 196 407.8909167902615 79946.61969089125
337 6 72 144 610.9402589451771 87975.39728810551
338 0 50 0 1.0 0.0
339 9 111 324 1169.4575665666541 378904.25156759593
340 5 63 100 500.0469977912076 50004.69977912076
341 5 99 100 343.0 34300.0
342 6 66 144 536.1865347059734 77210.86099766017
343 5 107 100 430.34056281043274 43034.056281043275
344 7 70 196 585.6620185738528 114789.75564047515
345 10 113 400 1201.2064768390153 480482.5907356061
346 6 57 144 430.34056281043274 61969.04104470232
347 6 103 144 1045.3358312044986 150528.3596934478
348 8 142 256 1692.125290869444 433184.07446257764
349 6 64 144 512.0 73728.0
350 5 71 100 598.2566338955214 59825.663389552145
351 6 300 144 353.5533905932738 50911.688245431425
352 0 50 0 1.0 0.0
353 7 306 196 419.06562731868144 82136.86295446157
354 8 108 256 1122.3689233046325 287326.4443659859
355 10 109 400 1137.99340947125 455197.3637885
356 4 75 64 649.519052838329 41569.219381653056
357 8 120 256 1314.5341380123987 336520.73933117406
358 7 321 196 598.2566338955214 117258.3002435222
359 6 338 144 825.5131737289236 118873.897016965
360 4 124 64 636.5720697611544 40740.61246471388
361 5 34 100 198.25236442474022 19825.236442474023
362 12 196 576 2744.0 1580544.0
363 0 50 0 1.0 0.0
364 7 56 196 419.06562731868144 82136.86295446157
365 7 298 196 332.55375505322445 65180.53599043199
366 5 64 100 512.0 51200.0
367 7 92 196 882.4330002895404 172956.86805674993
368 9 106 324 1091.336794944622 353593.1215620575
369 3 28 36 148.16207341961706 5333.834643106215
370 4 73 64 623.7122734081797 39917.5854981235
371 7 356 196 1091.336794944622 213902.01180914592
372 6 318 144 560.7423650840018 80746.90057209626
373 1 7 4 18.520259177452132 74.08103670980853
374 7 130 196 1482.2280526288794 290516.69831526035
375 6 320 144 585.6620185738528 84335.33067463481
376 8 76 256 662.5526394181824 169613.4756910547
377 14 143 784 1710.0312862634999 1340664.528430584
378 8 325 256 649.519052838329 166276.87752661222
379 8 328 256 688.877347573572 176352.60097883444
380 10 168 400 2177.5288746650413 871011.5498660165
381 11 139 484 1638.785831034672 793172.3422207813
382 3 26 36 132.5745073534124 4772.682264722846
383 7 60 196 464.75800154489 91092.56830279845
384 7 130 196 1482.2280526288794 290516.69831526035
385 7 68 196 560.7423650840018 109905.50355646435
386 7 96 196 940.6040612287404 184358.39600083313
387 7 92 196 882.4330002895404 172956.86805674993
388 7 317 196 548.4186357154541 107490.05260022901
389 6 313 144 500.0469977912076 72006.7676819339
390 6 81 144 729.0 104976.0
391 4 50 64 353.5533905932738 22627.41699796952
392 11 113 484 1201.2064768390153 581383.9347900834
393 6 53 144 385.84582413186746 55561.79867498892
394 10 101 400 1015.0374377332099 406014.975093284
395 9 104 324 1060.5960588272992 343633.12306004495
396 6 325 144 649.519052838329 93530.74360871938
397 7 89 196 839.6243207530378 164566.3668675954
398 6 71 144 598.2566338955214 86148.95528095508
399 6 57 144 430.34056281043274 61969.04104470232
701's generation fitness ratios and roulette cutoffs:
2837266.9507820373 51224249.35510793 128060.62338776984 0.0 0.0
2837266.9507820373 51224249.35510793 128060.62338776984 0.003941674212305481 0.003941674212305481
2837266.9507820373 51224249.35510793 128060.62338776984 0.0 0.003941674212305481
2837266.9507820373 51224249.35510793 128060.62338776984 0.0009277375813845156 0.004869411793689997
2837266.9507820373 51224249.35510793 128060.62338776984 0.0009073007557865671 0.005776712549476564
2837266.9507820373 51224249.35510793 128060.62338776984 2.2018466651624547e-05 0.005798731016128189
2837266.9507820373 51224249.35510793 128060.62338776984 0.015530179995684797 0.021328911011812987
2837266.9507820373 51224249.35510793 128060.62338776984 0.011574424779587918 0.03290333579140091
2837266.9507820373 51224249.35510793 128060.62338776984 2.469359883242913e-06 0.032905805151284155
2837266.9507820373 51224249.35510793 128060.62338776984 1.766930099149471e-06 0.032907572081383306
2837266.9507820373 51224249.35510793 128060.62338776984 0.0 0.032907572081383306
2837266.9507820373 51224249.35510793 128060.62338776984 0.008839636913069868 0.041747208994453174
2837266.9507820373 51224249.35510793 128060.62338776984 6.467649053417357e-05 0.04181188548498735
2837266.9507820373 51224249.35510793 128060.62338776984 1.1476547644310992e-06 0.04181303313975178
2837266.9507820373 51224249.35510793 128060.62338776984 0.0 0.04181303313975178
2837266.9507820373 51224249.35510793 128060.62338776984 0.0 0.04181303313975178
2837266.9507820373 51224249.35510793 128060.62338776984 0.00029267105021472814 0.04210570418996651
2837266.9507820373 51224249.35510793 128060.62338776984 1.4803189483291202e-05 0.0421205073794498
2837266.9507820373 51224249.35510793 128060.62338776984 0.0 0.0421205073794498
2837266.9507820373 51224249.35510793 128060.62338776984 3.2460578655611196e-06 0.04212375343731536
2837266.9507820373 51224249.35510793 128060.62338776984 0.0 0.04212375343731536
2837266.9507820373 51224249.35510793 128060.62338776984 1.1569682350442702e-05 0.0421353231196658
2837266.9507820373 51224249.35510793 128060.62338776984 0.0 0.0421353231196658
2837266.9507820373 51224249.35510793 128060.62338776984 8.730505593155425e-07 0.04213619617022511
2837266.9507820373 51224249.35510793 128060.62338776984 2.2086626239368388e-07 0.0421364170364875
2837266.9507820373 51224249.35510793 128060.62338776984 0.0 0.0421364170364875
2837266.9507820373 51224249.35510793 128060.62338776984 0.0 0.0421364170364875
2837266.9507820373 51224249.35510793 128060.62338776984 0.0006090614955837354 0.04274547853207124
2837266.9507820373 51224249.35510793 128060.62338776984 0.0 0.04274547853207124
2837266.9507820373 51224249.35510793 128060.62338776984 0.0005518821676231718 0.04329736069969441
2837266.9507820373 51224249.35510793 128060.62338776984 0.006817451068787533 0.05011481176848194
2837266.9507820373 51224249.35510793 128060.62338776984 7.901951626377321e-05 0.050193831284745714
2837266.9507820373 51224249.35510793 128060.62338776984 3.2460578655611196e-06 0.05019707734261127
2837266.9507820373 51224249.35510793 128060.62338776984 2.469359883242913e-06 0.05019954670249452
2837266.9507820373 51224249.35510793 128060.62338776984 0.0 0.05019954670249452
2837266.9507820373 51224249.35510793 128060.62338776984 3.90440079684753e-05 0.050238590710462994
2837266.9507820373 51224249.35510793 128060.62338776984 0.0 0.050238590710462994
2837266.9507820373 51224249.35510793 128060.62338776984 0.0 0.050238590710462994
2837266.9507820373 51224249.35510793 128060.62338776984 0.0 0.050238590710462994
2837266.9507820373 51224249.35510793 128060.62338776984 0.003576015090956462 0.05381460580141945
2837266.9507820373 51224249.35510793 128060.62338776984 0.00035229546642599275 0.054166901267845444
2837266.9507820373 51224249.35510793 128060.62338776984 0.0 0.054166901267845444
2837266.9507820373 51224249.35510793 128060.62338776984 2.469359883242913e-06 0.05416937062772869
2837266.9507820373 51224249.35510793 128060.62338776984 5.1324681359388905e-05 0.05422069530908808
2837266.9507820373 51224249.35510793 128060.62338776984 0.0004684997748453145 0.0546891950839334
2837266.9507820373 51224249.35510793 128060.62338776984 0.0003598295774374684 0.05504902466137086
2837266.9507820373 51224249.35510793 128060.62338776984 0.0001239467145585587 0.05517297137592942
2837266.9507820373 51224249.35510793 128060.62338776984 8.730505593155425e-07 0.05517384442648873
2837266.9507820373 51224249.35510793 128060.62338776984 0.0 0.05517384442648873
2837266.9507820373 51224249.35510793 128060.62338776984 3.6724952461795173e-05 0.055210569378950525
2837266.9507820373 51224249.35510793 128060.62338776984 9.317232218741978e-05 0.05530374170113794
2837266.9507820373 51224249.35510793 128060.62338776984 4.877995289278447e-05 0.05535252165403073
2837266.9507820373 51224249.35510793 128060.62338776984 0.0 0.05535252165403073
2837266.9507820373 51224249.35510793 128060.62338776984 0.0007962848102713833 0.05614880646430211
2837266.9507820373 51224249.35510793 128060.62338776984 0.0 0.05614880646430211
2837266.9507820373 51224249.35510793 128060.62338776984 0.0 0.05614880646430211
2837266.9507820373 51224249.35510793 128060.62338776984 0.0 0.05614880646430211
2837266.9507820373 51224249.35510793 128060.62338776984 0.0 0.05614880646430211
2837266.9507820373 51224249.35510793 128060.62338776984 0.0 0.05614880646430211
2837266.9507820373 51224249.35510793 128060.62338776984 0.0 0.05614880646430211
2837266.9507820373 51224249.35510793 128060.62338776984 0.00022953095288621983 0.05637833741718833
2837266.9507820373 51224249.35510793 128060.62338776984 0.0 0.05637833741718833
2837266.9507820373 51224249.35510793 128060.62338776984 0.0 0.05637833741718833
2837266.9507820373 51224249.35510793 128060.62338776984 1.4462102938053377e-06 0.05637978362748214
2837266.9507820373 51224249.35510793 128060.62338776984 0.0013190476509380364 0.057698831278420175
2837266.9507820373 51224249.35510793 128060.62338776984 0.0 0.057698831278420175
2837266.9507820373 51224249.35510793 128060.62338776984 0.010365532261377828 0.068064363539798
2837266.9507820373 51224249.35510793 128060.62338776984 0.0 0.068064363539798
2837266.9507820373 51224249.35510793 128060.62338776984 1.4640617963916079e-05 0.06807900415776191
2837266.9507820373 51224249.35510793 128060.62338776984 0.0001332287053496208 0.06821223286311154
2837266.9507820373 51224249.35510793 128060.62338776984 0.0 0.06821223286311154
2837266.9507820373 51224249.35510793 128060.62338776984 0.0 0.06821223286311154
2837266.9507820373 51224249.35510793 128060.62338776984 0.0022812126336302163 0.07049344549674176
2837266.9507820373 51224249.35510793 128060.62338776984 0.00021215128591367682 0.07070559678265544
2837266.9507820373 51224249.35510793 128060.62338776984 0.0027407950826156217 0.07344639186527106
2837266.9507820373 51224249.35510793 128060.62338776984 0.0 0.07344639186527106
2837266.9507820373 51224249.35510793 128060.62338776984 0.0 0.07344639186527106
2837266.9507820373 51224249.35510793 128060.62338776984 0.004870445394596963 0.07831683725986803
2837266.9507820373 51224249.35510793 128060.62338776984 0.0 0.07831683725986803
2837266.9507820373 51224249.35510793 128060.62338776984 0.0 0.07831683725986803
2837266.9507820373 51224249.35510793 128060.62338776984 0.0 0.07831683725986803
2837266.9507820373 51224249.35510793 128060.62338776984 8.730505593155425e-07 0.07831771031042735
2837266.9507820373 51224249.35510793 128060.62338776984 0.0008847130115710662 0.07920242332199842
2837266.9507820373 51224249.35510793 128060.62338776984 0.010816168977088694 0.09001859229908711
2837266.9507820373 51224249.35510793 128060.62338776984 0.0013065130883326568 0.09132510538741977
2837266.9507820373 51224249.35510793 128060.62338776984 0.0 0.09132510538741977
2837266.9507820373 51224249.35510793 128060.62338776984 0.0 0.09132510538741977
2837266.9507820373 51224249.35510793 128060.62338776984 0.0004154954067918233 0.09174060079421159
2837266.9507820373 51224249.35510793 128060.62338776984 2.2086626239368388e-07 0.09174082166047398
2837266.9507820373 51224249.35510793 128060.62338776984 0.0 0.09174082166047398
2837266.9507820373 51224249.35510793 128060.62338776984 9.744983929339766e-05 0.09183827149976738
2837266.9507820373 51224249.35510793 128060.62338776984 0.0 0.09183827149976738
2837266.9507820373 51224249.35510793 128060.62338776984 7.808801593695061e-08 0.09183834958778332
2837266.9507820373 51224249.35510793 128060.62338776984 0.004055489126453718 0.09589383871423704
2837266.9507820373 51224249.35510793 128060.62338776984 3.2460578655611196e-06 0.0958970847721026
2837266.9507820373 51224249.35510793 128060.62338776984 2.469359883242913e-06 0.09589955413198584
2837266.9507820373 51224249.35510793 128060.62338776984 1.0955445296268779e-05 0.0959105095772821
2837266.9507820373 51224249.35510793 128060.62338776984 0.0 0.0959105095772821
2837266.9507820373 51224249.35510793 128060.62338776984 0.0 0.0959105095772821
2837266.9507820373 51224249.35510793 128060.62338776984 0.0 0.0959105095772821
2837266.9507820373 51224249.35510793 128060.62338776984 4.536503778932835e-06 0.09591504608106104
2837266.9507820373 51224249.35510793 128060.62338776984 0.0004028102692622663 0.0963178563503233
2837266.9507820373 51224249.35510793 128060.62338776984 0.0010946814685300727 0.09741253781885338
2837266.9507820373 51224249.35510793 128060.62338776984 0.010136892256965428 0.10754943007581881
2837266.9507820373 51224249.35510793 128060.62338776984 0.0 0.10754943007581881
2837266.9507820373 51224249.35510793 128060.62338776984 0.0 0.10754943007581881
2837266.9507820373 51224249.35510793 128060.62338776984 0.0 0.10754943007581881
2837266.9507820373 51224249.35510793 128060.62338776984 2.469359883242913e-06 0.10755189943570205
2837266.9507820373 51224249.35510793 128060.62338776984 0.00010975489400876505 0.10766165432971081
2837266.9507820373 51224249.35510793 128060.62338776984 0.0 0.10766165432971081
2837266.9507820373 51224249.35510793 128060.62338776984 6.285964027071905e-05 0.10772451396998153
2837266.9507820373 51224249.35510793 128060.62338776984 0.0 0.10772451396998153
2837266.9507820373 51224249.35510793 128060.62338776984 1.9990532079859356e-05 0.1077445045020614
2837266.9507820373 51224249.35510793 128060.62338776984 0.0 0.1077445045020614
2837266.9507820373 51224249.35510793 128060.62338776984 0.0 0.1077445045020614
2837266.9507820373 51224249.35510793 128060.62338776984 1.814601511573134e-05 0.10776265051717712
2837266.9507820373 51224249.35510793 128060.62338776984 2.385355633851786e-05 0.10778650407351564
2837266.9507820373 51224249.35510793 128060.62338776984 4.0575723319513995e-07 0.10778690983074884
2837266.9507820373 51224249.35510793 128060.62338776984 5.1324681359388905e-05 0.10783823451210824
2837266.9507820373 51224249.35510793 128060.62338776984 0.0 0.10783823451210824
2837266.9507820373 51224249.35510793 128060.62338776984 0.0 0.10783823451210824
2837266.9507820373 51224249.35510793 128060.62338776984 0.0004154954067918233 0.10825372991890006
2837266.9507820373 51224249.35510793 128060.62338776984 0.0 0.10825372991890006
2837266.9507820373 51224249.35510793 128060.62338776984 0.0 0.10825372991890006
2837266.9507820373 51224249.35510793 128060.62338776984 0.0 0.10825372991890006
2837266.9507820373 51224249.35510793 128060.62338776984 0.0 0.10825372991890006
2837266.9507820373 51224249.35510793 128060.62338776984 0.0011679168390504974 0.10942164675795056
2837266.9507820373 51224249.35510793 128060.62338776984 0.0006696047366593514 0.11009125149460991
2837266.9507820373 51224249.35510793 128060.62338776984 0.006230489940688501 0.11632174143529841
2837266.9507820373 51224249.35510793 128060.62338776984 0.0 0.11632174143529841
2837266.9507820373 51224249.35510793 128060.62338776984 0.0 0.11632174143529841
2837266.9507820373 51224249.35510793 128060.62338776984 0.0 0.11632174143529841
2837266.9507820373 51224249.35510793 128060.62338776984 4.536503778932835e-06 0.11632627793907735
2837266.9507820373 51224249.35510793 128060.62338776984 0.0 0.11632627793907735
2837266.9507820373 51224249.35510793 128060.62338776984 2.469359883242913e-06 0.11632874729896059
2837266.9507820373 51224249.35510793 128060.62338776984 4.0575723319513995e-07 0.11632915305619379
2837266.9507820373 51224249.35510793 128060.62338776984 0.0018625471583744056 0.1181917002145682
2837266.9507820373 51224249.35510793 128060.62338776984 0.0016818002482327163 0.1198735004628009
2837266.9507820373 51224249.35510793 128060.62338776984 0.011708232335367507 0.1315817327981684
2837266.9507820373 51224249.35510793 128060.62338776984 0.002440332352888086 0.1340220651510565
2837266.9507820373 51224249.35510793 128060.62338776984 9.761001992118825e-06 0.13403182615304862
2837266.9507820373 51224249.35510793 128060.62338776984 5.1324681359388905e-05 0.134083150834408
2837266.9507820373 51224249.35510793 128060.62338776984 0.0 0.134083150834408
2837266.9507820373 51224249.35510793 128060.62338776984 7.808801593695061e-08 0.13408322892242394
2837266.9507820373 51224249.35510793 128060.62338776984 0.0 0.13408322892242394
2837266.9507820373 51224249.35510793 128060.62338776984 2.848875144347737e-06 0.1340860777975683
2837266.9507820373 51224249.35510793 128060.62338776984 0.0 0.1340860777975683
2837266.9507820373 51224249.35510793 128060.62338776984 0.006083053546517416 0.1401691313440857
2837266.9507820373 51224249.35510793 128060.62338776984 0.0 0.1401691313440857
2837266.9507820373 51224249.35510793 128060.62338776984 0.0 0.1401691313440857
2837266.9507820373 51224249.35510793 128060.62338776984 2.1893629370601454e-05 0.1401910249734563
2837266.9507820373 51224249.35510793 128060.62338776984 0.0 0.1401910249734563
2837266.9507820373 51224249.35510793 128060.62338776984 4.3821781185075116e-05 0.1402348467546414
2837266.9507820373 51224249.35510793 128060.62338776984 0.0009938981807715774 0.141228744935413
2837266.9507820373 51224249.35510793 128060.62338776984 0.00020511901039303707 0.141433863945806
2837266.9507820373 51224249.35510793 128060.62338776984 0.0 0.141433863945806
2837266.9507820373 51224249.35510793 128060.62338776984 7.752087246363837e-05 0.14151138481826964
2837266.9507820373 51224249.35510793 128060.62338776984 0.0 0.14151138481826964
2837266.9507820373 51224249.35510793 128060.62338776984 6.467177633244464e-06 0.1415178519959029
2837266.9507820373 51224249.35510793 128060.62338776984 0.0 0.1415178519959029
2837266.9507820373 51224249.35510793 128060.62338776984 0.003999781851281557 0.14551763384718444
2837266.9507820373 51224249.35510793 128060.62338776984 0.021489581691336305 0.16700721553852074
2837266.9507820373 51224249.35510793 128060.62338776984 0.0016818002482327163 0.16868901578675347
2837266.9507820373 51224249.35510793 128060.62338776984 6.467177633244464e-06 0.16869548296438672
2837266.9507820373 51224249.35510793 128060.62338776984 0.0 0.16869548296438672
2837266.9507820373 51224249.35510793 128060.62338776984 0.0001646274657457846 0.1688601104301325
2837266.9507820373 51224249.35510793 128060.62338776984 0.0 0.1688601104301325
2837266.9507820373 51224249.35510793 128060.62338776984 1.766930099149471e-06 0.16886187736023164
2837266.9507820373 51224249.35510793 128060.62338776984 0.0 0.16886187736023164
2837266.9507820373 51224249.35510793 128060.62338776984 1.1476547644310992e-06 0.1688630250149961
2837266.9507820373 51224249.35510793 128060.62338776984 0.0 0.1688630250149961
2837266.9507820373 51224249.35510793 128060.62338776984 0.0 0.1688630250149961
2837266.9507820373 51224249.35510793 128060.62338776984 0.0 0.1688630250149961
2837266.9507820373 51224249.35510793 128060.62338776984 2.469359883242913e-06 0.16886549437487933
2837266.9507820373 51224249.35510793 128060.62338776984 0.00020529872543755562 0.1690707931003169
2837266.9507820373 51224249.35510793 128060.62338776984 0.0 0.1690707931003169
2837266.9507820373 51224249.35510793 128060.62338776984 0.0021642419871071646 0.17123503508742405
2837266.9507820373 51224249.35510793 128060.62338776984 0.0 0.17123503508742405
2837266.9507820373 51224249.35510793 128060.62338776984 0.0 0.17123503508742405
2837266.9507820373 51224249.35510793 128060.62338776984 0.0 0.17123503508742405
2837266.9507820373 51224249.35510793 128060.62338776984 0.04895135207972678 0.22018638716715083
2837266.9507820373 51224249.35510793 128060.62338776984 0.008418747086178582 0.2286051342533294
2837266.9507820373 51224249.35510793 128060.62338776984 0.0003184966841655838 0.228923630937495
2837266.9507820373 51224249.35510793 128060.62338776984 9.317232218741978e-05 0.2290168032596824
2837266.9507820373 51224249.35510793 128060.62338776984 8.057835733288357e-06 0.2290248610954157
2837266.9507820373 51224249.35510793 128060.62338776984 0.0 0.2290248610954157
2837266.9507820373 51224249.35510793 128060.62338776984 0.0015569407080693572 0.23058180180348506
2837266.9507820373 51224249.35510793 128060.62338776984 4.0575723319513995e-07 0.23058220756071826
2837266.9507820373 51224249.35510793 128060.62338776984 0.0003280047674792987 0.23091021232819756
2837266.9507820373 51224249.35510793 128060.62338776984 1.766930099149471e-06 0.2309119792582967
2837266.9507820373 51224249.35510793 128060.62338776984 1.1476547644310992e-06 0.23091312691306115
2837266.9507820373 51224249.35510793 128060.62338776984 6.247041274956049e-07 0.23091375161718863
2837266.9507820373 51224249.35510793 128060.62338776984 0.0 0.23091375161718863
2837266.9507820373 51224249.35510793 128060.62338776984 8.501945473400693e-05 0.23099877107192265
2837266.9507820373 51224249.35510793 128060.62338776984 4.090500423086175e-06 0.23100286157234573
2837266.9507820373 51224249.35510793 128060.62338776984 0.0 0.23100286157234573
2837266.9507820373 51224249.35510793 128060.62338776984 0.0 0.23100286157234573
2837266.9507820373 51224249.35510793 128060.62338776984 0.0001646274657457846 0.2311674890380915
2837266.9507820373 51224249.35510793 128060.62338776984 0.005132728425667986 0.23630021746375948
2837266.9507820373 51224249.35510793 128060.62338776984 0.0 0.23630021746375948
2837266.9507820373 51224249.35510793 128060.62338776984 0.0 0.23630021746375948
2837266.9507820373 51224249.35510793 128060.62338776984 0.0005662163274054824 0.23686643379116495
2837266.9507820373 51224249.35510793 128060.62338776984 3.005891648759951e-05 0.23689649270765256
2837266.9507820373 51224249.35510793 128060.62338776984 0.014820757845773575 0.25171725055342614
2837266.9507820373 51224249.35510793 128060.62338776984 0.003599045341255927 0.2553162958946821
2837266.9507820373 51224249.35510793 128060.62338776984 0.0005893091275379911 0.2559056050222201
2837266.9507820373 51224249.35510793 128060.62338776984 4.877995289278447e-05 0.25595438497511286
2837266.9507820373 51224249.35510793 128060.62338776984 0.00732232376551194 0.2632767087406248
2837266.9507820373 51224249.35510793 128060.62338776984 6.247041274956049e-07 0.2632773334447523
2837266.9507820373 51224249.35510793 128060.62338776984 0.0015298638608390873 0.2648071973055914
2837266.9507820373 51224249.35510793 128060.62338776984 7.252052159959521e-05 0.264879717827191
2837266.9507820373 51224249.35510793 128060.62338776984 8.730505593155425e-07 0.2648805908777503
2837266.9507820373 51224249.35510793 128060.62338776984 0.0016463946614422205 0.2665269855391925
2837266.9507820373 51224249.35510793 128060.62338776984 5.963389084629465e-06 0.26653294892827717
2837266.9507820373 51224249.35510793 128060.62338776984 0.000818100084617235 0.2673510490128944
2837266.9507820373 51224249.35510793 128060.62338776984 0.0044821747552817115 0.27183322376817615
2837266.9507820373 51224249.35510793 128060.62338776984 1.4462102938053377e-06 0.27183466997846994
2837266.9507820373 51224249.35510793 128060.62338776984 0.0005893091275379911 0.27242397910600796
2837266.9507820373 51224249.35510793 128060.62338776984 0.05538913671751274 0.3278131158235207
2837266.9507820373 51224249.35510793 128060.62338776984 0.0 0.3278131158235207
2837266.9507820373 51224249.35510793 128060.62338776984 0.0002698721830781013 0.3280829880065988
2837266.9507820373 51224249.35510793 128060.62338776984 6.247041274956049e-07 0.3280836127107263
2837266.9507820373 51224249.35510793 128060.62338776984 0.0010946814685300727 0.32917829417925637
2837266.9507820373 51224249.35510793 128060.62338776984 0.005935231540578265 0.33511352571983466
2837266.9507820373 51224249.35510793 128060.62338776984 0.003321563480319894 0.3384350892001545
2837266.9507820373 51224249.35510793 128060.62338776984 0.0 0.3384350892001545
2837266.9507820373 51224249.35510793 128060.62338776984 0.00017779391159348972 0.33861288311174803
2837266.9507820373 51224249.35510793 128060.62338776984 0.002841196342990079 0.3414540794547381
2837266.9507820373 51224249.35510793 128060.62338776984 0.0023603255042405234 0.34381440495897864
2837266.9507820373 51224249.35510793 128060.62338776984 0.014923320618983545 0.3587377255779622
2837266.9507820373 51224249.35510793 128060.62338776984 0.004023393135400095 0.3627611187133623
2837266.9507820373 51224249.35510793 128060.62338776984 0.0029898671079692735 0.3657509858213316
2837266.9507820373 51224249.35510793 128060.62338776984 0.002100430643633179 0.3678514164649648
2837266.9507820373 51224249.35510793 128060.62338776984 0.0 0.3678514164649648
2837266.9507820373 51224249.35510793 128060.62338776984 0.0 0.3678514164649648
2837266.9507820373 51224249.35510793 128060.62338776984 1.814601511573134e-05 0.3678695624800805
2837266.9507820373 51224249.35510793 128060.62338776984 1.814601511573134e-05 0.36788770849519625
2837266.9507820373 51224249.35510793 128060.62338776984 1.1476547644310992e-06 0.3678888561499607
2837266.9507820373 51224249.35510793 128060.62338776984 0.0015763413146833046 0.369465197464644
2837266.9507820373 51224249.35510793 128060.62338776984 0.00036465601847651035 0.36982985348312053
2837266.9507820373 51224249.35510793 128060.62338776984 3.4453721094950383e-05 0.3698643072042155
2837266.9507820373 51224249.35510793 128060.62338776984 0.004627535619360265 0.3744918428235757
2837266.9507820373 51224249.35510793 128060.62338776984 0.001146650126790792 0.3756384929503665
2837266.9507820373 51224249.35510793 128060.62338776984 0.001396880894904868 0.37703537384527136
2837266.9507820373 51224249.35510793 128060.62338776984 0.00037007973708228 0.37740545358235367
2837266.9507820373 51224249.35510793 128060.62338776984 3.223134293315343e-05 0.37743768492528684
2837266.9507820373 51224249.35510793 128060.62338776984 0.001873999099381258 0.3793116840246681
2837266.9507820373 51224249.35510793 128060.62338776984 0.0009058028359548325 0.3802174868606229
2837266.9507820373 51224249.35510793 128060.62338776984 0.0004754680156445297 0.3806929548762674
2837266.9507820373 51224249.35510793 128060.62338776984 4.0575723319513995e-07 0.3806933606335006
2837266.9507820373 51224249.35510793 128060.62338776984 0.004627535619360265 0.38532089625286087
2837266.9507820373 51224249.35510793 128060.62338776984 5.654176317278307e-05 0.38537743801603364
2837266.9507820373 51224249.35510793 128060.62338776984 2.469359883242913e-06 0.3853799073759169
2837266.9507820373 51224249.35510793 128060.62338776984 2.1083764302976663e-06 0.38538201575234715
2837266.9507820373 51224249.35510793 128060.62338776984 0.001717456056373286 0.38709947180872045
2837266.9507820373 51224249.35510793 128060.62338776984 0.0005806724837034029 0.38768014429242387
2837266.9507820373 51224249.35510793 128060.62338776984 0.011044351142332673 0.3987244954347565
2837266.9507820373 51224249.35510793 128060.62338776984 0.0 0.3987244954347565
2837266.9507820373 51224249.35510793 128060.62338776984 3.90440079684753e-05 0.398763539442725
2837266.9507820373 51224249.35510793 128060.62338776984 0.0005893091275379911 0.39935284857026304
2837266.9507820373 51224249.35510793 128060.62338776984 0.012265639630928167 0.41161848820119123
2837266.9507820373 51224249.35510793 128060.62338776984 1.1476547644310992e-06 0.4116196358559557
2837266.9507820373 51224249.35510793 128060.62338776984 0.00014881240388395797 0.41176844825983966
2837266.9507820373 51224249.35510793 128060.62338776984 0.0 0.41176844825983966
2837266.9507820373 51224249.35510793 128060.62338776984 0.00020511901039303707 0.4119735672702327
2837266.9507820373 51224249.35510793 128060.62338776984 0.01646737624608412 0.42844094351631684
2837266.9507820373 51224249.35510793 128060.62338776984 0.0005504616662906136 0.4289914051826075
2837266.9507820373 51224249.35510793 128060.62338776984 0.0014231540904509248 0.4304145592730584
2837266.9507820373 51224249.35510793 128060.62338776984 0.001143329626001542 0.43155788889905994
2837266.9507820373 51224249.35510793 128060.62338776984 4.877995289278447e-05 0.4316066688519527
2837266.9507820373 51224249.35510793 128060.62338776984 0.001146650126790792 0.4327533189787435
2837266.9507820373 51224249.35510793 128060.62338776984 0.00019511981157113788 0.43294843879031464
2837266.9507820373 51224249.35510793 128060.62338776984 9.116400461912759e-05 0.43303960279493375
2837266.9507820373 51224249.35510793 128060.62338776984 0.008401722574532715 0.44144132536946645
2837266.9507820373 51224249.35510793 128060.62338776984 0.0025983787303020312 0.4440397040997685
2837266.9507820373 51224249.35510793 128060.62338776984 0.0007633138028325715 0.44480301790260107
2837266.9507820373 51224249.35510793 128060.62338776984 5.1324681359388905e-05 0.44485434258396045
2837266.9507820373 51224249.35510793 128060.62338776984 0.0006696047366593514 0.4455239473206198
2837266.9507820373 51224249.35510793 128060.62338776984 0.001146650126790792 0.44667059744741056
2837266.9507820373 51224249.35510793 128060.62338776984 0.0024852630533202325 0.4491558605007308
2837266.9507820373 51224249.35510793 128060.62338776984 0.00289332758081189 0.4520491880815427
2837266.9507820373 51224249.35510793 128060.62338776984 0.0001308960135387576 0.4521800840950815
2837266.9507820373 51224249.35510793 128060.62338776984 6.247041274956049e-07 0.45218070879920896
2837266.9507820373 51224249.35510793 128060.62338776984 0.03788934471555087 0.49007005351475985
2837266.9507820373 51224249.35510793 128060.62338776984 0.004125611895443639 0.4941956654102035
2837266.9507820373 51224249.35510793 128060.62338776984 2.793761789809736e-05 0.4942236030281016
2837266.9507820373 51224249.35510793 128060.62338776984 0.0009300775242747373 0.49515368055237635
2837266.9507820373 51224249.35510793 128060.62338776984 0.0001272189671387619 0.4952808995195151
2837266.9507820373 51224249.35510793 128060.62338776984 0.0022812126336302163 0.49756211215314533
2837266.9507820373 51224249.35510793 128060.62338776984 2.9214520790050077e-05 0.4975913266739354
2837266.9507820373 51224249.35510793 128060.62338776984 0.021699235227496717 0.5192905619014321
2837266.9507820373 51224249.35510793 128060.62338776984 0.05131123730719298 0.5706017992086251
2837266.9507820373 51224249.35510793 128060.62338776984 0.00038702834481843133 0.5709888275534435
2837266.9507820373 51224249.35510793 128060.62338776984 0.00044173252478736777 0.5714305600782309
2837266.9507820373 51224249.35510793 128060.62338776984 0.001212114048016537 0.5726426741262475
2837266.9507820373 51224249.35510793 128060.62338776984 0.0 0.5726426741262475
2837266.9507820373 51224249.35510793 128060.62338776984 6.247041274956049e-07 0.572643298830375
2837266.9507820373 51224249.35510793 128060.62338776984 0.0 0.572643298830375
2837266.9507820373 51224249.35510793 128060.62338776984 0.009504771166433463 0.5821480699968085
2837266.9507820373 51224249.35510793 128060.62338776984 0.0002698721830781013 0.5824179421798865
2837266.9507820373 51224249.35510793 128060.62338776984 0.0032126652696607126 0.5856306074495472
2837266.9507820373 51224249.35510793 128060.62338776984 0.0 0.5856306074495472
2837266.9507820373 51224249.35510793 128060.62338776984 0.03204357526952007 0.6176741827190673
2837266.9507820373 51224249.35510793 128060.62338776984 0.005310732384541178 0.6229849151036084
2837266.9507820373 51224249.35510793 128060.62338776984 0.0 0.6229849151036084
2837266.9507820373 51224249.35510793 128060.62338776984 0.00038702834481843133 0.6233719434484268
2837266.9507820373 51224249.35510793 128060.62338776984 8.263114303903913e-05 0.6234545745914659
2837266.9507820373 51224249.35510793 128060.62338776984 0.0056872734396758865 0.6291418480311418
2837266.9507820373 51224249.35510793 128060.62338776984 0.010913131991444279 0.6400549800225861
2837266.9507820373 51224249.35510793 128060.62338776984 0.0 0.6400549800225861
2837266.9507820373 51224249.35510793 128060.62338776984 0.0032384661969372154 0.6432934462195233
2837266.9507820373 51224249.35510793 128060.62338776984 0.00656955921400178 0.6498630054335252
2837266.9507820373 51224249.35510793 128060.62338776984 0.0005235840541550304 0.6503865894876801
2837266.9507820373 51224249.35510793 128060.62338776984 4.0575723319513995e-07 0.6503869952449133
2837266.9507820373 51224249.35510793 128060.62338776984 0.002193078132650117 0.6525800733775634
2837266.9507820373 51224249.35510793 128060.62338776984 0.002585333395838551 0.655165406773402
2837266.9507820373 51224249.35510793 128060.62338776984 0.02150002245047912 0.6766654292238811
2837266.9507820373 51224249.35510793 128060.62338776984 0.020241773199518216 0.6969072024233993
2837266.9507820373 51224249.35510793 128060.62338776984 0.00013781488437980153 0.6970450173077791
2837266.9507820373 51224249.35510793 128060.62338776984 0.007667409129701559 0.7047124264374807
2837266.9507820373 51224249.35510793 128060.62338776984 0.0005697750288695474 0.7052822014663502
2837266.9507820373 51224249.35510793 128060.62338776984 0.0002587059621366943 0.705540907428487
2837266.9507820373 51224249.35510793 128060.62338776984 0.019302278290260464 0.7248431857187474
2837266.9507820373 51224249.35510793 128060.62338776984 0.0024357238464978058 0.7272789095652452
2837266.9507820373 51224249.35510793 128060.62338776984 0.0005697750288695474 0.7278486845941148
2837266.9507820373 51224249.35510793 128060.62338776984 0.0011751984787774456 0.7290238830728922
2837266.9507820373 51224249.35510793 128060.62338776984 0.003024620126831777 0.732048503199724
2837266.9507820373 51224249.35510793 128060.62338776984 0.0014231540904509248 0.7334716572901749
2837266.9507820373 51224249.35510793 128060.62338776984 0.0004754680156445297 0.7339471253058195
2837266.9507820373 51224249.35510793 128060.62338776984 0.002998533167244611 0.7369456584730641
2837266.9507820373 51224249.35510793 128060.62338776984 0.0010946814685300727 0.7380403399415942
2837266.9507820373 51224249.35510793 128060.62338776984 0.00019816619986462092 0.7382385061414588
2837266.9507820373 51224249.35510793 128060.62338776984 5.963389084629465e-06 0.7382444695305435
2837266.9507820373 51224249.35510793 128060.62338776984 0.002841196342990079 0.7410856658735335
2837266.9507820373 51224249.35510793 128060.62338776984 0.0 0.7410856658735335
2837266.9507820373 51224249.35510793 128060.62338776984 0.0018625471583744056 0.742948213031908
2837266.9507820373 51224249.35510793 128060.62338776984 0.0015607182281319114 0.7445089312600398
2837266.9507820373 51224249.35510793 128060.62338776984 0.001717456056373286 0.7462263873164131
2837266.9507820373 51224249.35510793 128060.62338776984 0.0 0.7462263873164131
2837266.9507820373 51224249.35510793 128060.62338776984 0.007396970308747193 0.7536233576251603
2837266.9507820373 51224249.35510793 128060.62338776984 0.0009761919483186031 0.7545995495734789
2837266.9507820373 51224249.35510793 128060.62338776984 0.0006696047366593514 0.7552691543101382
2837266.9507820373 51224249.35510793 128060.62338776984 0.0015073107360227414 0.7567764650461609
2837266.9507820373 51224249.35510793 128060.62338776984 0.0008401110181764341 0.7576165760643373
2837266.9507820373 51224249.35510793 128060.62338776984 0.0022409260669630222 0.7598575021313003
2837266.9507820373 51224249.35510793 128060.62338776984 0.009379983050697331 0.7692374851819976
2837266.9507820373 51224249.35510793 128060.62338776984 0.0012097598661740651 0.7704472450481717
2837266.9507820373 51224249.35510793 128060.62338776984 0.002938615237676246 0.773385860285848
2837266.9507820373 51224249.35510793 128060.62338776984 0.00845662122756674 0.7818424815134147
2837266.9507820373 51224249.35510793 128060.62338776984 0.0014393183097498735 0.7832817998231646
2837266.9507820373 51224249.35510793 128060.62338776984 0.0011679168390504974 0.7844497166622151
2837266.9507820373 51224249.35510793 128060.62338776984 0.0009938981807715774 0.7854436148429866
2837266.9507820373 51224249.35510793 128060.62338776984 0.0 0.7854436148429866
2837266.9507820373 51224249.35510793 128060.62338776984 0.0016034761658497807 0.7870470910088364
2837266.9507820373 51224249.35510793 128060.62338776984 0.005609187991689615 0.792656279000526
2837266.9507820373 51224249.35510793 128060.62338776984 0.008886364749493572 0.8015426437500196
2837266.9507820373 51224249.35510793 128060.62338776984 0.00081151446639028 0.8023541582164099
2837266.9507820373 51224249.35510793 128060.62338776984 0.00656955921400178 0.8089237174304117
2837266.9507820373 51224249.35510793 128060.62338776984 0.0022891170045389753 0.8112128344349506
2837266.9507820373 51224249.35510793 128060.62338776984 0.0023206566911870468 0.8135334911261377
2837266.9507820373 51224249.35510793 128060.62338776984 0.0007953383988564264 0.8143288295249941
2837266.9507820373 51224249.35510793 128060.62338776984 0.00038702834481843133 0.8147158578698125
2837266.9507820373 51224249.35510793 128060.62338776984 0.030855386265262914 0.8455712441350755
2837266.9507820373 51224249.35510793 128060.62338776984 0.0 0.8455712441350755
2837266.9507820373 51224249.35510793 128060.62338776984 0.0016034761658497807 0.8471747203009252
2837266.9507820373 51224249.35510793 128060.62338776984 0.001272454683299959 0.8484471749842252
2837266.9507820373 51224249.35510793 128060.62338776984 0.0009995266039929678 0.8494467015882181
2837266.9507820373 51224249.35510793 128060.62338776984 0.003376464667305138 0.8528231662555232
2837266.9507820373 51224249.35510793 128060.62338776984 0.006902846327933515 0.8597260125834567
2837266.9507820373 51224249.35510793 128060.62338776984 0.00010412714115398434 0.8598301397246106
2837266.9507820373 51224249.35510793 128060.62338776984 0.0007792712631355141 0.8606094109877461
2837266.9507820373 51224249.35510793 128060.62338776984 0.004175795926774596 0.8647852069145208
2837266.9507820373 51224249.35510793 128060.62338776984 0.0015763413146833046 0.8663615482292041
2837266.9507820373 51224249.35510793 128060.62338776984 1.4462102938053377e-06 0.8663629944394979
2837266.9507820373 51224249.35510793 128060.62338776984 0.005671468141998081 0.872034462581496
2837266.9507820373 51224249.35510793 128060.62338776984 0.0016463946614422205 0.8736808572429382
2837266.9507820373 51224249.35510793 128060.62338776984 0.0033111949482211656 0.8769920521911594
2837266.9507820373 51224249.35510793 128060.62338776984 0.02617245826554795 0.9031645104567073
2837266.9507820373 51224249.35510793 128060.62338776984 0.00324605786556112 0.9064105683222684
2837266.9507820373 51224249.35510793 128060.62338776984 0.0034427561789394786 0.9098533245012079
2837266.9507820373 51224249.35510793 128060.62338776984 0.017003890946801384 0.9268572154480094
2837266.9507820373 51224249.35510793 128060.62338776984 0.015484313625021201 0.9423415290730306
2837266.9507820373 51224249.35510793 128060.62338776984 9.317232218741978e-05 0.942434701395218
2837266.9507820373 51224249.35510793 128060.62338776984 0.0017783094813416717 0.9442130108765597
2837266.9507820373 51224249.35510793 128060.62338776984 0.005671468141998081 0.9498844790185578
2837266.9507820373 51224249.35510793 128060.62338776984 0.0021455756783189425 0.9520300546968767
2837266.9507820373 51224249.35510793 128060.62338776984 0.003599045341255927 0.9556291000381326
2837266.9507820373 51224249.35510793 128060.62338776984 0.003376464667305138 0.9590055647054377
2837266.9507820373 51224249.35510793 128060.62338776984 0.0020984212351275854 0.9611039859405653
2837266.9507820373 51224249.35510793 128060.62338776984 0.0014057164055787884 0.9625097023461441
2837266.9507820373 51224249.35510793 128060.62338776984 0.002049341890249332 0.9645590442363934
2837266.9507820373 51224249.35510793 128060.62338776984 0.00044173252478736777 0.9650007767611808
2837266.9507820373 51224249.35510793 128060.62338776984 0.011349779491343772 0.9763505562525245
2837266.9507820373 51224249.35510793 128060.62338776984 0.0010846776551045438 0.9774352339076291
2837266.9507820373 51224249.35510793 128060.62338776984 0.00792622596143124 0.9853614598690603
2837266.9507820373 51224249.35510793 128060.62338776984 0.0067084071974942245 0.9920698670665545
2837266.9507820373 51224249.35510793 128060.62338776984 0.0018259075493781299 0.9938957746159327
2837266.9507820373 51224249.35510793 128060.62338776984 0.0032126652696607126 0.9971084398855934
2837266.9507820373 51224249.35510793 128060.62338776984 0.0016818002482327163 0.9987902401338261
2837266.9507820373 51224249.35510793 128060.62338776984 0.0012097598661740651 1.0000000000000002
701's generation extracting best parents:
0
201909.30272773464
0
47522.661204945165
46475.800154489
0
795521.8126286671
592891.2210515518
0
0
0
452803.7654437074
0
0
0
0
14991.85485522055
0
0
0
0
0
0
0
0
0
0
31198.717922376232
0
28269.749768966827
349218.8135138197
0
0
0
0
0
0
0
0
183178.68871678278
18046.070818879107
0
0
0
23998.549289488314
18432.0
0
0
0
0
0
0
0
40789.09167902615
0
0
0
0
0
0
11757.550765359256
0
0
0
67567.22578291934
0
530966.6092552337
0
0
0
0
0
116853.40477709667
10867.290370648978
140395.17074315625
0
0
249484.9093632719
0
0
0
0
45318.759912424786
554050.136749374
66925.15222246417
0
0
21283.440323406365
0
0
0
0
0
207739.38627039408
0
0
0
0
0
0
0
20633.6536754885
56074.23650840018
519254.69665665994
0
0
0
0
0
0
0
0
0
0
0
0
0
0
0
0
0
21283.440323406365
0
0
0
0
59825.663389552145
34300.0
319152.1703263194
0
0
0
0
0
0
0
95407.58007621826
86148.95528095508
599745.4126544029
125004.19295367655
0
0
0
0
0
0
0
311599.8517072818
0
0
0
0
0
50911.688245431425
10507.067335845906
0
0
0
0
0
204885.82291608173
1100787.691093973
86148.95528095508
0
0
0
0
0
0
0
0
0
0
0
10516.27310409919
0
110861.67121237169
0
0
0
2507496.265201606
431244.0
16314.753568472923
0
0
0
79753.11906126306
0
16801.797999023795
0
0
0
0
0
0
0
0
0
262920.1607484675
0
0
29004.006343951864
0
759182.1955235779
184358.39600083313
30186.91769624716
0
375080.5384234165
0
78366.12788698955
0
0
84335.33067463481
0
41906.56273186814
229596.03731772027
0
30186.91769624716
2837266.9507820373
0
13824.0
0
56074.23650840018
304027.78041488247
170144.5959647264
0
9107.359661284932
145538.14994014456
120905.90218843744
764435.8965930368
206095.293221364
153153.69827725348
107592.9830425758
0
0
0
0
0
80746.90057209626
18679.230819281613
0
237042.038465754
58736.292017797656
71554.17527999327
18957.056733575497
0
95994.19715795325
46399.07033551427
24355.49219375375
0
237042.038465754
0
0
0
87975.39728810551
29744.51209887296
565738.59688022
0
0
30186.91769624716
628298.1829545585
0
0
0
10507.067335845906
843528.9870537942
28196.985654498603
72900.0
58566.201857385284
0
58736.292017797656
9994.86588204164
0
430371.9321703032
133100.0
39100.176572491335
0
34300.0
58736.292017797656
127305.73435631249
148208.53346551946
0
0
1940853.2416110188
211331.37247460443
0
47642.5230230306
0
116853.40477709667
0
1111527.036108434
2628379.61454277
19825.236442474023
22627.41699796952
62089.632242428364
0
0
0
486874.76829262776
13824.0
164566.3668675954
0
1641408.0898350659
272038.27992398426
0
19825.236442474023
0
291326.31282464
559016.9943749474
0
165888.0
336520.73933117406
26820.200148395612
0
112338.78112210405
132431.7625345219
1101322.5111437612
1036869.637761662
0
392757.2771674638
29186.29815512752
13252.01871414314
988744.7162619884
124768.12567318625
29186.29815512752
60198.65991863939
154933.89558130913
72900.0
24355.49219375375
153597.6106584995
56074.23650840018
10150.914835619498
0
145538.14994014456
0
95407.58007621826
79946.61969089125
87975.39728810551
0
378904.25156759593
50004.69977912076
34300.0
77210.86099766017
43034.056281043275
114789.75564047515
480482.5907356061
61969.04104470232
150528.3596934478
433184.07446257764
73728.0
59825.663389552145
50911.688245431425
0
82136.86295446157
287326.4443659859
455197.3637885
41569.219381653056
336520.73933117406
117258.3002435222
118873.897016965
40740.61246471388
19825.236442474023
1580544.0
0
82136.86295446157
65180.53599043199
51200.0
172956.86805674993
353593.1215620575
0
39917.5854981235
213902.01180914592
80746.90057209626
0
290516.69831526035
84335.33067463481
169613.4756910547
1340664.528430584
166276.87752661222
176352.60097883444
871011.5498660165
793172.3422207813
0
91092.56830279845
290516.69831526035
109905.50355646435
184358.39600083313
172956.86805674993
107490.05260022901
72006.7676819339
104976.0
22627.41699796952
581383.9347900834
55561.79867498892
406014.975093284
343633.12306004495
93530.74360871938
164566.3668675954
86148.95528095508
61969.04104470232
