0 12 174 576 2295.2176367394877 1322045.3587619448
1 4 83 64 189.57056733575496 12132.516309488317
2 1 56 4 14.696938456699069 58.787753826796276
3 0 50 0 1.0 0.0
4 1 15 4 58.09475019311125 232.379000772445
5 1 25 4 125.0 500.0
6 0 5 0 11.180339887498949 0.0
7 20 549 1600 5170.1933232713845 8272309.317234215
8 1 55 4 11.180339887498949 44.721359549995796
9 0 50 0 1.0 0.0
10 0 50 0 1.0 0.0
11 5 125 100 649.519052838329 64951.9052838329
12 2 58 16 22.627416997969522 362.03867196751236
13 0 50 0 1.0 0.0
14 1 52 4 2.8284271247461903 11.313708498984761
15 4 76 64 132.5745073534124 8484.768470618394
16 2 29 16 156.16977940690063 2498.71647051041
17 10 154 400 1911.089741482592 764435.8965930368
18 7 356 196 1091.336794944622 213902.01180914592
19 0 50 0 1.0 0.0
20 1 53 4 5.196152422706632 20.784609690826528
21 1 52 4 2.8284271247461903 11.313708498984761
22 17 221 1156 3285.4011931573896 3797923.7792899422
23 6 51 144 364.21284985568536 52446.65037921869
24 0 50 0 1.0 0.0
25 0 50 0 1.0 0.0
26 0 50 0 1.0 0.0
27 0 50 0 1.0 0.0
28 1 16 4 64.0 256.0
29 2 38 16 234.2477321128211 3747.9637138051376
30 2 58 16 22.627416997969522 362.03867196751236
31 1 61 4 36.4828726939094 145.9314907756376
32 2 20 16 89.44271909999159 1431.0835055998655
33 0 50 0 1.0 0.0
34 0 50 0 1.0 0.0
35 3 25 36 125.0 4500.0
36 1 5 4 11.180339887498949 44.721359549995796
37 0 50 0 1.0 0.0
38 0 50 0 1.0 0.0
39 21 248 1764 3905.507905509858 6889315.94531939
40 0 5 0 11.180339887498949 0.0
41 0 10 0 31.622776601683793 0.0
42 0 10 0 31.622776601683793 0.0
43 0 6 0 14.696938456699069 0.0
44 11 134 484 1551.1621449738902 750762.4781673629
45 0 50 0 1.0 0.0
46 0 5 0 11.180339887498949 0.0
47 2 45 16 301.8691769624716 4829.906831399546
48 0 11 0 36.4828726939094 0.0
49 1 26 4 132.5745073534124 530.2980294136496
50 1 55 4 11.180339887498949 44.721359549995796
51 1 56 4 14.696938456699069 58.787753826796276
52 0 50 0 1.0 0.0
53 0 50 0 1.0 0.0
54 0 50 0 1.0 0.0
55 0 50 0 1.0 0.0
56 1 12 4 41.569219381653056 166.27687752661222
57 0 50 0 1.0 0.0
58 0 50 0 1.0 0.0
59 3 48 36 332.55375505322445 11971.93518191608
60 1 52 4 2.8284271247461903 11.313708498984761
61 0 10 0 31.622776601683793 0.0
62 4 92 64 272.19110933313016 17420.23099732033
63 0 50 0 1.0 0.0
64 0 50 0 1.0 0.0
65 0 50 0 1.0 0.0
66 2 57 16 18.520259177452132 296.3241468392341
67 0 50 0 1.0 0.0
68 0 50 0 1.0 0.0
69 0 50 0 1.0 0.0
70 1 33 4 189.57056733575496 758.2822693430198
71 1 55 4 11.180339887498949 44.721359549995796
72 2 11 16 36.4828726939094 583.7259631025504
73 2 62 16 41.569219381653056 665.1075101064489
74 1 53 4 5.196152422706632 20.784609690826528
75 3 72 36 103.18914671611545 3714.809281780156
76 5 93 100 281.96985654498604 28196.985654498603
77 2 18 16 76.36753236814714 1221.8805178903542
78 13 237 676 2295.2176367394877 1551567.1224358936
79 8 104 256 1060.5960588272992 271512.5910597886
80 0 50 0 1.0 0.0
81 2 62 16 41.569219381653056 665.1075101064489
82 13 150 676 1837.1173070873836 1241891.2995910712
83 0 6 0 14.696938456699069 0.0
84 8 143 256 1710.0312862634999 437768.00928345596
85 16 211 1024 3064.9520387764633 3138510.8877070984
86 0 50 0 1.0 0.0
87 8 356 256 1091.336794944622 279382.2195058232
88 0 50 0 1.0 0.0
89 0 50 0 1.0 0.0
90 2 33 16 189.57056733575496 3033.1290773720793
91 0 50 0 1.0 0.0
92 0 50 0 1.0 0.0
93 0 50 0 1.0 0.0
94 11 164 484 2100.2247498779743 1016508.7789409396
95 0 50 0 1.0 0.0
96 0 50 0 1.0 0.0
97 0 50 0 1.0 0.0
98 15 228 900 3442.724502483462 3098452.052235116
99 0 6 0 14.696938456699069 0.0
100 1 20 4 89.44271909999159 357.77087639996637
101 5 65 100 524.0467536394058 52404.67536394058
102 3 71 36 96.23408959407264 3464.427225386615
103 1 20 4 89.44271909999159 357.77087639996637
104 1 50 4 1.0 4.0
105 3 14 36 52.38320341483518 1885.7953229340665
106 5 88 100 234.2477321128211 23424.77321128211
107 2 25 16 125.0 2000.0
108 2 76 16 132.5745073534124 2121.1921176545984
109 2 80 16 164.31676725154983 2629.0682760247973
110 0 50 0 1.0 0.0
111 0 50 0 1.0 0.0
112 10 96 400 940.6040612287404 376241.6244914962
113 0 7 0 18.520259177452132 0.0
114 0 50 0 1.0 0.0
115 5 69 100 573.1570465413472 57315.70465413472
116 1 37 4 225.06221362103412 900.2488544841365
117 2 65 16 58.09475019311125 929.51600308978
118 0 50 0 1.0 0.0
119 1 55 4 11.180339887498949 44.721359549995796
120 0 50 0 1.0 0.0
121 2 36 16 216.0 3456.0
122 1 56 4 14.696938456699069 58.787753826796276
123 0 50 0 1.0 0.0
124 0 50 0 1.0 0.0
125 0 50 0 1.0 0.0
126 9 232 324 3533.7187211208534 1144924.8656431565
127 3 43 36 281.96985654498604 10150.914835619498
128 0 6 0 14.696938456699069 0.0
129 0 50 0 1.0 0.0
130 0 50 0 1.0 0.0
131 0 50 0 1.0 0.0
132 0 16 0 64.0 0.0
133 1 62 4 41.569219381653056 166.27687752661222
134 0 50 0 1.0 0.0
135 1 6 4 14.696938456699069 58.787753826796276
136 24 247 2304 3881.9097104389225 8943919.972851278
137 0 50 0 1.0 0.0
138 0 6 0 14.696938456699069 0.0
139 0 50 0 1.0 0.0
140 16 189 1024 2598.3204190399615 2660680.1090969206
141 0 50 0 1.0 0.0
142 21 390 1764 7701.882886671285 13586121.412088146
143 23 374 2116 7232.8157725743295 15304638.174767282
144 0 50 0 1.0 0.0
145 4 53 64 385.84582413186746 24694.132744439517
146 8 355 256 1075.929830425758 275438.03658899403
147 0 50 0 1.0 0.0
148 0 50 0 1.0 0.0
149 0 50 0 1.0 0.0
150 12 183 576 2475.578114299769 1425932.993836667
151 0 50 0 1.0 0.0
152 0 50 0 1.0 0.0
153 0 50 0 1.0 0.0
154 1 57 4 18.520259177452132 74.08103670980853
155 1 57 4 18.520259177452132 74.08103670980853
156 0 50 0 1.0 0.0
157 4 30 64 164.31676725154983 10516.27310409919
158 21 268 1764 4387.349085723633 7739283.787216488
159 13 161 676 2042.8609840123727 1380974.025192364
160 1 53 4 5.196152422706632 20.784609690826528
161 0 50 0 1.0 0.0
162 0 50 0 1.0 0.0
163 11 154 484 1911.089741482592 924967.4348775746
164 3 69 36 82.8190799272728 2981.4868773818207
165 0 50 0 1.0 0.0
166 0 50 0 1.0 0.0
167 0 50 0 1.0 0.0
168 1 16 4 64.0 256.0
169 1 17 4 70.09279563550022 280.3711825420009
170 5 50 100 353.5533905932738 35355.33905932738
171 7 97 196 955.3392067742221 187246.48452774753
172 2 17 16 70.09279563550022 1121.4847301680036
173 1 10 4 31.622776601683793 126.49110640673517
174 0 50 0 1.0 0.0
175 2 13 16 46.87216658103186 749.9546652965098
176 0 50 0 1.0 0.0
177 1 61 4 36.4828726939094 145.9314907756376
178 6 69 144 573.1570465413472 82534.614701954
179 2 32 16 181.01933598375618 2896.309375740099
180 13 283 676 4760.7968870767845 3218298.695663906
181 6 323 144 623.7122734081797 89814.56737077788
182 5 65 100 524.0467536394058 52404.67536394058
183 11 196 484 2744.0 1328096.0
184 1 55 4 11.180339887498949 44.721359549995796
185 4 58 64 441.7148401401067 28269.749768966827
186 4 25 64 125.0 8000.0
187 2 37 16 225.06221362103412 3600.995417936546
188 5 101 100 1015.0374377332099 101503.743773321
189 0 50 0 1.0 0.0
190 2 75 16 125.0 2000.0
191 4 34 64 198.25236442474022 12688.151323183374
192 1 60 4 31.622776601683793 126.49110640673517
193 0 50 0 1.0 0.0
194 15 244 900 3811.4018418424475 3430261.6576582026
195 0 50 0 1.0 0.0
196 0 50 0 1.0 0.0
197 8 93 256 896.8595207723448 229596.03731772027
198 1 36 4 216.0 864.0
199 10 137 400 1603.5438877685885 641417.5551074354
200 10 154 400 1911.089741482592 764435.8965930368
201 4 54 64 396.81733833087486 25396.30965317599
202 6 95 144 925.9454627568516 133336.14663698664
203 6 335 144 783.6612788698955 112847.22415726495
204 0 50 0 1.0 0.0
205 13 417 676 2158.1156132144542 1458886.154532971
206 2 37 16 225.06221362103412 3600.995417936546
207 12 475 576 3375.0 1944000.0
208 9 325 324 649.519052838329 210444.1731196186
209 8 139 256 1638.785831034672 419529.172744876
210 11 147 484 1782.2802809883747 862623.6559983733
211 0 50 0 1.0 0.0
212 0 50 0 1.0 0.0
213 0 50 0 1.0 0.0
214 6 129 144 1465.1583532164707 210982.8028631718
215 5 78 100 688.877347573572 68887.7347573572
216 6 320 144 585.6620185738528 84335.33067463481
217 4 76 64 132.5745073534124 8484.768470618394
218 8 54 256 396.81733833087486 101585.23861270396
219 2 13 16 46.87216658103186 749.9546652965098
220 7 86 196 797.5311906126306 156316.1133600756
221 0 50 0 1.0 0.0
222 0 50 0 1.0 0.0
223 10 164 400 2100.2247498779743 840089.8999511898
224 17 271 1156 4461.2230385848225 5157173.832604054
225 14 225 784 3375.0 2646000.0
226 1 53 4 5.196152422706632 20.784609690826528
227 7 70 196 585.6620185738528 114789.75564047515
228 13 226 676 3397.5249815122775 2296726.8875022996
229 10 173 400 2275.4597337681016 910183.8935072407
230 14 360 784 1153.6897329871667 904492.7506619387
231 6 97 144 955.3392067742221 137568.84577548798
232 1 51 4 1.0 4.0
233 20 381 1600 7436.823313754335 11898917.302006936
234 12 205 576 2935.1533179716525 1690648.311151672
235 8 128 256 1448.1546878700494 370727.60009473265
236 3 37 36 225.06221362103412 8102.239690357228
237 7 93 196 896.8595207723448 175784.46607137957
238 0 50 0 1.0 0.0
239 12 160 576 2023.8577025077627 1165742.0366444713
240 18 214 1296 3130.5501114021476 4057192.9443771834
241 15 171 900 2236.1151580363658 2012503.6422327291
242 13 116 676 1249.358235255205 844566.1670325187
243 9 192 324 1314.5341380123987 425909.06071601715
244 6 334 144 769.8727167525811 110861.67121237169
245 3 46 36 311.9871792237623 11231.538452055443
246 5 125 100 649.519052838329 64951.9052838329
247 0 50 0 1.0 0.0
248 14 176 784 2334.9038524102016 1830564.6202895981
249 1 57 4 18.520259177452132 74.08103670980853
250 5 113 100 500.0469977912076 50004.69977912076
251 12 198 576 2786.1069613351174 1604797.6097290276
252 13 140 676 1656.5023392678925 1119795.5813450953
253 22 258 1936 4144.093628285925 8022965.26436155
254 2 64 16 52.38320341483518 838.1312546373629
255 9 117 324 1265.5484976878602 410037.7132508667
256 3 29 36 156.16977940690063 5622.112058648423
257 20 409 1600 8271.513102208084 13234420.963532934
258 14 178 784 2374.8162034144875 1861855.9034769582
259 16 235 1024 3602.4817834376345 3688941.3462401377
260 0 50 0 1.0 0.0
261 15 191 900 2639.672517567283 2375705.265810555
262 15 208 900 2999.818661186039 2699836.795067435
263 9 402 324 1873.9818569025688 607170.1216364322
264 12 219 576 1986.0292042162926 1143952.8216285845
265 26 381 2704 7436.823313754335 20109170.24039172
266 3 24 36 117.57550765359255 4232.718275529332
267 2 90 16 252.98221281347034 4047.7154050155254
268 10 83 400 756.1659870689768 302466.39482759073
269 5 185 100 1568.5582552140038 156855.82552140037
270 7 100 196 1000.0 196000.0
271 10 192 400 2660.4300404257956 1064172.0161703182
272 21 356 1764 6716.994566024302 11848778.41446687
273 20 387 1600 7613.186126714622 12181097.802743396
274 0 50 0 1.0 0.0
275 18 291 1296 4964.088133786507 6433458.221387313
276 23 423 2116 7001.992287913491 14816215.681224948
277 19 286 1444 4836.6988742323 6984193.174391441
278 11 182 484 2455.3142365082317 1188372.090469984
279 0 50 0 1.0 0.0
280 13 165 676 2119.4633754797464 1432757.2418243086
281 16 310 1024 5458.113227114292 5589107.944565035
282 17 166 1156 2138.760388636371 2472407.009263645
283 24 340 2304 6269.290230959164 14444444.692129914
284 17 272 1156 4485.938920672014 5185745.392296849
285 21 356 1764 6716.994566024302 11848778.41446687
286 15 215 900 3152.518834202264 2837266.9507820373
287 8 98 256 970.1505037879432 248358.52896971346
288 9 101 324 1015.0374377332099 328872.12982556
289 11 152 484 1873.9818569025688 907007.2187408432
290 16 347 1024 6463.8937955384135 6619027.2466313355
291 9 100 324 1000.0 324000.0
292 19 228 1444 3442.724502483462 4971294.181586119
293 0 50 0 1.0 0.0
294 11 199 484 2807.240459953511 1358704.3826174994
295 6 72 144 610.9402589451771 87975.39728810551
296 9 125 324 1397.5424859373686 452803.7654437074
297 19 242 1444 3764.636503037179 5436135.110385686
298 5 76 100 662.5526394181824 66255.26394181824
299 16 235 1024 3602.4817834376345 3688941.3462401377
300 30 488 3600 10780.272352774766 38808980.46998916
301 8 95 256 925.9454627568516 237042.038465754
302 11 438 484 2577.7261297507926 1247619.4467993835
303 12 164 576 2100.2247498779743 1209729.4559297133
304 12 194 576 1692.125290869444 974664.1675407997
305 12 433 576 2475.578114299769 1425932.993836667
306 13 148 676 1800.497708968273 1217136.4512625525
307 8 100 256 1000.0 256000.0
308 0 50 0 1.0 0.0
309 10 170 400 2216.5288177689004 886611.5271075602
310 16 230 1024 3488.1227042637133 3571837.6491660425
311 19 213 1444 3108.6326576165284 4488865.557598267
312 13 167 676 2158.1156132144542 1458886.154532971
313 10 345 400 925.9454627568516 370378.18510274065
314 7 342 196 882.4330002895404 172956.86805674993
315 13 473 676 3330.1001486441814 2251147.7004834665
316 11 166 484 2138.760388636371 1035160.0281000035
317 9 113 324 1201.2064768390153 389190.89849584096
318 17 230 1156 3488.1227042637133 4032269.8461288526
319 17 232 1156 3533.7187211208534 4084978.8416157067
320 26 403 2704 8090.168539653547 21875815.731223192
321 22 333 1936 6076.6797677679215 11764452.030398697
322 18 210 1296 3043.189116699782 3943973.0952429175
323 10 183 400 2475.578114299769 990231.2457199076
324 10 122 400 1347.5340440968457 539013.6176387382
325 1 8 4 22.627416997969522 90.50966799187809
326 2 12 16 41.569219381653056 665.1075101064489
327 18 255 1296 4072.0234527811845 5277342.394804415
328 9 160 324 2023.8577025077627 655729.8956125152
329 15 221 900 3285.4011931573896 2956861.0738416505
330 9 365 324 1233.2376088978149 399568.985282892
331 15 260 900 4192.374029115246 3773136.6262037214
332 8 62 256 488.18848818873226 124976.25297631546
333 22 492 1936 10913.087922306866 21127738.217586093
334 8 101 256 1015.0374377332099 259849.58405970174
335 11 122 484 1347.5340440968457 652206.4773428733
336 19 370 1444 7117.0921028183975 10277080.996469766
337 9 140 324 1656.5023392678925 536706.7579227971
338 9 104 324 1060.5960588272992 343633.12306004495
339 14 445 784 2723.0268085349435 2134853.017891396
340 13 251 676 3976.5878589564695 2688173.3926545735
341 15 286 900 4836.6988742323 4353028.98680907
342 22 394 1936 7820.676697064008 15140830.08551592
343 14 222 784 3307.7255025167974 2593256.7939731693
344 19 290 1444 4938.522046118656 7131225.834595339
345 11 130 484 1482.2280526288794 717398.3774723776
346 19 241 1444 3741.3261017986656 5402474.890997273
347 35 638 4900 16115.026279842054 78963628.77122606
348 22 396 1936 7880.30050188443 15256261.771648256
349 21 489 1764 10813.425405485536 19074882.415276486
350 9 107 324 1106.8166063083802 358608.58044391515
351 16 190 1024 2618.969262897142 2681824.5252066734
352 10 102 400 1030.1495037129318 412059.80148517276
353 18 317 1296 5644.024539280459 7314655.802907475
354 18 337 1296 6186.497635981121 8017700.936231532
355 8 73 256 623.7122734081797 159670.341992494
356 22 385 1936 7554.245495084205 14625019.27848302
357 19 305 1444 5326.596004954759 7691604.631154672
358 14 230 784 3488.1227042637133 2734688.2001427514
359 14 497 784 3881.9097104389225 3043417.2129841154
360 0 50 0 1.0 0.0
361 5 79 100 702.1673589679315 70216.73589679315
362 20 320 1600 5724.334022399462 9158934.435839139
363 18 219 1296 3240.9040405417745 4200211.63654214
364 26 397 2704 7910.168961532996 21389096.87198522
365 13 201 676 2849.6668226303227 1926374.7720980982
366 20 351 1600 6575.982892313514 10521572.627701622
367 12 155 576 1929.7344376882536 1111527.036108434
368 17 310 1156 5458.113227114292 6309578.890544122
369 19 378 1444 7349.159951994514 10612186.970680078
370 14 308 784 5405.378062633547 4237816.401104701
371 20 262 1600 4240.840482734525 6785344.77237524
372 15 183 900 2475.578114299769 2228020.302869792
373 12 157 576 1967.204361524242 1133109.7122379635
374 11 126 484 1414.3464922005498 684543.7022250661
375 15 296 900 5092.576558089235 4583318.902280311
376 14 209 784 3021.4779496134006 2368838.712496906
377 15 182 900 2455.3142365082317 2209782.8128574085
378 19 298 1444 5144.277597486356 7428336.850770298
379 10 127 400 1431.21731403725 572486.9256149
380 18 268 1296 4387.349085723633 5686004.415097828
381 12 174 576 2295.2176367394877 1322045.3587619448
382 20 369 1600 7088.258530838163 11341213.649341062
383 5 62 100 488.18848818873226 48818.84881887323
384 13 249 676 2765.0267629807854 1869158.091775011
385 23 441 2116 9261.0 19596276.0
386 21 293 1764 5015.352131206741 8847081.159448693
387 15 475 900 3375.0 3037500.0
388 13 240 676 3718.06401235912 2513411.2723547653
389 14 480 784 3488.1227042637133 2734688.2001427514
390 12 384 576 1551.1621449738902 893469.3955049608
391 20 351 1600 6575.982892313514 10521572.627701622
392 19 265 1444 4313.8874579664225 6229253.489303514
393 29 377 3364 7320.015915283245 24624533.539012834
394 13 213 676 3108.6326576165284 2101435.676548773
395 10 172 400 2255.7588523598884 902303.5409439553
396 22 353 1936 6632.267862503745 12840070.58180725
397 21 275 1764 4560.359086738675 8044473.429007023
398 13 126 676 1414.3464922005498 956098.2287275717
399 8 69 256 573.1570465413472 146728.20391458488
2101's generation fitness ratios and roulette cutoffs:
78963628.77122606 897250994.6230942 2243127.4865577356 0.0014734398364387358 0.0014734398364387358
78963628.77122606 897250994.6230942 2243127.4865577356 1.352187557572426e-05 0.00148696171201446
78963628.77122606 897250994.6230942 2243127.4865577356 6.551985361854192e-08 0.0014870272318680785
78963628.77122606 897250994.6230942 2243127.4865577356 0.0 0.0014870272318680785
78963628.77122606 897250994.6230942 2243127.4865577356 2.5898996174427185e-07 0.0014872862218298227
78963628.77122606 897250994.6230942 2243127.4865577356 5.572576714835893e-07 0.0014878434795013063
78963628.77122606 897250994.6230942 2243127.4865577356 0.0 0.0014878434795013063
78963628.77122606 897250994.6230942 2243127.4865577356 0.009219615655827879 0.010707459135329184
78963628.77122606 897250994.6230942 2243127.4865577356 4.9842641376822075e-08 0.010707508977970561
78963628.77122606 897250994.6230942 2243127.4865577356 0.0 0.010707508977970561
78963628.77122606 897250994.6230942 2243127.4865577356 0.0 0.010707508977970561
78963628.77122606 897250994.6230942 2243127.4865577356 7.238989499378273e-05 0.010779898872964344
78963628.77122606 897250994.6230942 2243127.4865577356 4.0349765465525393e-07 0.010780302370619
78963628.77122606 897250994.6230942 2243127.4865577356 0.0 0.010780302370619
78963628.77122606 897250994.6230942 2243127.4865577356 1.2609301707976685e-08 0.010780314979920708
78963628.77122606 897250994.6230942 2243127.4865577356 9.456404642028362e-06 0.010789771384562736
78963628.77122606 897250994.6230942 2243127.4865577356 2.784857844108648e-06 0.010792556242406845
78963628.77122606 897250994.6230942 2243127.4865577356 0.0008519755354678112 0.011644531777874657
78963628.77122606 897250994.6230942 2243127.4865577356 0.00023839707405283976 0.011882928851927496
78963628.77122606 897250994.6230942 2243127.4865577356 0.0 0.011882928851927496
78963628.77122606 897250994.6230942 2243127.4865577356 2.3164766398010473e-08 0.011882952016693895
78963628.77122606 897250994.6230942 2243127.4865577356 1.2609301707976685e-08 0.011882964625995604
78963628.77122606 897250994.6230942 2243127.4865577356 0.004232844323438533 0.016115808949434138
78963628.77122606 897250994.6230942 2243127.4865577356 5.8452596534874634e-05 0.016174261545969012
78963628.77122606 897250994.6230942 2243127.4865577356 0.0 0.016174261545969012
78963628.77122606 897250994.6230942 2243127.4865577356 0.0 0.016174261545969012
78963628.77122606 897250994.6230942 2243127.4865577356 0.0 0.016174261545969012
78963628.77122606 897250994.6230942 2243127.4865577356 0.0 0.016174261545969012
78963628.77122606 897250994.6230942 2243127.4865577356 2.8531592779959774e-07 0.016174546861896812
78963628.77122606 897250994.6230942 2243127.4865577356 4.177163063920073e-06 0.016178724024960733
78963628.77122606 897250994.6230942 2243127.4865577356 4.0349765465525393e-07 0.01617912752261539
78963628.77122606 897250994.6230942 2243127.4865577356 1.626428854915214e-07 0.016179290165500883
78963628.77122606 897250994.6230942 2243127.4865577356 1.5949645240583064e-06 0.01618088513002494
78963628.77122606 897250994.6230942 2243127.4865577356 0.0 0.01618088513002494
78963628.77122606 897250994.6230942 2243127.4865577356 0.0 0.01618088513002494
78963628.77122606 897250994.6230942 2243127.4865577356 5.015319043352304e-06 0.016185900449068293
78963628.77122606 897250994.6230942 2243127.4865577356 4.9842641376822075e-08 0.016185950291709668
78963628.77122606 897250994.6230942 2243127.4865577356 0.0 0.016185950291709668
78963628.77122606 897250994.6230942 2243127.4865577356 0.0 0.016185950291709668
78963628.77122606 897250994.6230942 2243127.4865577356 0.0076782483236068925 0.02386419861531656
78963628.77122606 897250994.6230942 2243127.4865577356 0.0 0.02386419861531656
78963628.77122606 897250994.6230942 2243127.4865577356 0.0 0.02386419861531656
78963628.77122606 897250994.6230942 2243127.4865577356 0.0 0.02386419861531656
78963628.77122606 897250994.6230942 2243127.4865577356 0.0 0.02386419861531656
78963628.77122606 897250994.6230942 2243127.4865577356 0.0008367363008415874 0.02470093491615815
78963628.77122606 897250994.6230942 2243127.4865577356 0.0 0.02470093491615815
78963628.77122606 897250994.6230942 2243127.4865577356 0.0 0.02470093491615815
78963628.77122606 897250994.6230942 2243127.4865577356 5.383005268696784e-06 0.024706317921426846
78963628.77122606 897250994.6230942 2243127.4865577356 0.0 0.024706317921426846
78963628.77122606 897250994.6230942 2243127.4865577356 5.910252901267726e-07 0.024706908946716972
78963628.77122606 897250994.6230942 2243127.4865577356 4.9842641376822075e-08 0.024706958789358347
78963628.77122606 897250994.6230942 2243127.4865577356 6.551985361854192e-08 0.024707024309211966
78963628.77122606 897250994.6230942 2243127.4865577356 0.0 0.024707024309211966
78963628.77122606 897250994.6230942 2243127.4865577356 0.0 0.024707024309211966
78963628.77122606 897250994.6230942 2243127.4865577356 0.0 0.024707024309211966
78963628.77122606 897250994.6230942 2243127.4865577356 0.0 0.024707024309211966
78963628.77122606 897250994.6230942 2243127.4865577356 1.8531813118408378e-07 0.02470720962734315
78963628.77122606 897250994.6230942 2243127.4865577356 0.0 0.02470720962734315
78963628.77122606 897250994.6230942 2243127.4865577356 0.0 0.02470720962734315
78963628.77122606 897250994.6230942 2243127.4865577356 1.3342905445254032e-05 0.024720552532788403
78963628.77122606 897250994.6230942 2243127.4865577356 1.2609301707976685e-08 0.02472056514209011
78963628.77122606 897250994.6230942 2243127.4865577356 0.0 0.02472056514209011
78963628.77122606 897250994.6230942 2243127.4865577356 1.9415114724545944e-05 0.024739980256814658
78963628.77122606 897250994.6230942 2243127.4865577356 0.0 0.024739980256814658
78963628.77122606 897250994.6230942 2243127.4865577356 0.0 0.024739980256814658
78963628.77122606 897250994.6230942 2243127.4865577356 0.0 0.024739980256814658
78963628.77122606 897250994.6230942 2243127.4865577356 3.3025780814398563e-07 0.0247403105146228
78963628.77122606 897250994.6230942 2243127.4865577356 0.0 0.0247403105146228
78963628.77122606 897250994.6230942 2243127.4865577356 0.0 0.0247403105146228
78963628.77122606 897250994.6230942 2243127.4865577356 0.0 0.0247403105146228
78963628.77122606 897250994.6230942 2243127.4865577356 8.451172234827663e-07 0.024741155631846284
78963628.77122606 897250994.6230942 2243127.4865577356 4.9842641376822075e-08 0.02474120547448766
78963628.77122606 897250994.6230942 2243127.4865577356 6.505715419660856e-07 0.024741856046029624
78963628.77122606 897250994.6230942 2243127.4865577356 7.412725247363351e-07 0.02474259731855436
78963628.77122606 897250994.6230942 2243127.4865577356 2.3164766398010473e-08 0.02474262048332076
78963628.77122606 897250994.6230942 2243127.4865577356 4.1402119407408695e-06 0.0247467606952615
78963628.77122606 897250994.6230942 2243127.4865577356 3.1425973137364126e-05 0.024778186668398865
78963628.77122606 897250994.6230942 2243127.4865577356 1.361804584461482e-06 0.024779548472983325
78963628.77122606 897250994.6230942 2243127.4865577356 0.0017292453635982385 0.026508793836581564
78963628.77122606 897250994.6230942 2243127.4865577356 0.0003026049485449076 0.02681139878512647
78963628.77122606 897250994.6230942 2243127.4865577356 0.0 0.02681139878512647
78963628.77122606 897250994.6230942 2243127.4865577356 7.412725247363351e-07 0.02681214005765121
78963628.77122606 897250994.6230942 2243127.4865577356 0.001384106907691698 0.028196246965342908
78963628.77122606 897250994.6230942 2243127.4865577356 0.0 0.028196246965342908
78963628.77122606 897250994.6230942 2243127.4865577356 0.00048789916300660997 0.02868414612834952
78963628.77122606 897250994.6230942 2243127.4865577356 0.003497918538419101 0.03218206466676862
78963628.77122606 897250994.6230942 2243127.4865577356 0.0 0.03218206466676862
78963628.77122606 897250994.6230942 2243127.4865577356 0.0003113757701914642 0.032493440436960085
78963628.77122606 897250994.6230942 2243127.4865577356 0.0 0.032493440436960085
78963628.77122606 897250994.6230942 2243127.4865577356 0.0 0.032493440436960085
78963628.77122606 897250994.6230942 2243127.4865577356 3.380468893931065e-06 0.03249682090585401
78963628.77122606 897250994.6230942 2243127.4865577356 0.0 0.03249682090585401
78963628.77122606 897250994.6230942 2243127.4865577356 0.0 0.03249682090585401
78963628.77122606 897250994.6230942 2243127.4865577356 0.0 0.03249682090585401
78963628.77122606 897250994.6230942 2243127.4865577356 0.0011329146303905092 0.03362973553624452
78963628.77122606 897250994.6230942 2243127.4865577356 0.0 0.03362973553624452
78963628.77122606 897250994.6230942 2243127.4865577356 0.0 0.03362973553624452
78963628.77122606 897250994.6230942 2243127.4865577356 0.0 0.03362973553624452
78963628.77122606 897250994.6230942 2243127.4865577356 0.0034532723516641785 0.0370830078879087
78963628.77122606 897250994.6230942 2243127.4865577356 0.0 0.0370830078879087
78963628.77122606 897250994.6230942 2243127.4865577356 3.987411310145766e-07 0.037083406629039715
78963628.77122606 897250994.6230942 2243127.4865577356 5.840581473632589e-05 0.03714181244377604
78963628.77122606 897250994.6230942 2243127.4865577356 3.861157297286594e-06 0.03714567360107333
78963628.77122606 897250994.6230942 2243127.4865577356 3.987411310145766e-07 0.03714607234220434
78963628.77122606 897250994.6230942 2243127.4865577356 4.458061371868715e-09 0.037146076800265715
78963628.77122606 897250994.6230942 2243127.4865577356 2.1017478211057625e-06 0.03714817854808682
78963628.77122606 897250994.6230942 2243127.4865577356 2.610726914950046e-05 0.03717428581723632
78963628.77122606 897250994.6230942 2243127.4865577356 2.2290306859343574e-06 0.037176514847922254
78963628.77122606 897250994.6230942 2243127.4865577356 2.3641011605070906e-06 0.03717887894908276
78963628.77122606 897250994.6230942 2243127.4865577356 2.930136931337906e-06 0.0371818090860141
78963628.77122606 897250994.6230942 2243127.4865577356 0.0 0.0371818090860141
78963628.77122606 897250994.6230942 2243127.4865577356 0.0 0.0371818090860141
78963628.77122606 897250994.6230942 2243127.4865577356 0.00041932706315866834 0.03760113614917277
78963628.77122606 897250994.6230942 2243127.4865577356 0.0 0.03760113614917277
78963628.77122606 897250994.6230942 2243127.4865577356 0.0 0.03760113614917277
78963628.77122606 897250994.6230942 2243127.4865577356 6.387923223000847e-05 0.03766501538140278
78963628.77122606 897250994.6230942 2243127.4865577356 1.0033411608111971e-06 0.037666018722563595
78963628.77122606 897250994.6230942 2243127.4865577356 1.0359598469770874e-06 0.03766705468241057
78963628.77122606 897250994.6230942 2243127.4865577356 0.0 0.03766705468241057
78963628.77122606 897250994.6230942 2243127.4865577356 4.9842641376822075e-08 0.037667104525051946
78963628.77122606 897250994.6230942 2243127.4865577356 0.0 0.037667104525051946
78963628.77122606 897250994.6230942 2243127.4865577356 3.851765025294569e-06 0.03767095629007724
78963628.77122606 897250994.6230942 2243127.4865577356 6.551985361854192e-08 0.03767102180993086
78963628.77122606 897250994.6230942 2243127.4865577356 0.0 0.03767102180993086
78963628.77122606 897250994.6230942 2243127.4865577356 0.0 0.03767102180993086
78963628.77122606 897250994.6230942 2243127.4865577356 0.0 0.03767102180993086
78963628.77122606 897250994.6230942 2243127.4865577356 0.0012760363293039334 0.03894705813923479
78963628.77122606 897250994.6230942 2243127.4865577356 1.1313350329451087e-05 0.03895837148956424
78963628.77122606 897250994.6230942 2243127.4865577356 0.0 0.03895837148956424
78963628.77122606 897250994.6230942 2243127.4865577356 0.0 0.03895837148956424
78963628.77122606 897250994.6230942 2243127.4865577356 0.0 0.03895837148956424
78963628.77122606 897250994.6230942 2243127.4865577356 0.0 0.03895837148956424
78963628.77122606 897250994.6230942 2243127.4865577356 0.0 0.03895837148956424
78963628.77122606 897250994.6230942 2243127.4865577356 1.8531813118408378e-07 0.03895855680769542
78963628.77122606 897250994.6230942 2243127.4865577356 0.0 0.03895855680769542
78963628.77122606 897250994.6230942 2243127.4865577356 6.551985361854192e-08 0.03895862232754904
78963628.77122606 897250994.6230942 2243127.4865577356 0.009968136036013342 0.04892675836356238
78963628.77122606 897250994.6230942 2243127.4865577356 0.0 0.04892675836356238
78963628.77122606 897250994.6230942 2243127.4865577356 0.0 0.04892675836356238
78963628.77122606 897250994.6230942 2243127.4865577356 0.0 0.04892675836356238
78963628.77122606 897250994.6230942 2243127.4865577356 0.002965368804316105 0.051892127167878485
78963628.77122606 897250994.6230942 2243127.4865577356 0.0 0.051892127167878485
78963628.77122606 897250994.6230942 2243127.4865577356 0.01514194076518715 0.06703406793306563
78963628.77122606 897250994.6230942 2243127.4865577356 0.017057254064339333 0.08409132199740496
78963628.77122606 897250994.6230942 2243127.4865577356 0.0 0.08409132199740496
78963628.77122606 897250994.6230942 2243127.4865577356 2.7521989824946046e-05 0.08411884398722991
78963628.77122606 897250994.6230942 2243127.4865577356 0.000306979917815189 0.08442582390504509
78963628.77122606 897250994.6230942 2243127.4865577356 0.0 0.08442582390504509
78963628.77122606 897250994.6230942 2243127.4865577356 0.0 0.08442582390504509
78963628.77122606 897250994.6230942 2243127.4865577356 0.0 0.08442582390504509
78963628.77122606 897250994.6230942 2243127.4865577356 0.0015892241996740887 0.08601504810471917
78963628.77122606 897250994.6230942 2243127.4865577356 0.0 0.08601504810471917
78963628.77122606 897250994.6230942 2243127.4865577356 0.0 0.08601504810471917
78963628.77122606 897250994.6230942 2243127.4865577356 0.0 0.08601504810471917
78963628.77122606 897250994.6230942 2243127.4865577356 8.256445203599641e-08 0.08601513066917121
78963628.77122606 897250994.6230942 2243127.4865577356 8.256445203599641e-08 0.08601521323362325
78963628.77122606 897250994.6230942 2243127.4865577356 0.0 0.08601521323362325
78963628.77122606 897250994.6230942 2243127.4865577356 1.1720547725351624e-05 0.08602693378134861
78963628.77122606 897250994.6230942 2243127.4865577356 0.00862555052442991 0.09465248430577852
78963628.77122606 897250994.6230942 2243127.4865577356 0.0015391167393160328 0.09619160104509455
78963628.77122606 897250994.6230942 2243127.4865577356 2.3164766398010473e-08 0.09619162420986095
78963628.77122606 897250994.6230942 2243127.4865577356 0.0 0.09619162420986095
78963628.77122606 897250994.6230942 2243127.4865577356 0.0 0.09619162420986095
78963628.77122606 897250994.6230942 2243127.4865577356 0.0010308903979160515 0.097222514607777
78963628.77122606 897250994.6230942 2243127.4865577356 3.3229128696973423e-06 0.0972258375206467
78963628.77122606 897250994.6230942 2243127.4865577356 0.0 0.0972258375206467
78963628.77122606 897250994.6230942 2243127.4865577356 0.0 0.0972258375206467
78963628.77122606 897250994.6230942 2243127.4865577356 0.0 0.0972258375206467
78963628.77122606 897250994.6230942 2243127.4865577356 2.8531592779959774e-07 0.0972261228365745
78963628.77122606 897250994.6230942 2243127.4865577356 3.124779846689116e-07 0.09722643531455917
78963628.77122606 897250994.6230942 2243127.4865577356 3.940406783742714e-05 0.0972658393823966
78963628.77122606 897250994.6230942 2243127.4865577356 0.00020868907992284104 0.09747452846231944
78963628.77122606 897250994.6230942 2243127.4865577356 1.2499119386756464e-06 0.09747577837425811
78963628.77122606 897250994.6230942 2243127.4865577356 1.4097627883920033e-07 0.09747591935053695
78963628.77122606 897250994.6230942 2243127.4865577356 0.0 0.09747591935053695
78963628.77122606 897250994.6230942 2243127.4865577356 8.358359810027753e-07 0.09747675518651795
78963628.77122606 897250994.6230942 2243127.4865577356 0.0 0.09747675518651795
78963628.77122606 897250994.6230942 2243127.4865577356 1.626428854915214e-07 0.09747691782940344
78963628.77122606 897250994.6230942 2243127.4865577356 9.19860944112122e-05 0.09756890392381466
78963628.77122606 897250994.6230942 2243127.4865577356 3.2279812372420315e-06 0.0975721319050519
78963628.77122606 897250994.6230942 2243127.4865577356 0.003586843274568682 0.10115897517962058
78963628.77122606 897250994.6230942 2243127.4865577356 0.00010009971335669128 0.10125907489297727
78963628.77122606 897250994.6230942 2243127.4865577356 5.840581473632589e-05 0.1013174807077136
78963628.77122606 897250994.6230942 2243127.4865577356 0.001480183368933338 0.10279766407664694
78963628.77122606 897250994.6230942 2243127.4865577356 4.9842641376822075e-08 0.10279771391928831
78963628.77122606 897250994.6230942 2243127.4865577356 3.1507069859356386e-05 0.10282922098914767
78963628.77122606 897250994.6230942 2243127.4865577356 8.91612274373743e-06 0.10283813711189141
78963628.77122606 897250994.6230942 2243127.4865577356 4.0133646432447884e-06 0.10284215047653465
78963628.77122606 897250994.6230942 2243127.4865577356 0.00011312747980397547 0.10295527795633863
78963628.77122606 897250994.6230942 2243127.4865577356 0.0 0.10295527795633863
78963628.77122606 897250994.6230942 2243127.4865577356 2.2290306859343574e-06 0.10295750698702456
78963628.77122606 897250994.6230942 2243127.4865577356 1.414113932357718e-05 0.10297164812634814
78963628.77122606 897250994.6230942 2243127.4865577356 1.4097627883920033e-07 0.10297178910262698
78963628.77122606 897250994.6230942 2243127.4865577356 0.0 0.10297178910262698
78963628.77122606 897250994.6230942 2243127.4865577356 0.0038230792478520944 0.10679486835047908
78963628.77122606 897250994.6230942 2243127.4865577356 0.0 0.10679486835047908
78963628.77122606 897250994.6230942 2243127.4865577356 0.0 0.10679486835047908
78963628.77122606 897250994.6230942 2243127.4865577356 0.00025588830627506413 0.10705075665675415
78963628.77122606 897250994.6230942 2243127.4865577356 9.629412563236423e-07 0.10705171959801048
78963628.77122606 897250994.6230942 2243127.4865577356 0.0007148697064157326 0.10776658930442622
78963628.77122606 897250994.6230942 2243127.4865577356 0.0008519755354678112 0.10861856483989403
78963628.77122606 897250994.6230942 2243127.4865577356 2.830457676321011e-05 0.10864686941665724
78963628.77122606 897250994.6230942 2243127.4865577356 0.0001486051811990432 0.10879547459785628
78963628.77122606 897250994.6230942 2243127.4865577356 0.00012576996273452824 0.10892124456059081
78963628.77122606 897250994.6230942 2243127.4865577356 0.0 0.10892124456059081
78963628.77122606 897250994.6230942 2243127.4865577356 0.0016259510028693827 0.1105471955634602
78963628.77122606 897250994.6230942 2243127.4865577356 4.0133646432447884e-06 0.11055120892810344
78963628.77122606 897250994.6230942 2243127.4865577356 0.0021666178267281955 0.11271782675483163
78963628.77122606 897250994.6230942 2243127.4865577356 0.00023454325977985603 0.11295237001461149
78963628.77122606 897250994.6230942 2243127.4865577356 0.00046757169984649224 0.11341994171445798
78963628.77122606 897250994.6230942 2243127.4865577356 0.0009614072998166285 0.1143813490142746
78963628.77122606 897250994.6230942 2243127.4865577356 0.0 0.1143813490142746
78963628.77122606 897250994.6230942 2243127.4865577356 0.0 0.1143813490142746
78963628.77122606 897250994.6230942 2243127.4865577356 0.0 0.1143813490142746
78963628.77122606 897250994.6230942 2243127.4865577356 0.00023514357089322456 0.11461649258516783
78963628.77122606 897250994.6230942 2243127.4865577356 7.6776437329328e-05 0.11469326902249716
78963628.77122606 897250994.6230942 2243127.4865577356 9.399301999109104e-05 0.11478726204248825
78963628.77122606 897250994.6230942 2243127.4865577356 9.456404642028362e-06 0.11479671844713028
78963628.77122606 897250994.6230942 2243127.4865577356 0.00011321830705284044 0.11490993675418312
78963628.77122606 897250994.6230942 2243127.4865577356 8.358359810027753e-07 0.11491077259016412
78963628.77122606 897250994.6230942 2243127.4865577356 0.00017421670669280103 0.11508498929685693
78963628.77122606 897250994.6230942 2243127.4865577356 0.0 0.11508498929685693
78963628.77122606 897250994.6230942 2243127.4865577356 0.0 0.11508498929685693
78963628.77122606 897250994.6230942 2243127.4865577356 0.0009362930829673631 0.11602128237982429
78963628.77122606 897250994.6230942 2243127.4865577356 0.005747749362786067 0.12176903174261035
78963628.77122606 897250994.6230942 2243127.4865577356 0.0029490075974911547 0.1247180393401015
78963628.77122606 897250994.6230942 2243127.4865577356 2.3164766398010473e-08 0.1247180625048679
78963628.77122606 897250994.6230942 2243127.4865577356 0.00012793494387676279 0.12484599744874467
78963628.77122606 897250994.6230942 2243127.4865577356 0.002559737354726566 0.12740573480347123
78963628.77122606 897250994.6230942 2243127.4865577356 0.0010144139142354244 0.12842014871770666
78963628.77122606 897250994.6230942 2243127.4865577356 0.0010080710482153173 0.12942821976592198
78963628.77122606 897250994.6230942 2243127.4865577356 0.0001533225893310669 0.12958154235525304
78963628.77122606 897250994.6230942 2243127.4865577356 4.458061371868715e-09 0.1295815468133144
78963628.77122606 897250994.6230942 2243127.4865577356 0.013261525897784355 0.14284307271109875
78963628.77122606 897250994.6230942 2243127.4865577356 0.001884253482340087 0.14472732619343884
78963628.77122606 897250994.6230942 2243127.4865577356 0.00041318159836698003 0.14514050779180582
78963628.77122606 897250994.6230942 2243127.4865577356 9.030070447300774e-06 0.14514953786225313
78963628.77122606 897250994.6230942 2243127.4865577356 0.000195914484491846 0.14534545234674498
78963628.77122606 897250994.6230942 2243127.4865577356 0.0 0.14534545234674498
78963628.77122606 897250994.6230942 2243127.4865577356 0.0012992373857820703 0.14664468973252706
78963628.77122606 897250994.6230942 2243127.4865577356 0.004521803785886554 0.1511664935184136
78963628.77122606 897250994.6230942 2243127.4865577356 0.0022429661870457065 0.1534094597054593
78963628.77122606 897250994.6230942 2243127.4865577356 0.0009412819513087231 0.15435074165676801
78963628.77122606 897250994.6230942 2243127.4865577356 0.00047468218287674075 0.15482542383964476
78963628.77122606 897250994.6230942 2243127.4865577356 0.00012355703351317102 0.15494898087315792
78963628.77122606 897250994.6230942 2243127.4865577356 1.2517721929941628e-05 0.15496149859508787
78963628.77122606 897250994.6230942 2243127.4865577356 7.238989499378273e-05 0.15503388849008165
78963628.77122606 897250994.6230942 2243127.4865577356 0.0 0.15503388849008165
78963628.77122606 897250994.6230942 2243127.4865577356 0.0020401923556056445 0.1570740808456873
78963628.77122606 897250994.6230942 2243127.4865577356 8.256445203599641e-08 0.15707416341013933
78963628.77122606 897250994.6230942 2243127.4865577356 5.573100512429758e-05 0.15712989441526362
78963628.77122606 897250994.6230942 2243127.4865577356 0.0017885715584000557 0.1589184659736637
78963628.77122606 897250994.6230942 2243127.4865577356 0.0012480293563959602 0.16016649533005964
78963628.77122606 897250994.6230942 2243127.4865577356 0.008941717883223675 0.16910821321328331
78963628.77122606 897250994.6230942 2243127.4865577356 9.341101427136722e-07 0.16910914732342602
78963628.77122606 897250994.6230942 2243127.4865577356 0.0004569933226132673 0.16956614064603928
78963628.77122606 897250994.6230942 2243127.4865577356 6.265930149244458e-06 0.16957240657618852
78963628.77122606 897250994.6230942 2243127.4865577356 0.014749965219143927 0.18432237179533245
78963628.77122606 897250994.6230942 2243127.4865577356 0.0020750669708190883 0.18639743876615153
78963628.77122606 897250994.6230942 2243127.4865577356 0.0041113817296906325 0.19050882049584217
78963628.77122606 897250994.6230942 2243127.4865577356 0.0 0.19050882049584217
78963628.77122606 897250994.6230942 2243127.4865577356 0.0026477599691137827 0.19315658046495596
78963628.77122606 897250994.6230942 2243127.4865577356 0.003009009531609991 0.19616558999656594
78963628.77122606 897250994.6230942 2243127.4865577356 0.0006767004163550519 0.196842290412921
78963628.77122606 897250994.6230942 2243127.4865577356 0.0012749529713356536 0.19811724338425665
78963628.77122606 897250994.6230942 2243127.4865577356 0.02241197876725556 0.22052922215151222
78963628.77122606 897250994.6230942 2243127.4865577356 4.717429460535018e-06 0.22053393958097275
78963628.77122606 897250994.6230942 2243127.4865577356 4.511240922854411e-06 0.2205384508218956
78963628.77122606 897250994.6230942 2243127.4865577356 0.00033710343776731833 0.22087555425966293
78963628.77122606 897250994.6230942 2243127.4865577356 0.00017481822417738348 0.22105037248384032
78963628.77122606 897250994.6230942 2243127.4865577356 0.000218445007221567 0.2212688174910619
78963628.77122606 897250994.6230942 2243127.4865577356 0.0011860360395781362 0.22245485353064004
78963628.77122606 897250994.6230942 2243127.4865577356 0.013205645338341647 0.2356604988689817
78963628.77122606 897250994.6230942 2243127.4865577356 0.013576020395341303 0.249236519264323
78963628.77122606 897250994.6230942 2243127.4865577356 0.0 0.249236519264323
78963628.77122606 897250994.6230942 2243127.4865577356 0.007170187896074496 0.2564067071603975
78963628.77122606 897250994.6230942 2243127.4865577356 0.01651289970143611 0.2729196068618336
78963628.77122606 897250994.6230942 2243127.4865577356 0.007783990451105905 0.2807035973129395
78963628.77122606 897250994.6230942 2243127.4865577356 0.0013244589279827774 0.28202805624092225
78963628.77122606 897250994.6230942 2243127.4865577356 0.0 0.28202805624092225
78963628.77122606 897250994.6230942 2243127.4865577356 0.0015968299287605283 0.2836248861696828
78963628.77122606 897250994.6230942 2243127.4865577356 0.006229146557717483 0.2898540327274003
78963628.77122606 897250994.6230942 2243127.4865577356 0.002755535545883928 0.2926095682732842
78963628.77122606 897250994.6230942 2243127.4865577356 0.016098555230019615 0.30870812350330384
78963628.77122606 897250994.6230942 2243127.4865577356 0.005779592804436189 0.31448771630774003
78963628.77122606 897250994.6230942 2243127.4865577356 0.013205645338341647 0.32769336164608165
78963628.77122606 897250994.6230942 2243127.4865577356 0.0031621775487402836 0.3308555391948219
78963628.77122606 897250994.6230942 2243127.4865577356 0.00027679939109350414 0.3311323385859154
78963628.77122606 897250994.6230942 2243127.4865577356 0.0003665330345648805 0.33149887162048025
78963628.77122606 897250994.6230942 2243127.4865577356 0.0010108734614686578 0.3325097450819489
78963628.77122606 897250994.6230942 2243127.4865577356 0.007377007421888423 0.3398867525038373
78963628.77122606 897250994.6230942 2243127.4865577356 0.00036110297112136586 0.34024785547495867
78963628.77122606 897250994.6230942 2243127.4865577356 0.005540583639781193 0.3457884391147399
78963628.77122606 897250994.6230942 2243127.4865577356 0.0 0.3457884391147399
78963628.77122606 897250994.6230942 2243127.4865577356 0.0015142968809839512 0.34730273599572387
78963628.77122606 897250994.6230942 2243127.4865577356 9.804993008122671e-05 0.3474007859258051
78963628.77122606 897250994.6230942 2243127.4865577356 0.0005046567439403234 0.34790544266974543
78963628.77122606 897250994.6230942 2243127.4865577356 0.006058655986967425 0.35396409865671286
78963628.77122606 897250994.6230942 2243127.4865577356 7.38425082154965e-05 0.35403794116492837
78963628.77122606 897250994.6230942 2243127.4865577356 0.0041113817296906325 0.358149322894619
78963628.77122606 897250994.6230942 2243127.4865577356 0.0432532041787165 0.40140252707333546
78963628.77122606 897250994.6230942 2243127.4865577356 0.000264186988798299 0.4016667140621338
78963628.77122606 897250994.6230942 2243127.4865577356 0.0013904910156421367 0.4030572050777759
78963628.77122606 897250994.6230942 2243127.4865577356 0.0013482620394730028 0.40440546711724895
78963628.77122606 897250994.6230942 2243127.4865577356 0.0010862781689645541 0.4054917452862135
78963628.77122606 897250994.6230942 2243127.4865577356 0.0015892241996740887 0.4070809694858876
78963628.77122606 897250994.6230942 2243127.4865577356 0.0013565172494167384 0.40843748673530433
78963628.77122606 897250994.6230942 2243127.4865577356 0.00028531592779959774 0.40872280266310396
78963628.77122606 897250994.6230942 2243127.4865577356 0.0 0.40872280266310396
78963628.77122606 897250994.6230942 2243127.4865577356 0.0009881421502129365 0.4097109448133169
78963628.77122606 897250994.6230942 2243127.4865577356 0.003980867862583373 0.4136918126759003
78963628.77122606 897250994.6230942 2243127.4865577356 0.005002909536460188 0.4186947222123605
78963628.77122606 897250994.6230942 2243127.4865577356 0.0016259510028693827 0.42032067321522987
78963628.77122606 897250994.6230942 2243127.4865577356 0.0004127921699973422 0.4207334653852272
78963628.77122606 897250994.6230942 2243127.4865577356 0.00019276308312079772 0.420926228468348
78963628.77122606 897250994.6230942 2243127.4865577356 0.002508938651474106 0.4234351671198221
78963628.77122606 897250994.6230942 2243127.4865577356 0.0011537017337437897 0.4245888688535659
78963628.77122606 897250994.6230942 2243127.4865577356 0.0004337592277167966 0.4250226280812827
78963628.77122606 897250994.6230942 2243127.4865577356 0.004494026610494511 0.42951665469177724
78963628.77122606 897250994.6230942 2243127.4865577356 0.0045527715946769975 0.43406942628645423
78963628.77122606 897250994.6230942 2243127.4865577356 0.02438093227237102 0.45845035855882527
78963628.77122606 897250994.6230942 2243127.4865577356 0.013111662289480725 0.471562020848306
78963628.77122606 897250994.6230942 2243127.4865577356 0.004395618526897986 0.47595763937520397
78963628.77122606 897250994.6230942 2243127.4865577356 0.0011036279164403395 0.47706126729164433
78963628.77122606 897250994.6230942 2243127.4865577356 0.000600738946926618 0.47766200623857097
78963628.77122606 897250994.6230942 2243127.4865577356 1.0087441366381348e-07 0.4776621071129846
78963628.77122606 897250994.6230942 2243127.4865577356 7.412725247363351e-07 0.4776628483855094
78963628.77122606 897250994.6230942 2243127.4865577356 0.005881679069100675 0.4835445274546101
78963628.77122606 897250994.6230942 2243127.4865577356 0.0007308210295024146 0.48427534848411247
78963628.77122606 897250994.6230942 2243127.4865577356 0.003295467033818927 0.4875708155179314
78963628.77122606 897250994.6230942 2243127.4865577356 0.00044532576467160994 0.488016141282603
78963628.77122606 897250994.6230942 2243127.4865577356 0.004205218661015464 0.4922213599436185
78963628.77122606 897250994.6230942 2243127.4865577356 0.0001392879514486511 0.4923606478950671
78963628.77122606 897250994.6230942 2243127.4865577356 0.023547188405693732 0.5159078363007609
78963628.77122606 897250994.6230942 2243127.4865577356 0.0002896063482981772 0.5161974426490591
78963628.77122606 897250994.6230942 2243127.4865577356 0.0007268941257812079 0.5169243367748403
78963628.77122606 897250994.6230942 2243127.4865577356 0.011453964451481976 0.5283783012263222
78963628.77122606 897250994.6230942 2243127.4865577356 0.0005981679163791288 0.5289764691427014
78963628.77122606 897250994.6230942 2243127.4865577356 0.0003829843880021487 0.5293594535307035
78963628.77122606 897250994.6230942 2243127.4865577356 0.0023793264434197456 0.5317387799741232
78963628.77122606 897250994.6230942 2243127.4865577356 0.0029960104906696563 0.5347347904647929
78963628.77122606 897250994.6230942 2243127.4865577356 0.004851517594179581 0.5395863080589725
78963628.77122606 897250994.6230942 2243127.4865577356 0.01687468743556655 0.556460995494539
78963628.77122606 897250994.6230942 2243127.4865577356 0.002890224485136973 0.559351219979676
78963628.77122606 897250994.6230942 2243127.4865577356 0.00794786060682043 0.5672990805864964
78963628.77122606 897250994.6230942 2243127.4865577356 0.0007995514987127245 0.568098632085209
78963628.77122606 897250994.6230942 2243127.4865577356 0.006021141156011396 0.5741197732412204
78963628.77122606 897250994.6230942 2243127.4865577356 0.08800617580189599 0.6621259490431164
78963628.77122606 897250994.6230942 2243127.4865577356 0.017003337820825613 0.679129286863942
78963628.77122606 897250994.6230942 2243127.4865577356 0.021259249117120477 0.7003885359810625
78963628.77122606 897250994.6230942 2243127.4865577356 0.0003996747650244232 0.700788210746087
78963628.77122606 897250994.6230942 2243127.4865577356 0.0029889345804885066 0.7037771453265755
78963628.77122606 897250994.6230942 2243127.4865577356 0.00045924697097523485 0.7042363922975508
78963628.77122606 897250994.6230942 2243127.4865577356 0.008152296120864289 0.7123886884184151
78963628.77122606 897250994.6230942 2243127.4865577356 0.008935850708752356 0.7213245391271674
78963628.77122606 897250994.6230942 2243127.4865577356 0.00017795504596745116 0.7215024941731348
78963628.77122606 897250994.6230942 2243127.4865577356 0.016299808377060104 0.737802302550195
78963628.77122606 897250994.6230942 2243127.4865577356 0.00857241137345929 0.7463747139236543
78963628.77122606 897250994.6230942 2243127.4865577356 0.0030478519572903953 0.7494225658809447
78963628.77122606 897250994.6230942 2243127.4865577356 0.0033919351789212064 0.7528145010598659
78963628.77122606 897250994.6230942 2243127.4865577356 0.0 0.7528145010598659
78963628.77122606 897250994.6230942 2243127.4865577356 7.825762949005022e-05 0.752892758689356
78963628.77122606 897250994.6230942 2243127.4865577356 0.010207772953973161 0.7631005316433291
78963628.77122606 897250994.6230942 2243127.4865577356 0.004681200312635497 0.7677817319559647
78963628.77122606 897250994.6230942 2243127.4865577356 0.023838476636038816 0.7916202085920034
78963628.77122606 897250994.6230942 2243127.4865577356 0.0021469742398082326 0.7937671828318117
78963628.77122606 897250994.6230942 2243127.4865577356 0.011726454125716951 0.8054936369575286
78963628.77122606 897250994.6230942 2243127.4865577356 0.0012388139358656828 0.8067324508933943
78963628.77122606 897250994.6230942 2243127.4865577356 0.007032122481173253 0.8137645733745675
78963628.77122606 897250994.6230942 2243127.4865577356 0.011827445201259333 0.8255920185758269
78963628.77122606 897250994.6230942 2243127.4865577356 0.00472311139970914 0.830315129975536
78963628.77122606 897250994.6230942 2243127.4865577356 0.007562370856134344 0.8378775008316703
78963628.77122606 897250994.6230942 2243127.4865577356 0.0024831628119907634 0.8403606636436611
78963628.77122606 897250994.6230942 2243127.4865577356 0.001262868159554335 0.8416235318032155
78963628.77122606 897250994.6230942 2243127.4865577356 0.0007629344590613918 0.8423864662622769
78963628.77122606 897250994.6230942 2243127.4865577356 0.005108179238302894 0.8474946455005797
78963628.77122606 897250994.6230942 2243127.4865577356 0.0026401070900924192 0.8501347525906722
78963628.77122606 897250994.6230942 2243127.4865577356 0.0024628368495547516 0.8525975894402269
78963628.77122606 897250994.6230942 2243127.4865577356 0.00827899539291199 0.8608765848331389
78963628.77122606 897250994.6230942 2243127.4865577356 0.0006380454622459159 0.8615146302953848
78963628.77122606 897250994.6230942 2243127.4865577356 0.006337139160805648 0.8678517694561905
78963628.77122606 897250994.6230942 2243127.4865577356 0.0014734398364387358 0.8693252092926292
78963628.77122606 897250994.6230942 2243127.4865577356 0.0126399566200594 0.8819651659126886
78963628.77122606 897250994.6230942 2243127.4865577356 5.4409356034629344e-05 0.8820195752687232
78963628.77122606 897250994.6230942 2243127.4865577356 0.0020832053717145037 0.8841027806404377
78963628.77122606 897250994.6230942 2243127.4865577356 0.02184035026701949 0.9059431309074572
78963628.77122606 897250994.6230942 2243127.4865577356 0.009860207692681424 0.9158033386001386
78963628.77122606 897250994.6230942 2243127.4865577356 0.003385340354262805 0.9191886789544015
78963628.77122606 897250994.6230942 2243127.4865577356 0.002801235426226044 0.9219899143806275
78963628.77122606 897250994.6230942 2243127.4865577356 0.0030478519572903953 0.9250377663379179
78963628.77122606 897250994.6230942 2243127.4865577356 0.000995785349761889 0.9260335516876798
78963628.77122606 897250994.6230942 2243127.4865577356 0.011726454125716951 0.9377600058133967
78963628.77122606 897250994.6230942 2243127.4865577356 0.006942598589060601 0.9447026044024573
78963628.77122606 897250994.6230942 2243127.4865577356 0.027444420442639682 0.9721470248450971
78963628.77122606 897250994.6230942 2243127.4865577356 0.0023420823037722206 0.9744891071488693
78963628.77122606 897250994.6230942 2243127.4865577356 0.001005631140395652 0.9754947382892649
78963628.77122606 897250994.6230942 2243127.4865577356 0.014310455668205688 0.9898051939574706
78963628.77122606 897250994.6230942 2243127.4865577356 0.008965689062720118 0.9987708830201907
78963628.77122606 897250994.6230942 2243127.4865577356 0.0010655861453006215 0.9998364691654913
78963628.77122606 897250994.6230942 2243127.4865577356 0.0001635308345088217 1.0000000000000002
2101's generation extracting best parents:
1322045.3587619448
0
0
0
0
0
0
8272309.317234215
0
0
0
0
0
0
0
0
0
764435.8965930368
213902.01180914592
0
0
0
3797923.7792899422
0
0
0
0
0
0
0
0
0
0
0
0
0
0
0
0
6889315.94531939
0
0
0
0
750762.4781673629
0
0
0
0
0
0
0
0
0
0
0
0
0
0
0
0
0
0
0
0
0
0
0
0
0
0
0
0
0
0
0
0
0
1551567.1224358936
271512.5910597886
0
0
1241891.2995910712
0
437768.00928345596
3138510.8877070984
0
279382.2195058232
0
0
0
0
0
0
1016508.7789409396
0
0
0
3098452.052235116
0
0
0
0
0
0
0
0
0
0
0
0
0
376241.6244914962
0
0
0
0
0
0
0
0
0
0
0
0
0
1144924.8656431565
0
0
0
0
0
0
0
0
0
8943919.972851278
0
0
0
2660680.1090969206
0
13586121.412088146
15304638.174767282
0
0
275438.03658899403
0
0
0
1425932.993836667
0
0
0
0
0
0
0
7739283.787216488
1380974.025192364
0
0
0
924967.4348775746
0
0
0
0
0
0
0
187246.48452774753
0
0
0
0
0
0
82534.614701954
0
3218298.695663906
89814.56737077788
0
1328096.0
0
0
0
0
101503.743773321
0
0
0
0
0
3430261.6576582026
0
0
229596.03731772027
0
641417.5551074354
764435.8965930368
0
133336.14663698664
112847.22415726495
0
1458886.154532971
0
1944000.0
210444.1731196186
419529.172744876
862623.6559983733
0
0
0
210982.8028631718
0
84335.33067463481
0
101585.23861270396
0
156316.1133600756
0
0
840089.8999511898
5157173.832604054
2646000.0
0
114789.75564047515
2296726.8875022996
910183.8935072407
904492.7506619387
137568.84577548798
0
11898917.302006936
1690648.311151672
370727.60009473265
0
175784.46607137957
0
1165742.0366444713
4057192.9443771834
2012503.6422327291
844566.1670325187
425909.06071601715
110861.67121237169
0
0
0
1830564.6202895981
0
0
1604797.6097290276
1119795.5813450953
8022965.26436155
0
410037.7132508667
0
13234420.963532934
1861855.9034769582
3688941.3462401377
0
2375705.265810555
2699836.795067435
607170.1216364322
1143952.8216285845
20109170.24039172
0
0
302466.39482759073
156855.82552140037
196000.0
1064172.0161703182
11848778.41446687
12181097.802743396
0
6433458.221387313
14816215.681224948
6984193.174391441
1188372.090469984
0
1432757.2418243086
5589107.944565035
2472407.009263645
14444444.692129914
5185745.392296849
11848778.41446687
2837266.9507820373
248358.52896971346
328872.12982556
907007.2187408432
6619027.2466313355
324000.0
4971294.181586119
0
1358704.3826174994
87975.39728810551
452803.7654437074
5436135.110385686
0
3688941.3462401377
38808980.46998916
237042.038465754
1247619.4467993835
1209729.4559297133
974664.1675407997
1425932.993836667
1217136.4512625525
256000.0
0
886611.5271075602
3571837.6491660425
4488865.557598267
1458886.154532971
370378.18510274065
172956.86805674993
2251147.7004834665
1035160.0281000035
389190.89849584096
4032269.8461288526
4084978.8416157067
21875815.731223192
11764452.030398697
3943973.0952429175
990231.2457199076
539013.6176387382
0
0
5277342.394804415
655729.8956125152
2956861.0738416505
399568.985282892
3773136.6262037214
124976.25297631546
21127738.217586093
259849.58405970174
652206.4773428733
10277080.996469766
536706.7579227971
343633.12306004495
2134853.017891396
2688173.3926545735
4353028.98680907
15140830.08551592
2593256.7939731693
7131225.834595339
717398.3774723776
5402474.890997273
78963628.77122606
15256261.771648256
19074882.415276486
358608.58044391515
2681824.5252066734
412059.80148517276
7314655.802907475
8017700.936231532
159670.341992494
14625019.27848302
7691604.631154672
2734688.2001427514
3043417.2129841154
0
0
9158934.435839139
4200211.63654214
21389096.87198522
1926374.7720980982
10521572.627701622
1111527.036108434
6309578.890544122
10612186.970680078
4237816.401104701
6785344.77237524
2228020.302869792
1133109.7122379635
684543.7022250661
4583318.902280311
2368838.712496906
2209782.8128574085
7428336.850770298
572486.9256149
5686004.415097828
1322045.3587619448
11341213.649341062
0
1869158.091775011
19596276.0
8847081.159448693
3037500.0
2513411.2723547653
2734688.2001427514
893469.3955049608
10521572.627701622
6229253.489303514
24624533.539012834
2101435.676548773
902303.5409439553
12840070.58180725
8044473.429007023
956098.2287275717
146728.20391458488
