0 2 73 16 110.30412503619254 1764.8660005790807
1 0 10 0 31.622776601683793 0.0
2 0 50 0 1.0 0.0
3 3 89 36 243.55492193753753 8767.977189751351
4 0 50 0 1.0 0.0
5 0 50 0 1.0 0.0
6 2 37 16 225.06221362103412 3600.995417936546
7 0 50 0 1.0 0.0
8 0 50 0 1.0 0.0
9 2 52 16 374.9773326482549 5999.637322372078
10 0 50 0 1.0 0.0
11 1 18 4 76.36753236814714 305.47012947258855
12 0 50 0 1.0 0.0
13 2 8 16 22.627416997969522 362.03867196751236
14 9 149 324 1818.7767867443217 589283.6789051603
15 0 50 0 1.0 0.0
16 0 50 0 1.0 0.0
17 3 21 36 96.23408959407264 3464.427225386615
18 0 11 0 36.4828726939094 0.0
19 2 26 16 132.5745073534124 2121.1921176545984
20 0 50 0 1.0 0.0
21 1 54 4 8.0 32.0
22 1 24 4 117.57550765359255 470.3020306143702
23 0 50 0 1.0 0.0
24 0 50 0 1.0 0.0
25 1 11 4 36.4828726939094 145.9314907756376
26 1 29 4 156.16977940690063 624.6791176276025
27 1 14 4 52.38320341483518 209.53281365934072
28 18 338 1296 6214.054393067379 8053414.493415324
29 0 50 0 1.0 0.0
30 1 51 4 1.0 4.0
31 3 42 36 272.19110933313016 9798.879935992685
32 1 53 4 5.196152422706632 20.784609690826528
33 1 53 4 5.196152422706632 20.784609690826528
34 6 110 144 1153.6897329871667 166131.321550152
35 1 17 4 70.09279563550022 280.3711825420009
36 9 128 324 1448.1546878700494 469202.118869896
37 0 50 0 1.0 0.0
38 0 50 0 1.0 0.0
39 8 84 256 769.8727167525811 197087.41548866077
40 1 54 4 8.0 32.0
41 5 123 100 623.7122734081797 62371.227340817975
42 0 50 0 1.0 0.0
43 0 50 0 1.0 0.0
44 2 80 16 164.31676725154983 2629.0682760247973
45 0 50 0 1.0 0.0
46 1 52 4 2.8284271247461903 11.313708498984761
47 11 194 484 2702.1073257737194 1307819.9456744802
48 1 19 4 82.8190799272728 331.2763197090912
49 4 47 64 322.21576621884907 20621.80903800634
50 2 25 16 125.0 2000.0
51 4 78 64 688.877347573572 44088.15024470861
52 1 52 4 2.8284271247461903 11.313708498984761
53 0 50 0 1.0 0.0
54 0 6 0 14.696938456699069 0.0
55 2 105 16 407.8909167902615 6526.254668644184
56 3 30 36 164.31676725154983 5915.403621055794
57 0 50 0 1.0 0.0
58 2 29 16 156.16977940690063 2498.71647051041
59 2 79 16 156.16977940690063 2498.71647051041
60 2 18 16 76.36753236814714 1221.8805178903542
61 1 10 4 31.622776601683793 126.49110640673517
62 0 50 0 1.0 0.0
63 9 95 324 925.9454627568516 300006.32993321994
64 8 98 256 970.1505037879432 248358.52896971346
65 0 50 0 1.0 0.0
66 1 55 4 11.180339887498949 44.721359549995796
67 0 5 0 11.180339887498949 0.0
68 0 50 0 1.0 0.0
69 0 50 0 1.0 0.0
70 0 50 0 1.0 0.0
71 2 15 16 58.09475019311125 929.51600308978
72 0 50 0 1.0 0.0
73 0 50 0 1.0 0.0
74 1 12 4 41.569219381653056 166.27687752661222
75 1 51 4 1.0 4.0
76 4 55 64 407.8909167902615 26105.018674576735
77 0 50 0 1.0 0.0
78 0 50 0 1.0 0.0
79 1 9 4 27.0 108.0
80 0 50 0 1.0 0.0
81 0 50 0 1.0 0.0
82 5 95 100 301.8691769624716 30186.91769624716
83 1 10 4 31.622776601683793 126.49110640673517
84 0 10 0 31.622776601683793 0.0
85 1 54 4 8.0 32.0
86 0 50 0 1.0 0.0
87 0 50 0 1.0 0.0
88 0 50 0 1.0 0.0
89 0 8 0 22.627416997969522 0.0
90 9 108 324 1122.3689233046325 363647.53115070093
91 12 230 576 3488.1227042637133 2009158.677655899
92 0 50 0 1.0 0.0
93 0 50 0 1.0 0.0
94 1 11 4 36.4828726939094 145.9314907756376
95 2 48 16 332.55375505322445 5320.860080851591
96 1 54 4 8.0 32.0
97 15 222 900 3307.7255025167974 2976952.952265118
98 1 25 4 125.0 500.0
99 4 87 64 811.4819776187269 51934.84656759852
100 0 6 0 14.696938456699069 0.0
101 8 138 256 1621.132937176961 415010.031917302
102 0 50 0 1.0 0.0
103 8 133 256 1533.830825091216 392660.6912233513
104 2 20 16 89.44271909999159 1431.0835055998655
105 0 50 0 1.0 0.0
106 1 21 4 96.23408959407264 384.93635837629057
107 1 30 4 164.31676725154983 657.2670690061993
108 0 50 0 1.0 0.0
109 0 6 0 14.696938456699069 0.0
110 4 51 64 364.21284985568536 23309.622390763863
111 5 78 100 688.877347573572 68887.7347573572
112 0 50 0 1.0 0.0
113 0 50 0 1.0 0.0
114 0 5 0 11.180339887498949 0.0
115 2 40 16 252.98221281347034 4047.7154050155254
116 1 53 4 5.196152422706632 20.784609690826528
117 0 50 0 1.0 0.0
118 0 50 0 1.0 0.0
119 2 31 16 172.60069524773067 2761.6111239636907
120 1 57 4 18.520259177452132 74.08103670980853
121 0 50 0 1.0 0.0
122 1 17 4 70.09279563550022 280.3711825420009
123 1 55 4 11.180339887498949 44.721359549995796
124 1 52 4 2.8284271247461903 11.313708498984761
125 21 419 1764 8576.716096502203 15129327.194229886
126 2 22 16 103.18914671611545 1651.0263474578471
127 0 5 0 11.180339887498949 0.0
128 2 21 16 96.23408959407264 1539.7454335051623
129 0 50 0 1.0 0.0
130 0 50 0 1.0 0.0
131 0 50 0 1.0 0.0
132 0 50 0 1.0 0.0
133 11 174 484 2295.2176367394877 1110885.336181912
134 0 50 0 1.0 0.0
135 1 54 4 8.0 32.0
136 1 54 4 8.0 32.0
137 0 50 0 1.0 0.0
138 2 16 16 64.0 1024.0
139 1 59 4 27.0 108.0
140 0 50 0 1.0 0.0
141 0 50 0 1.0 0.0
142 4 22 64 103.18914671611545 6604.1053898313885
143 8 92 256 882.4330002895404 225902.84807412233
144 2 21 16 96.23408959407264 1539.7454335051623
145 13 188 676 2577.7261297507926 1742542.8637115357
146 0 50 0 1.0 0.0
147 1 16 4 64.0 256.0
148 0 50 0 1.0 0.0
149 0 50 0 1.0 0.0
150 1 56 4 14.696938456699069 58.787753826796276
151 0 50 0 1.0 0.0
152 0 5 0 11.180339887498949 0.0
153 11 169 484 2197.0 1063348.0
154 0 10 0 31.622776601683793 0.0
155 0 50 0 1.0 0.0
156 0 50 0 1.0 0.0
157 0 50 0 1.0 0.0
158 0 50 0 1.0 0.0
159 2 59 16 27.0 432.0
160 1 51 4 1.0 4.0
161 0 50 0 1.0 0.0
162 0 50 0 1.0 0.0
163 14 162 784 2061.9233739399724 1616547.9251689385
164 1 20 4 89.44271909999159 357.77087639996637
165 0 50 0 1.0 0.0
166 20 298 1600 5144.277597486356 8230844.15597817
167 0 50 0 1.0 0.0
168 0 50 0 1.0 0.0
169 2 83 16 189.57056733575496 3033.1290773720793
170 0 50 0 1.0 0.0
171 23 510 2116 11517.42158644894 24370864.076925956
172 1 60 4 31.622776601683793 126.49110640673517
173 2 68 16 76.36753236814714 1221.8805178903542
174 3 19 36 82.8190799272728 2981.4868773818207
175 0 5 0 11.180339887498949 0.0
176 1 23 4 110.30412503619254 441.2165001447702
177 1 19 4 82.8190799272728 331.2763197090912
178 0 50 0 1.0 0.0
179 18 282 1296 4735.58528589656 6137318.530521941
180 1 5 4 11.180339887498949 44.721359549995796
181 0 50 0 1.0 0.0
182 0 50 0 1.0 0.0
183 0 50 0 1.0 0.0
184 4 25 64 125.0 8000.0
185 0 10 0 31.622776601683793 0.0
186 0 50 0 1.0 0.0
187 1 16 4 64.0 256.0
188 1 55 4 11.180339887498949 44.721359549995796
189 0 50 0 1.0 0.0
190 0 50 0 1.0 0.0
191 1 20 4 89.44271909999159 357.77087639996637
192 0 50 0 1.0 0.0
193 1 10 4 31.622776601683793 126.49110640673517
194 0 50 0 1.0 0.0
195 1 8 4 22.627416997969522 90.50966799187809
196 6 68 144 560.7423650840018 80746.90057209626
197 9 173 324 2275.4597337681016 737248.9537408649
198 2 30 16 164.31676725154983 2629.0682760247973
199 0 50 0 1.0 0.0
200 7 96 196 940.6040612287404 184358.39600083313
201 2 19 16 82.8190799272728 1325.1052788363647
202 3 25 36 125.0 4500.0
203 4 90 64 252.98221281347034 16190.861620062102
204 4 111 64 476.42523023030594 30491.21473473958
205 6 320 144 585.6620185738528 84335.33067463481
206 4 77 64 140.29611541307906 8978.95138643706
207 0 50 0 1.0 0.0
208 0 50 0 1.0 0.0
209 0 50 0 1.0 0.0
210 0 50 0 1.0 0.0
211 6 382 144 1516.5645386860397 218385.2935707897
212 16 229 1024 3465.3988226465362 3548568.394390053
213 9 151 324 1855.5190648441207 601188.1770094951
214 22 243 1936 3787.995116153135 7333558.544872469
215 0 50 0 1.0 0.0
216 0 50 0 1.0 0.0
217 23 311 2116 5484.544739538552 11605296.668863576
218 4 50 64 353.5533905932738 22627.41699796952
219 2 59 16 27.0 432.0
220 5 82 100 742.5415813272682 74254.15813272682
221 19 313 1444 5537.535282054643 7996200.947286905
222 0 50 0 1.0 0.0
223 6 92 144 882.4330002895404 127070.35204169381
224 0 50 0 1.0 0.0
225 10 155 400 1929.7344376882536 771893.7750753014
226 2 34 16 198.25236442474022 3172.0378307958435
227 1 56 4 14.696938456699069 58.787753826796276
228 0 50 0 1.0 0.0
229 1 54 4 8.0 32.0
230 2 20 16 89.44271909999159 1431.0835055998655
231 11 394 484 1728.0 836352.0
232 2 73 16 110.30412503619254 1764.8660005790807
233 1 54 4 8.0 32.0
234 0 50 0 1.0 0.0
235 5 47 100 322.21576621884907 32221.576621884906
236 0 50 0 1.0 0.0
237 5 95 100 925.9454627568516 92594.54627568516
238 19 267 1444 4362.815948444308 6299906.22955358
239 0 50 0 1.0 0.0
240 2 63 16 46.87216658103186 749.9546652965098
241 0 50 0 1.0 0.0
242 25 358 2500 6773.677878375971 16934194.69593993
243 5 77 100 675.6722578291934 67567.22578291934
244 2 17 16 70.09279563550022 1121.4847301680036
245 29 354 3364 6660.47025366828 22405821.933340095
246 0 50 0 1.0 0.0
247 0 50 0 1.0 0.0
248 0 50 0 1.0 0.0
249 9 91 324 868.0846732894205 281259.43414577225
250 4 103 64 385.84582413186746 24694.132744439517
251 8 397 256 1782.2802809883747 456263.7519330239
252 0 50 0 1.0 0.0
253 9 110 324 1153.6897329871667 373795.473487842
254 19 341 1444 6296.969191603212 9092823.512675038
255 2 10 16 31.622776601683793 505.9644256269407
256 14 193 784 2681.2416899638124 2102093.484931629
257 7 116 196 1249.358235255205 244874.2141100202
258 17 262 1156 4240.840482734525 4902411.598041111
259 13 213 676 3108.6326576165284 2101435.676548773
260 6 309 144 453.18759912424787 65259.01427389169
261 10 113 400 1201.2064768390153 480482.5907356061
262 0 50 0 1.0 0.0
263 2 46 16 311.9871792237623 4991.794867580197
264 6 88 144 825.5131737289236 118873.897016965
265 9 106 324 1091.336794944622 353593.1215620575
266 0 50 0 1.0 0.0
267 18 223 1296 3330.1001486441814 4315809.792642859
268 3 48 36 332.55375505322445 11971.93518191608
269 4 74 64 636.5720697611544 40740.61246471388
270 6 71 144 598.2566338955214 86148.95528095508
271 1 56 4 14.696938456699069 58.787753826796276
272 9 389 324 1638.785831034672 530966.6092552337
273 33 646 4356 16419.078415063374 71521505.57601605
274 9 81 324 729.0 236196.0
275 0 50 0 1.0 0.0
276 1 50 4 1.0 4.0
277 9 149 324 1818.7767867443217 589283.6789051603
278 4 64 64 512.0 32768.0
279 4 76 64 132.5745073534124 8484.768470618394
280 3 51 36 364.21284985568536 13111.662594804673
281 11 121 484 1331.0 644204.0
282 11 172 484 2255.7588523598884 1091787.284542186
283 2 60 16 31.622776601683793 505.9644256269407
284 4 95 64 301.8691769624716 19319.627325598183
285 10 116 400 1249.358235255205 499743.294102082
286 1 55 4 11.180339887498949 44.721359549995796
287 12 259 576 4168.21052731265 2400889.2637320864
288 2 30 16 164.31676725154983 2629.0682760247973
289 5 33 100 189.57056733575496 18957.056733575497
290 7 366 196 1249.358235255205 244874.2141100202
291 9 147 324 1782.2802809883747 577458.8110402334
292 7 91 196 868.0846732894205 170144.5959647264
293 12 78 576 688.877347573572 396793.3522023775
294 10 127 400 1431.21731403725 572486.9256149
295 21 275 1764 4560.359086738675 8044473.429007023
296 3 76 36 132.5745073534124 4772.682264722846
297 2 32 16 181.01933598375618 2896.309375740099
298 9 93 324 896.8595207723448 290582.4847302397
299 10 96 400 940.6040612287404 376241.6244914962
300 10 122 400 1347.5340440968457 539013.6176387382
301 2 76 16 132.5745073534124 2121.1921176545984
302 18 303 1296 5274.289241215351 6835478.8566150945
303 10 125 400 1397.5424859373686 559016.9943749474
304 10 153 400 1892.505482158506 757002.1928634024
305 7 46 196 311.9871792237623 61149.487127857414
306 8 114 256 1217.1869207315694 311599.8517072818
307 18 269 1296 4411.928036584459 5717858.735413458
308 13 228 676 3442.724502483462 2327281.7636788203
309 23 379 2116 7378.3425645601465 15612572.86660927
310 10 163 400 2081.044689573004 832417.8758292015
311 25 835 2500 14149.262348263954 35373155.87065989
312 0 50 0 1.0 0.0
313 14 261 784 4216.584043986317 3305801.8904852723
314 6 47 144 322.21576621884907 46399.07033551427
315 3 71 36 96.23408959407264 3464.427225386615
316 19 284 1444 4786.053071164171 6911060.634761063
317 3 81 36 172.60069524773067 6213.625028918304
318 6 308 144 441.7148401401067 63606.936980175364
319 12 160 576 2023.8577025077627 1165742.0366444713
320 17 211 1156 3064.9520387764633 3543084.5568255917
321 9 135 324 1568.5582552140038 508212.8746893372
322 14 190 784 2618.969262897142 2053271.9021113594
323 5 70 100 585.6620185738528 58566.201857385284
324 6 55 144 407.8909167902615 58736.292017797656
325 7 114 196 1217.1869207315694 238568.6364633876
326 11 208 484 2999.818661186039 1451912.232014043
327 8 360 256 1153.6897329871667 295344.5716447147
328 0 50 0 1.0 0.0
329 9 150 324 1837.1173070873836 595226.0074963123
330 21 278 1764 4635.186296148193 8176468.626405412
331 23 350 2116 6547.900426854398 13855357.303223906
332 28 541 3136 12583.339024281273 39461351.18014607
333 1 8 4 22.627416997969522 90.50966799187809
334 5 91 100 262.5280937347468 26252.80937347468
335 3 20 36 89.44271909999159 3219.937887599697
336 35 836 4900 24171.823596907205 118441935.6248453
337 7 128 196 1448.1546878700494 283838.3188225297
338 15 323 900 5805.020844062491 5224518.759656242
339 16 296 1024 5092.576558089235 5214798.395483376
340 15 229 900 3465.3988226465362 3118858.9403818827
341 5 79 100 702.1673589679315 70216.73589679315
342 10 170 400 2216.5288177689004 886611.5271075602
343 14 163 784 2081.044689573004 1631539.0366252349
344 9 210 324 3043.189116699782 985993.2738107294
345 6 309 144 453.18759912424787 65259.01427389169
346 34 499 4624 11146.81564394065 51542875.53758157
347 9 100 324 1000.0 324000.0
348 15 200 900 2828.42712474619 2545584.4122715713
349 9 100 324 1000.0 324000.0
350 6 47 144 322.21576621884907 46399.07033551427
351 9 115 324 1233.2376088978149 399568.985282892
352 21 351 1764 6575.982892313514 11600033.822041038
353 21 296 1764 5092.576558089235 8983305.04846941
354 13 155 676 1929.7344376882536 1304500.4798772593
355 16 356 1024 6716.994566024302 6878202.435608885
356 16 254 1024 4048.0938724293437 4145248.125367648
357 6 46 144 311.9871792237623 44926.153808221774
358 17 289 1156 4913.0 5679428.0
359 25 359 2500 6802.0790204172135 17005197.551043034
360 12 161 576 2042.8609840123727 1176687.9267911266
361 14 258 784 4144.093628285925 3248969.404576165
362 15 203 900 2892.3047903013266 2603074.311271194
363 10 159 400 2004.9137138540402 801965.4855416161
364 4 50 64 353.5533905932738 22627.41699796952
365 19 244 1444 3811.4018418424475 5503664.259620494
366 25 354 2500 6660.47025366828 16651175.6341707
367 12 220 576 3263.127334322092 1879561.344569525
368 7 104 196 1060.5960588272992 207876.82753015065
369 17 266 1156 4338.328710459824 5015107.989291556
370 18 271 1296 4461.2230385848225 5781745.05800593
371 16 178 1024 2374.8162034144875 2431811.792296435
372 6 64 144 512.0 73728.0
373 28 436 3136 9103.94727577 28549978.65681472
374 12 482 576 3533.7187211208534 2035421.9833656116
375 12 162 576 2061.9233739399724 1187667.863389424
376 11 97 484 955.3392067742221 462384.1760787235
377 26 390 2704 7701.882886671285 20825891.325559154
378 26 397 2704 7910.168961532996 21389096.87198522
379 9 105 324 1075.929830425758 348601.26505794557
380 12 201 576 2849.6668226303227 1641408.0898350659
381 8 130 256 1482.2280526288794 379450.3814729931
382 20 339 1600 6241.651944797947 9986643.111676715
383 11 215 484 3152.518834202264 1525819.1157538956
384 9 379 324 1465.1583532164707 474711.3064421365
385 17 220 1156 3263.127334322092 3772175.1984763383
386 14 149 784 1818.7767867443217 1425921.0008075482
387 6 50 144 353.5533905932738 50911.688245431425
388 13 213 676 3108.6326576165284 2101435.676548773
389 11 157 484 1967.204361524242 952126.9109777331
390 11 137 484 1603.5438877685885 776115.2416799968
391 6 46 144 311.9871792237623 44926.153808221774
392 18 247 1296 3881.9097104389225 5030954.984728844
393 18 238 1296 3671.68517168888 4758503.982508789
394 7 111 196 1169.4575665666541 229213.6830470642
395 10 120 400 1314.5341380123987 525813.6552049594
396 10 142 400 1692.125290869444 676850.1163477775
397 10 143 400 1710.0312862634999 684012.5145054
398 14 432 784 2455.3142365082317 1924966.3614224538
399 8 115 256 1233.2376088978149 315708.8278778406
1701's generation fitness ratios and roulette cutoffs:
118441935.6248453 826008114.9302179 2065020.2873255447 2.1366206562367474e-06 2.1366206562367474e-06
118441935.6248453 826008114.9302179 2065020.2873255447 0.0 2.1366206562367474e-06
118441935.6248453 826008114.9302179 2065020.2873255447 0.0 2.1366206562367474e-06
118441935.6248453 826008114.9302179 2065020.2873255447 1.0614880206706057e-05 1.2751500862942804e-05
118441935.6248453 826008114.9302179 2065020.2873255447 0.0 1.2751500862942804e-05
118441935.6248453 826008114.9302179 2065020.2873255447 0.0 1.2751500862942804e-05
118441935.6248453 826008114.9302179 2065020.2873255447 4.359515787857317e-06 1.7111016650800123e-05
118441935.6248453 826008114.9302179 2065020.2873255447 0.0 1.7111016650800123e-05
118441935.6248453 826008114.9302179 2065020.2873255447 0.0 1.7111016650800123e-05
118441935.6248453 826008114.9302179 2065020.2873255447 7.263412082675404e-06 2.4374428733475528e-05
118441935.6248453 826008114.9302179 2065020.2873255447 0.0 2.4374428733475528e-05
118441935.6248453 826008114.9302179 2065020.2873255447 3.698149254845941e-07 2.474424365896012e-05
118441935.6248453 826008114.9302179 2065020.2873255447 0.0 2.474424365896012e-05
118441935.6248453 826008114.9302179 2065020.2873255447 4.382991709447041e-07 2.5182542829904823e-05
118441935.6248453 826008114.9302179 2065020.2873255447 0.0007134114886449313 0.0007385940314748362
118441935.6248453 826008114.9302179 2065020.2873255447 0.0 0.0007385940314748362
118441935.6248453 826008114.9302179 2065020.2873255447 0.0 0.0007385940314748362
118441935.6248453 826008114.9302179 2065020.2873255447 4.1941806173166886e-06 0.0007427882120921528
118441935.6248453 826008114.9302179 2065020.2873255447 0.0 0.0007427882120921528
118441935.6248453 826008114.9302179 2065020.2873255447 2.568003969106041e-06 0.0007453562160612589
118441935.6248453 826008114.9302179 2065020.2873255447 0.0 0.0007453562160612589
118441935.6248453 826008114.9302179 2065020.2873255447 3.874053949543026e-08 0.0007453949566007544
118441935.6248453 826008114.9302179 2065020.2873255447 5.693673247436581e-07 0.000745964323925498
118441935.6248453 826008114.9302179 2065020.2873255447 0.0 0.000745964323925498
118441935.6248453 826008114.9302179 2065020.2873255447 0.0 0.000745964323925498
118441935.6248453 826008114.9302179 2065020.2873255447 1.766707713131439e-07 0.0007461409946968111
118441935.6248453 826008114.9302179 2065020.2873255447 7.56262688388208e-07 0.0007468972573851993
118441935.6248453 826008114.9302179 2065020.2873255447 2.536691950986974e-07 0.000747150926580298
118441935.6248453 826008114.9302179 2065020.2873255447 0.009749800695475838 0.010496951622056137
118441935.6248453 826008114.9302179 2065020.2873255447 0.0 0.010496951622056137
118441935.6248453 826008114.9302179 2065020.2873255447 4.842567436928782e-09 0.010496956464623574
118441935.6248453 826008114.9302179 2065020.2873255447 1.1862934224103241e-05 0.010508819398847678
118441935.6248453 826008114.9302179 2065020.2873255447 2.5162718519517736e-08 0.010508844561566198
118441935.6248453 826008114.9302179 2065020.2873255447 2.5162718519517736e-08 0.010508869724284718
118441935.6248453 826008114.9302179 2065020.2873255447 0.00020112553199817774 0.010709995256282896
118441935.6248453 826008114.9302179 2065020.2873255447 3.3942908970777723e-07 0.010710334685372604
118441935.6248453 826008114.9302179 2065020.2873255447 0.0005680357255443365 0.01127837041091694
118441935.6248453 826008114.9302179 2065020.2873255447 0.0 0.01127837041091694
118441935.6248453 826008114.9302179 2065020.2873255447 0.0 0.01127837041091694
118441935.6248453 826008114.9302179 2065020.2873255447 0.0002386022751184605 0.0115169726860354
118441935.6248453 826008114.9302179 2065020.2873255447 3.874053949543026e-08 0.011517011426574896
118441935.6248453 826008114.9302179 2065020.2873255447 7.550921863048183e-05 0.011592520645205377
118441935.6248453 826008114.9302179 2065020.2873255447 0.0 0.011592520645205377
118441935.6248453 826008114.9302179 2065020.2873255447 0.0 0.011592520645205377
118441935.6248453 826008114.9302179 2065020.2873255447 3.182860105735044e-06 0.011595703505311113
118441935.6248453 826008114.9302179 2065020.2873255447 0.0 0.011595703505311113
118441935.6248453 826008114.9302179 2065020.2873255447 1.3696849092022003e-08 0.011595717202160205
118441935.6248453 826008114.9302179 2065020.2873255447 0.0015833015705723017 0.013179018772732507
118441935.6248453 826008114.9302179 2065020.2873255447 4.0105697961221336e-07 0.01317941982971212
118441935.6248453 826008114.9302179 2065020.2873255447 2.496562523450329e-05 0.013204385454946623
118441935.6248453 826008114.9302179 2065020.2873255447 2.421283718464391e-06 0.013206806738665087
118441935.6248453 826008114.9302179 2065020.2873255447 5.3374960182362406e-05 0.01326018169884745
118441935.6248453 826008114.9302179 2065020.2873255447 1.3696849092022003e-08 0.013260195395696542
118441935.6248453 826008114.9302179 2065020.2873255447 0.0 0.013260195395696542
118441935.6248453 826008114.9302179 2065020.2873255447 0.0 0.013260195395696542
118441935.6248453 826008114.9302179 2065020.2873255447 7.900957085870191e-06 0.013268096352782413
118441935.6248453 826008114.9302179 2065020.2873255447 7.161435237903849e-06 0.013275257788020316
118441935.6248453 826008114.9302179 2065020.2873255447 0.0 0.013275257788020316
118441935.6248453 826008114.9302179 2065020.2873255447 3.025050753552832e-06 0.013278282838773869
118441935.6248453 826008114.9302179 2065020.2873255447 3.025050753552832e-06 0.013281307889527421
118441935.6248453 826008114.9302179 2065020.2873255447 1.4792597019383763e-06 0.01328278714922936
118441935.6248453 826008114.9302179 2065020.2873255447 1.5313542823658736e-07 0.013282940284657598
118441935.6248453 826008114.9302179 2065020.2873255447 0.0 0.013282940284657598
118441935.6248453 826008114.9302179 2065020.2873255447 0.0003632002210517809 0.013646140505709378
118441935.6248453 826008114.9302179 2065020.2873255447 0.000300673231268067 0.013946813736977445
118441935.6248453 826008114.9302179 2065020.2873255447 0.0 0.013946813736977445
118441935.6248453 826008114.9302179 2065020.2873255447 5.414154987299841e-08 0.013946867878527319
118441935.6248453 826008114.9302179 2065020.2873255447 0.0 0.013946867878527319
118441935.6248453 826008114.9302179 2065020.2873255447 0.0 0.013946867878527319
118441935.6248453 826008114.9302179 2065020.2873255447 0.0 0.013946867878527319
118441935.6248453 826008114.9302179 2065020.2873255447 0.0 0.013946867878527319
118441935.6248453 826008114.9302179 2065020.2873255447 1.1253109821666904e-06 0.013947993189509485
118441935.6248453 826008114.9302179 2065020.2873255447 0.0 0.013947993189509485
118441935.6248453 826008114.9302179 2065020.2873255447 0.0 0.013947993189509485
118441935.6248453 826008114.9302179 2065020.2873255447 2.013017481561419e-07 0.013948194491257641
118441935.6248453 826008114.9302179 2065020.2873255447 4.842567436928782e-09 0.013948199333825078
118441935.6248453 826008114.9302179 2065020.2873255447 3.1603828343480765e-05 0.013979803162168559
118441935.6248453 826008114.9302179 2065020.2873255447 0.0 0.013979803162168559
118441935.6248453 826008114.9302179 2065020.2873255447 0.0 0.013979803162168559
118441935.6248453 826008114.9302179 2065020.2873255447 1.307493207970771e-07 0.013979933911489356
118441935.6248453 826008114.9302179 2065020.2873255447 0.0 0.013979933911489356
118441935.6248453 826008114.9302179 2065020.2873255447 0.0 0.013979933911489356
118441935.6248453 826008114.9302179 2065020.2873255447 3.6545546164273926e-05 0.01401647945765363
118441935.6248453 826008114.9302179 2065020.2873255447 1.5313542823658736e-07 0.014016632593081868
118441935.6248453 826008114.9302179 2065020.2873255447 0.0 0.014016632593081868
118441935.6248453 826008114.9302179 2065020.2873255447 3.874053949543026e-08 0.014016671333621363
118441935.6248453 826008114.9302179 2065020.2873255447 0.0 0.014016671333621363
118441935.6248453 826008114.9302179 2065020.2873255447 0.0 0.014016671333621363
118441935.6248453 826008114.9302179 2065020.2873255447 0.0 0.014016671333621363
118441935.6248453 826008114.9302179 2065020.2873255447 0.0 0.014016671333621363
118441935.6248453 826008114.9302179 2065020.2873255447 0.0004402469232174823 0.014456918256838844
118441935.6248453 826008114.9302179 2065020.2873255447 0.002432371597009837 0.01688928985384868
118441935.6248453 826008114.9302179 2065020.2873255447 0.0 0.01688928985384868
118441935.6248453 826008114.9302179 2065020.2873255447 0.0 0.01688928985384868
118441935.6248453 826008114.9302179 2065020.2873255447 1.766707713131439e-07 0.016889466524619996
118441935.6248453 826008114.9302179 2065020.2873255447 6.4416559409965405e-06 0.01689590818056099
118441935.6248453 826008114.9302179 2065020.2873255447 3.874053949543026e-08 0.016895946921100486
118441935.6248453 826008114.9302179 2065020.2873255447 0.0036040238569770154 0.0204999707780775
118441935.6248453 826008114.9302179 2065020.2873255447 6.053209296160977e-07 0.020500576099007118
118441935.6248453 826008114.9302179 2065020.2873255447 6.287449920753628e-05 0.020563450598214655
118441935.6248453 826008114.9302179 2065020.2873255447 0.0 0.020563450598214655
118441935.6248453 826008114.9302179 2065020.2873255447 0.0005024285166403753 0.02106587911485503
118441935.6248453 826008114.9302179 2065020.2873255447 0.0 0.02106587911485503
118441935.6248453 826008114.9302179 2065020.2873255447 0.00047537146927003704 0.02154125058412507
118441935.6248453 826008114.9302179 2065020.2873255447 1.7325295959359492e-06 0.021542983113721006
118441935.6248453 826008114.9302179 2065020.2873255447 0.0 0.021542983113721006
118441935.6248453 826008114.9302179 2065020.2873255447 4.6602006859074314e-07 0.021543449133789597
118441935.6248453 826008114.9302179 2065020.2873255447 7.95715026433761e-07 0.021544244848816032
118441935.6248453 826008114.9302179 2065020.2873255447 0.0 0.021544244848816032
118441935.6248453 826008114.9302179 2065020.2873255447 0.0 0.021544244848816032
118441935.6248453 826008114.9302179 2065020.2873255447 2.8219604589154777e-05 0.021572464453405188
118441935.6248453 826008114.9302179 2065020.2873255447 8.339837528494127e-05 0.02165586282869013
118441935.6248453 826008114.9302179 2065020.2873255447 0.0 0.02165586282869013
118441935.6248453 826008114.9302179 2065020.2873255447 0.0 0.02165586282869013
118441935.6248453 826008114.9302179 2065020.2873255447 0.0 0.02165586282869013
118441935.6248453 826008114.9302179 2065020.2873255447 4.9003337035707955e-06 0.0216607631623937
118441935.6248453 826008114.9302179 2065020.2873255447 2.5162718519517736e-08 0.02166078832511222
118441935.6248453 826008114.9302179 2065020.2873255447 0.0 0.02166078832511222
118441935.6248453 826008114.9302179 2065020.2873255447 0.0 0.02166078832511222
118441935.6248453 826008114.9302179 2065020.2873255447 3.3433220255917156e-06 0.021664131647137812
118441935.6248453 826008114.9302179 2065020.2873255447 8.968560401621113e-08 0.021664221332741828
118441935.6248453 826008114.9302179 2065020.2873255447 0.0 0.021664221332741828
118441935.6248453 826008114.9302179 2065020.2873255447 3.3942908970777723e-07 0.021664560761831535
118441935.6248453 826008114.9302179 2065020.2873255447 5.414154987299841e-08 0.021664614903381407
118441935.6248453 826008114.9302179 2065020.2873255447 1.3696849092022003e-08 0.0216646286002305
118441935.6248453 826008114.9302179 2065020.2873255447 0.018316196803354685 0.039980825403585184
118441935.6248453 826008114.9302179 2065020.2873255447 1.998801606927709e-06 0.03998282420519211
118441935.6248453 826008114.9302179 2065020.2873255447 0.0 0.03998282420519211
118441935.6248453 826008114.9302179 2065020.2873255447 1.8640802743629726e-06 0.039984688285466474
118441935.6248453 826008114.9302179 2065020.2873255447 0.0 0.039984688285466474
118441935.6248453 826008114.9302179 2065020.2873255447 0.0 0.039984688285466474
118441935.6248453 826008114.9302179 2065020.2873255447 0.0 0.039984688285466474
118441935.6248453 826008114.9302179 2065020.2873255447 0.0 0.039984688285466474
118441935.6248453 826008114.9302179 2065020.2873255447 0.0013448842887890528 0.04132957257425553
118441935.6248453 826008114.9302179 2065020.2873255447 0.0 0.04132957257425553
118441935.6248453 826008114.9302179 2065020.2873255447 3.874053949543026e-08 0.041329611314795026
118441935.6248453 826008114.9302179 2065020.2873255447 3.874053949543026e-08 0.041329650055334524
118441935.6248453 826008114.9302179 2065020.2873255447 0.0 0.041329650055334524
118441935.6248453 826008114.9302179 2065020.2873255447 1.2396972638537682e-06 0.041330889752598375
118441935.6248453 826008114.9302179 2065020.2873255447 1.307493207970771e-07 0.04133102050191917
118441935.6248453 826008114.9302179 2065020.2873255447 0.0 0.04133102050191917
118441935.6248453 826008114.9302179 2065020.2873255447 0.0 0.04133102050191917
118441935.6248453 826008114.9302179 2065020.2873255447 7.995206427710836e-06 0.04133901570834688
118441935.6248453 826008114.9302179 2065020.2873255447 0.00027348744399830366 0.04161250315234519
118441935.6248453 826008114.9302179 2065020.2873255447 1.8640802743629726e-06 0.04161436723261955
118441935.6248453 826008114.9302179 2065020.2873255447 0.002109595332315528 0.043723962564935076
118441935.6248453 826008114.9302179 2065020.2873255447 0.0 0.043723962564935076
118441935.6248453 826008114.9302179 2065020.2873255447 3.0992431596344206e-07 0.04372427248925104
118441935.6248453 826008114.9302179 2065020.2873255447 0.0 0.04372427248925104
118441935.6248453 826008114.9302179 2065020.2873255447 0.0 0.04372427248925104
118441935.6248453 826008114.9302179 2065020.2873255447 7.117091559295727e-08 0.04372434366016663
118441935.6248453 826008114.9302179 2065020.2873255447 0.0 0.04372434366016663
118441935.6248453 826008114.9302179 2065020.2873255447 0.0 0.04372434366016663
118441935.6248453 826008114.9302179 2065020.2873255447 0.0012873335997308367 0.045011677259897465
118441935.6248453 826008114.9302179 2065020.2873255447 0.0 0.045011677259897465
118441935.6248453 826008114.9302179 2065020.2873255447 0.0 0.045011677259897465
118441935.6248453 826008114.9302179 2065020.2873255447 0.0 0.045011677259897465
118441935.6248453 826008114.9302179 2065020.2873255447 0.0 0.045011677259897465
118441935.6248453 826008114.9302179 2065020.2873255447 0.0 0.045011677259897465
118441935.6248453 826008114.9302179 2065020.2873255447 5.229972831883084e-07 0.045012200257180654
118441935.6248453 826008114.9302179 2065020.2873255447 4.842567436928782e-09 0.04501220509974809
118441935.6248453 826008114.9302179 2065020.2873255447 0.0 0.04501220509974809
118441935.6248453 826008114.9302179 2065020.2873255447 0.0 0.04501220509974809
118441935.6248453 826008114.9302179 2065020.2873255447 0.001957060585664472 0.04696926568541256
118441935.6248453 826008114.9302179 2065020.2873255447 4.331323989839873e-07 0.046969698817811545
118441935.6248453 826008114.9302179 2065020.2873255447 0.0 0.046969698817811545
118441935.6248453 826008114.9302179 2065020.2873255447 0.009964604472043863 0.05693430328985541
118441935.6248453 826008114.9302179 2065020.2873255447 0.0 0.05693430328985541
118441935.6248453 826008114.9302179 2065020.2873255447 0.0 0.05693430328985541
118441935.6248453 826008114.9302179 2065020.2873255447 3.672033025520968e-06 0.05693797532288093
118441935.6248453 826008114.9302179 2065020.2873255447 0.0 0.05693797532288093
118441935.6248453 826008114.9302179 2065020.2873255447 0.029504388197184764 0.0864423635200657
118441935.6248453 826008114.9302179 2065020.2873255447 1.5313542823658736e-07 0.08644251665549393
118441935.6248453 826008114.9302179 2065020.2873255447 1.4792597019383763e-06 0.08644399591519587
118441935.6248453 826008114.9302179 2065020.2873255447 3.6095128165099204e-06 0.08644760542801239
118441935.6248453 826008114.9302179 2065020.2873255447 0.0 0.08644760542801239
118441935.6248453 826008114.9302179 2065020.2873255447 5.341551640591868e-07 0.08644813958317644
118441935.6248453 826008114.9302179 2065020.2873255447 4.0105697961221336e-07 0.08644854064015606
118441935.6248453 826008114.9302179 2065020.2873255447 0.0 0.08644854064015606
118441935.6248453 826008114.9302179 2065020.2873255447 0.007430094716491289 0.09387863535664735
118441935.6248453 826008114.9302179 2065020.2873255447 5.414154987299841e-08 0.09387868949819722
118441935.6248453 826008114.9302179 2065020.2873255447 0.0 0.09387868949819722
118441935.6248453 826008114.9302179 2065020.2873255447 0.0 0.09387868949819722
118441935.6248453 826008114.9302179 2065020.2873255447 0.0 0.09387868949819722
118441935.6248453 826008114.9302179 2065020.2873255447 9.685134873857564e-06 0.09388837463307108
118441935.6248453 826008114.9302179 2065020.2873255447 0.0 0.09388837463307108
118441935.6248453 826008114.9302179 2065020.2873255447 0.0 0.09388837463307108
118441935.6248453 826008114.9302179 2065020.2873255447 3.0992431596344206e-07 0.09388868455738704
118441935.6248453 826008114.9302179 2065020.2873255447 5.414154987299841e-08 0.09388873869893691
118441935.6248453 826008114.9302179 2065020.2873255447 0.0 0.09388873869893691
118441935.6248453 826008114.9302179 2065020.2873255447 0.0 0.09388873869893691
118441935.6248453 826008114.9302179 2065020.2873255447 4.331323989839873e-07 0.0938891718313359
118441935.6248453 826008114.9302179 2065020.2873255447 0.0 0.0938891718313359
118441935.6248453 826008114.9302179 2065020.2873255447 1.5313542823658736e-07 0.09388932496676414
118441935.6248453 826008114.9302179 2065020.2873255447 0.0 0.09388932496676414
118441935.6248453 826008114.9302179 2065020.2873255447 1.0957479273617603e-07 0.09388943454155688
118441935.6248453 826008114.9302179 2065020.2873255447 9.775557783583985e-05 0.09398719011939272
118441935.6248453 826008114.9302179 2065020.2873255447 0.0008925444440738315 0.09487973456346654
118441935.6248453 826008114.9302179 2065020.2873255447 3.182860105735044e-06 0.09488291742357229
118441935.6248453 826008114.9302179 2065020.2873255447 0.0 0.09488291742357229
118441935.6248453 826008114.9302179 2065020.2873255447 0.000223191991299514 0.0951061094148718
118441935.6248453 826008114.9302179 2065020.2873255447 1.6042279184488534e-06 0.09510771364279025
118441935.6248453 826008114.9302179 2065020.2873255447 5.44788836654488e-06 0.09511316153115679
118441935.6248453 826008114.9302179 2065020.2873255447 1.9601334814283182e-05 0.09513276286597107
118441935.6248453 826008114.9302179 2065020.2873255447 3.691394089671324e-05 0.09516967680686778
118441935.6248453 826008114.9302179 2065020.2873255447 0.0001020998815269019 0.09527177668839468
118441935.6248453 826008114.9302179 2065020.2873255447 1.0870294400431661e-05 0.09528264698279511
118441935.6248453 826008114.9302179 2065020.2873255447 0.0 0.09528264698279511
118441935.6248453 826008114.9302179 2065020.2873255447 0.0 0.09528264698279511
118441935.6248453 826008114.9302179 2065020.2873255447 0.0 0.09528264698279511
118441935.6248453 826008114.9302179 2065020.2873255447 0.0 0.09528264698279511
118441935.6248453 826008114.9302179 2065020.2873255447 0.0002643863778375097 0.09554703336063261
118441935.6248453 826008114.9302179 2065020.2873255447 0.004296045438596981 0.09984307879922959
118441935.6248453 826008114.9302179 2065020.2873255447 0.0007278235723631895 0.10057090237159277
118441935.6248453 826008114.9302179 2065020.2873255447 0.00887831295155256 0.10944921532314533
118441935.6248453 826008114.9302179 2065020.2873255447 0.0 0.10944921532314533
118441935.6248453 826008114.9302179 2065020.2873255447 0.0 0.10944921532314533
118441935.6248453 826008114.9302179 2065020.2873255447 0.014049857936134206 0.12349907325927954
118441935.6248453 826008114.9302179 2065020.2873255447 2.7393698184044006e-05 0.12352646695746358
118441935.6248453 826008114.9302179 2065020.2873255447 5.229972831883084e-07 0.12352698995474677
118441935.6248453 826008114.9302179 2065020.2873255447 8.989519205752585e-05 0.1236168851468043
118441935.6248453 826008114.9302179 2065020.2873255447 0.00968053558161766 0.13329742072842196
118441935.6248453 826008114.9302179 2065020.2873255447 0.0 0.13329742072842196
118441935.6248453 826008114.9302179 2065020.2873255447 0.0001538366872490458 0.13345125741567102
118441935.6248453 826008114.9302179 2065020.2873255447 0.0 0.13345125741567102
118441935.6248453 826008114.9302179 2065020.2873255447 0.0009344869149869211 0.13438574433065795
118441935.6248453 826008114.9302179 2065020.2873255447 3.84020177702954e-06 0.13438958453243496
118441935.6248453 826008114.9302179 2065020.2873255447 7.117091559295727e-08 0.13438965570335057
118441935.6248453 826008114.9302179 2065020.2873255447 0.0 0.13438965570335057
118441935.6248453 826008114.9302179 2065020.2873255447 3.874053949543026e-08 0.13438969444389007
118441935.6248453 826008114.9302179 2065020.2873255447 1.7325295959359492e-06 0.134391426973486
118441935.6248453 826008114.9302179 2065020.2873255447 0.0010125227402525653 0.13540394971373856
118441935.6248453 826008114.9302179 2065020.2873255447 2.1366206562367474e-06 0.1354060863343948
118441935.6248453 826008114.9302179 2065020.2873255447 3.874053949543026e-08 0.1354061250749343
118441935.6248453 826008114.9302179 2065020.2873255447 0.0 0.1354061250749343
118441935.6248453 826008114.9302179 2065020.2873255447 3.900878942891139e-05 0.13544513386436322
118441935.6248453 826008114.9302179 2065020.2873255447 0.0 0.13544513386436322
118441935.6248453 826008114.9302179 2065020.2873255447 0.00011209883365795705 0.13555723269802117
118441935.6248453 826008114.9302179 2065020.2873255447 0.007626930190735237 0.1431841628887564
118441935.6248453 826008114.9302179 2065020.2873255447 0.0 0.1431841628887564
118441935.6248453 826008114.9302179 2065020.2873255447 9.079265103344255e-07 0.14318507081526674
118441935.6248453 826008114.9302179 2065020.2873255447 0.0 0.14318507081526674
118441935.6248453 826008114.9302179 2065020.2873255447 0.0205012449512927 0.16368631576655945
118441935.6248453 826008114.9302179 2065020.2873255447 8.179971184499501e-05 0.16376811547840445
118441935.6248453 826008114.9302179 2065020.2873255447 1.357716358831109e-06 0.1637694731947633
118441935.6248453 826008114.9302179 2065020.2873255447 0.02712542592300436 0.19089489911776764
118441935.6248453 826008114.9302179 2065020.2873255447 0.0 0.19089489911776764
118441935.6248453 826008114.9302179 2065020.2873255447 0.0 0.19089489911776764
118441935.6248453 826008114.9302179 2065020.2873255447 0.0 0.19089489911776764
118441935.6248453 826008114.9302179 2065020.2873255447 0.000340504444280833 0.19123540356204846
118441935.6248453 826008114.9302179 2065020.2873255447 2.9895750777854895e-05 0.19126529931282632
118441935.6248453 826008114.9302179 2065020.2873255447 0.0005523719969404533 0.19181767130976676
118441935.6248453 826008114.9302179 2065020.2873255447 0.0 0.19181767130976676
118441935.6248453 826008114.9302179 2065020.2873255447 0.0004525324469958999 0.19227020375676265
118441935.6248453 826008114.9302179 2065020.2873255447 0.01100815276305513 0.2032783565198178
118441935.6248453 826008114.9302179 2065020.2873255447 6.125417129463494e-07 0.20327896906153073
118441935.6248453 826008114.9302179 2065020.2873255447 0.002544882364877513 0.20582385142640824
118441935.6248453 826008114.9302179 2065020.2873255447 0.0002964549738481776 0.20612030640025641
118441935.6248453 826008114.9302179 2065020.2873255447 0.005935064691773969 0.21205537109203038
118441935.6248453 826008114.9302179 2065020.2873255447 0.0025440859945138733 0.21459945708654424
118441935.6248453 826008114.9302179 2065020.2873255447 7.900529437220462e-05 0.21467846238091645
118441935.6248453 826008114.9302179 2065020.2873255447 0.0005816923369768562 0.2152601547178933
118441935.6248453 826008114.9302179 2065020.2873255447 0.0 0.2152601547178933
118441935.6248453 826008114.9302179 2065020.2873255447 6.0432758193930215e-06 0.21526619799371272
118441935.6248453 826008114.9302179 2065020.2873255447 0.00014391371569879506 0.21541011170941152
118441935.6248453 826008114.9302179 2065020.2873255447 0.00042807463409960504 0.21583818634351112
118441935.6248453 826008114.9302179 2065020.2873255447 0.0 0.21583818634351112
118441935.6248453 826008114.9302179 2065020.2873255447 0.005224899991457667 0.2210630863349688
118441935.6248453 826008114.9302179 2065020.2873255447 1.4493725867242216e-05 0.22107758006083603
118441935.6248453 826008114.9302179 2065020.2873255447 4.932229082053957e-05 0.22112690235165658
118441935.6248453 826008114.9302179 2065020.2873255447 0.00010429553139224672 0.22123119788304882
118441935.6248453 826008114.9302179 2065020.2873255447 7.117091559295727e-08 0.22123126905396442
118441935.6248453 826008114.9302179 2065020.2873255447 0.0006428104030189708 0.2218740794569834
118441935.6248453 826008114.9302179 2065020.2873255447 0.08658692848563392 0.3084610079426173
118441935.6248453 826008114.9302179 2065020.2873255447 0.0002859487645832077 0.30874695670720054
118441935.6248453 826008114.9302179 2065020.2873255447 0.0 0.30874695670720054
118441935.6248453 826008114.9302179 2065020.2873255447 4.842567436928782e-09 0.308746961549768
118441935.6248453 826008114.9302179 2065020.2873255447 0.0007134114886449313 0.30946037303841295
118441935.6248453 826008114.9302179 2065020.2873255447 3.967031244332058e-05 0.3095000433508563
118441935.6248453 826008114.9302179 2065020.2873255447 1.0272015876424164e-05 0.30951031536673274
118441935.6248453 826008114.9302179 2065020.2873255447 1.5873527581399563e-05 0.30952618889431416
118441935.6248453 826008114.9302179 2065020.2873255447 0.0007799003282848173 0.310306089222599
118441935.6248453 826008114.9302179 2065020.2873255447 0.001321763388044222 0.31162785261064324
118441935.6248453 826008114.9302179 2065020.2873255447 6.125417129463494e-07 0.3116284651523562
118441935.6248453 826008114.9302179 2065020.2873255447 2.3389149545135314e-05 0.31165185430190134
118441935.6248453 826008114.9302179 2065020.2873255447 0.0006050101507105664 0.3122568644526119
118441935.6248453 826008114.9302179 2065020.2873255447 5.414154987299841e-08 0.31225691859416177
118441935.6248453 826008114.9302179 2065020.2873255447 0.00290661704205523 0.315163535636217
118441935.6248453 826008114.9302179 2065020.2873255447 3.182860105735044e-06 0.3151667184963228
118441935.6248453 826008114.9302179 2065020.2873255447 2.295020640950605e-05 0.3151896687027323
118441935.6248453 826008114.9302179 2065020.2873255447 0.0002964549738481776 0.31548612367658047
118441935.6248453 826008114.9302179 2065020.2873255447 0.0006990958086277612 0.3161852194852082
118441935.6248453 826008114.9302179 2065020.2873255447 0.0002059841699970471 0.3163912036552053
118441935.6248453 826008114.9302179 2065020.2873255447 0.0004803746416412617 0.31687157829684653
118441935.6248453 826008114.9302179 2065020.2873255447 0.0006930766360125461 0.31756465493285907
118441935.6248453 826008114.9302179 2065020.2873255447 0.009738976268637057 0.32730363120149614
118441935.6248453 826008114.9302179 2065020.2873255447 5.778008930488593e-06 0.3273094092104266
118441935.6248453 826008114.9302179 2065020.2873255447 3.506393367557633e-06 0.32731291560379416
118441935.6248453 826008114.9302179 2065020.2873255447 0.0003517913195741285 0.3276647069233683
118441935.6248453 826008114.9302179 2065020.2873255447 0.0004554938597949265 0.32812020078316323
118441935.6248453 826008114.9302179 2065020.2873255447 0.0006525524482096338 0.32877275323137284
118441935.6248453 826008114.9302179 2065020.2873255447 2.568003969106041e-06 0.3287753212353419
118441935.6248453 826008114.9302179 2065020.2873255447 0.00827531683171486 0.33705063806705676
118441935.6248453 826008114.9302179 2065020.2873255447 0.0006767693734124801 0.33772740744046925
118441935.6248453 826008114.9302179 2065020.2873255447 0.0009164585422109985 0.33864386598268026
118441935.6248453 826008114.9302179 2065020.2873255447 7.403012878756451e-05 0.3387178961114678
118441935.6248453 826008114.9302179 2065020.2873255447 0.00037723582380738 0.3390951319352752
118441935.6248453 826008114.9302179 2065020.2873255447 0.0069222791302679994 0.3460174110655432
118441935.6248453 826008114.9302179 2065020.2873255447 0.00281750472133731 0.3488349157868805
118441935.6248453 826008114.9302179 2065020.2873255447 0.018901234242629975 0.36773615002951043
118441935.6248453 826008114.9302179 2065020.2873255447 0.0010077599248519795 0.3687439099543624
118441935.6248453 826008114.9302179 2065020.2873255447 0.04282422319016594 0.41156813314452834
118441935.6248453 826008114.9302179 2065020.2873255447 0.0 0.41156813314452834
118441935.6248453 826008114.9302179 2065020.2873255447 0.0040021421469503965 0.4155702752914787
118441935.6248453 826008114.9302179 2065020.2873255447 5.6172656777632405e-05 0.4156264479482564
118441935.6248453 826008114.9302179 2065020.2873255447 4.1941806173166886e-06 0.4156306421288737
118441935.6248453 826008114.9302179 2065020.2873255447 0.008366819296133572 0.42399746142500727
118441935.6248453 826008114.9302179 2065020.2873255447 7.5224745575813605e-06 0.42400498389956487
118441935.6248453 826008114.9302179 2065020.2873255447 7.70052204457446e-05 0.4240819891200106
118441935.6248453 826008114.9302179 2065020.2873255447 0.001411296106628389 0.425493285226639
118441935.6248453 826008114.9302179 2065020.2873255447 0.0042894064752922135 0.4297826917019312
118441935.6248453 826008114.9302179 2065020.2873255447 0.000615263779499638 0.43039795548143084
118441935.6248453 826008114.9302179 2065020.2873255447 0.0024857769130813227 0.43288373239451217
118441935.6248453 826008114.9302179 2065020.2873255447 7.090269550479298e-05 0.43295463509001697
118441935.6248453 826008114.9302179 2065020.2873255447 7.110861377283172e-05 0.4330257437037898
118441935.6248453 826008114.9302179 2065020.2873255447 0.00028882117760252533 0.43331456488139236
118441935.6248453 826008114.9302179 2065020.2873255447 0.001757745724007448 0.4350723106053998
118441935.6248453 826008114.9302179 2065020.2873255447 0.0003575565013300938 0.4354298671067299
118441935.6248453 826008114.9302179 2065020.2873255447 0.0 0.4354298671067299
118441935.6248453 826008114.9302179 2065020.2873255447 0.0007206055203786922 0.43615047262710854
118441935.6248453 826008114.9302179 2065020.2873255447 0.009898775179825164 0.4460492478069337
118441935.6248453 826008114.9302179 2065020.2873255447 0.016773875525901368 0.4628231233328351
118441935.6248453 826008114.9302179 2065020.2873255447 0.04777356356054663 0.5105966868933818
118441935.6248453 826008114.9302179 2065020.2873255447 1.0957479273617603e-07 0.5105967964681745
118441935.6248453 826008114.9302179 2065020.2873255447 3.1782749949971795e-05 0.5106285792181244
118441935.6248453 826008114.9302179 2065020.2873255447 3.898191590855886e-06 0.5106324774097153
118441935.6248453 826008114.9302179 2065020.2873255447 0.14339076515592272 0.654023242565638
118441935.6248453 826008114.9302179 2065020.2873255447 0.00034362655002064804 0.6543668691156587
118441935.6248453 826008114.9302179 2065020.2873255447 0.006325021104783717 0.6606918902204424
118441935.6248453 826008114.9302179 2065020.2873255447 0.006313253225029065 0.6670051434454715
118441935.6248453 826008114.9302179 2065020.2873255447 0.0037758211862668777 0.6707809646317383
118441935.6248453 826008114.9302179 2065020.2873255447 8.50073196953097e-05 0.6708659719514336
118441935.6248453 826008114.9302179 2065020.2873255447 0.0010733690275941928 0.6719393409790277
118441935.6248453 826008114.9302179 2065020.2873255447 0.0019752094527098795 0.6739145504317376
118441935.6248453 826008114.9302179 2065020.2873255447 0.0011936847301966607 0.6751082351619343
118441935.6248453 826008114.9302179 2065020.2873255447 7.900529437220462e-05 0.6751872404563065
118441935.6248453 826008114.9302179 2065020.2873255447 0.062399962670991405 0.7375872031272979
118441935.6248453 826008114.9302179 2065020.2873255447 0.00039224796239123135 0.7379794510896891
118441935.6248453 826008114.9302179 2065020.2873255447 0.003081791045704951 0.741061242135394
118441935.6248453 826008114.9302179 2065020.2873255447 0.00039224796239123135 0.7414534900977853
118441935.6248453 826008114.9302179 2065020.2873255447 5.6172656777632405e-05 0.7415096627545629
118441935.6248453 826008114.9302179 2065020.2873255447 0.00048373493923440215 0.7419933976937972
118441935.6248453 826008114.9302179 2065020.2873255447 0.014043486513472115 0.7560368842072693
118441935.6248453 826008114.9302179 2065020.2873255447 0.010875565125928974 0.7669124493331984
118441935.6248453 826008114.9302179 2065020.2873255447 0.0015792828863278965 0.7684917322195263
118441935.6248453 826008114.9302179 2065020.2873255447 0.008327039784820956 0.7768187720043472
118441935.6248453 826008114.9302179 2065020.2873255447 0.005018410897473863 0.7818371829018211
118441935.6248453 826008114.9302179 2065020.2873255447 5.438948237453719e-05 0.7818915723841957
118441935.6248453 826008114.9302179 2065020.2873255447 0.00687575327329539 0.7887673256574911
118441935.6248453 826008114.9302179 2065020.2873255447 0.020587203979805516 0.8093545296372966
118441935.6248453 826008114.9302179 2065020.2873255447 0.0014245476594264871 0.810779077296723
118441935.6248453 826008114.9302179 2065020.2873255447 0.003933338360544608 0.8147124156572677
118441935.6248453 826008114.9302179 2065020.2873255447 0.003151390723916925 0.8178638063811846
118441935.6248453 826008114.9302179 2065020.2873255447 0.0009708929864561525 0.8188346993676408
118441935.6248453 826008114.9302179 2065020.2873255447 2.7393698184044006e-05 0.8188620930658248
118441935.6248453 826008114.9302179 2065020.2873255447 0.00666296633185674 0.8255250593976815
118441935.6248453 826008114.9302179 2065020.2873255447 0.02015861022815425 0.8456836696258357
118441935.6248453 826008114.9302179 2065020.2873255447 0.002275475640730615 0.8479591452665663
118441935.6248453 826008114.9302179 2065020.2873255447 0.000251664388972392 0.8482108096555387
118441935.6248453 826008114.9302179 2065020.2873255447 0.006071499660406167 0.854282309315945
118441935.6248453 826008114.9302179 2065020.2873255447 0.006999622586630857 0.8612819319025758
118441935.6248453 826008114.9302179 2065020.2873255447 0.002944053149528534 0.8642259850521044
118441935.6248453 826008114.9302179 2065020.2873255447 8.925820299747131e-05 0.8643152432551018
118441935.6248453 826008114.9302179 2065020.2873255447 0.03456379924212567 0.8988790424972275
118441935.6248453 826008114.9302179 2065020.2873255447 0.002464167054263827 0.9013432095514913
118441935.6248453 826008114.9302179 2065020.2873255447 0.0014378404302841014 0.9027810499817753
118441935.6248453 826008114.9302179 2065020.2873255447 0.0005597816386074927 0.9033408316203828
118441935.6248453 826008114.9302179 2065020.2873255447 0.025212695794542588 0.9285535274149254
118441935.6248453 826008114.9302179 2065020.2873255447 0.025894536004397724 0.9544480634193231
118441935.6248453 826008114.9302179 2065020.2873255447 0.0004220312836604466 0.9548700947029836
118441935.6248453 826008114.9302179 2065020.2873255447 0.001987157341636691 0.9568572520446202
118441935.6248453 826008114.9302179 2065020.2873255447 0.00045937851531283025 0.9573166305599331
118441935.6248453 826008114.9302179 2065020.2873255447 0.012090248184208697 0.9694068787441418
118441935.6248453 826008114.9302179 2065020.2873255447 0.0018472204911483207 0.97125409923529
118441935.6248453 826008114.9302179 2065020.2873255447 0.0005747053786296527 0.9718288046139197
118441935.6248453 826008114.9302179 2065020.2873255447 0.0045667531956329705 0.9763955578095527
118441935.6248453 826008114.9302179 2065020.2873255447 0.001726279651535883 0.9781218374610886
118441935.6248453 826008114.9302179 2065020.2873255447 6.163582091409902e-05 0.9781834732820027
118441935.6248453 826008114.9302179 2065020.2873255447 0.0025440859945138733 0.9807275592765166
118441935.6248453 826008114.9302179 2065020.2873255447 0.0011526846937310899 0.9818802439702476
118441935.6248453 826008114.9302179 2065020.2873255447 0.0009395975991659161 0.9828198415694136
118441935.6248453 826008114.9302179 2065020.2873255447 5.438948237453719e-05 0.9828742310517882
118441935.6248453 826008114.9302179 2065020.2873255447 0.00609068469642561 0.9889649157482138
118441935.6248453 826008114.9302179 2065020.2873255447 0.005760844108548247 0.994725759856762
118441935.6248453 826008114.9302179 2065020.2873255447 0.000277495679405557 0.9950032555361676
118441935.6248453 826008114.9302179 2065020.2873255447 0.0006365720211470087 0.9956398275573146
118441935.6248453 826008114.9302179 2065020.2873255447 0.0008194230832768013 0.9964592506405914
118441935.6248453 826008114.9302179 2065020.2873255447 0.0008280941822989066 0.9972873448228903
118441935.6248453 826008114.9302179 2065020.2873255447 0.002330444854751914 0.9996177896776421
118441935.6248453 826008114.9302179 2065020.2873255447 0.00038221032235804614 1.0000000000000002
1701's generation extracting best parents:
0
0
0
8767.977189751351
0
0
3600.995417936546
0
0
5999.637322372078
0
0
0
0
589283.6789051603
0
0
0
0
0
0
0
0
0
0
0
0
0
8053414.493415324
0
0
9798.879935992685
0
0
166131.321550152
0
469202.118869896
0
0
197087.41548866077
0
62371.227340817975
0
0
0
0
0
1307819.9456744802
0
20621.80903800634
0
44088.15024470861
0
0
0
6526.254668644184
5915.403621055794
0
0
0
0
0
0
300006.32993321994
248358.52896971346
0
0
0
0
0
0
0
0
0
0
0
26105.018674576735
0
0
0
0
0
30186.91769624716
0
0
0
0
0
0
0
363647.53115070093
2009158.677655899
0
0
0
5320.860080851591
0
2976952.952265118
0
51934.84656759852
0
415010.031917302
0
392660.6912233513
0
0
0
0
0
0
23309.622390763863
68887.7347573572
0
0
0
4047.7154050155254
0
0
0
0
0
0
0
0
0
15129327.194229886
0
0
0
0
0
0
0
1110885.336181912
0
0
0
0
0
0
0
0
6604.1053898313885
225902.84807412233
0
1742542.8637115357
0
0
0
0
0
0
0
1063348.0
0
0
0
0
0
0
0
0
0
1616547.9251689385
0
0
8230844.15597817
0
0
0
0
24370864.076925956
0
0
0
0
0
0
0
6137318.530521941
0
0
0
0
8000.0
0
0
0
0
0
0
0
0
0
0
0
80746.90057209626
737248.9537408649
0
0
184358.39600083313
0
4500.0
16190.861620062102
30491.21473473958
84335.33067463481
8978.95138643706
0
0
0
0
218385.2935707897
3548568.394390053
601188.1770094951
7333558.544872469
0
0
11605296.668863576
22627.41699796952
0
74254.15813272682
7996200.947286905
0
127070.35204169381
0
771893.7750753014
0
0
0
0
0
836352.0
0
0
0
32221.576621884906
0
92594.54627568516
6299906.22955358
0
0
0
16934194.69593993
67567.22578291934
0
22405821.933340095
0
0
0
281259.43414577225
24694.132744439517
456263.7519330239
0
373795.473487842
9092823.512675038
0
2102093.484931629
244874.2141100202
4902411.598041111
2101435.676548773
65259.01427389169
480482.5907356061
0
4991.794867580197
118873.897016965
353593.1215620575
0
4315809.792642859
11971.93518191608
40740.61246471388
86148.95528095508
0
530966.6092552337
71521505.57601605
236196.0
0
0
589283.6789051603
32768.0
8484.768470618394
13111.662594804673
644204.0
1091787.284542186
0
19319.627325598183
499743.294102082
0
2400889.2637320864
0
18957.056733575497
244874.2141100202
577458.8110402334
170144.5959647264
396793.3522023775
572486.9256149
8044473.429007023
4772.682264722846
0
290582.4847302397
376241.6244914962
539013.6176387382
0
6835478.8566150945
559016.9943749474
757002.1928634024
61149.487127857414
311599.8517072818
5717858.735413458
2327281.7636788203
15612572.86660927
832417.8758292015
35373155.87065989
0
3305801.8904852723
46399.07033551427
0
6911060.634761063
6213.625028918304
63606.936980175364
1165742.0366444713
3543084.5568255917
508212.8746893372
2053271.9021113594
58566.201857385284
58736.292017797656
238568.6364633876
1451912.232014043
295344.5716447147
0
595226.0074963123
8176468.626405412
13855357.303223906
39461351.18014607
0
26252.80937347468
0
118441935.6248453
283838.3188225297
5224518.759656242
5214798.395483376
3118858.9403818827
70216.73589679315
886611.5271075602
1631539.0366252349
985993.2738107294
65259.01427389169
51542875.53758157
324000.0
2545584.4122715713
324000.0
46399.07033551427
399568.985282892
11600033.822041038
8983305.04846941
1304500.4798772593
6878202.435608885
4145248.125367648
44926.153808221774
5679428.0
17005197.551043034
1176687.9267911266
3248969.404576165
2603074.311271194
801965.4855416161
22627.41699796952
5503664.259620494
16651175.6341707
1879561.344569525
207876.82753015065
5015107.989291556
5781745.05800593
2431811.792296435
73728.0
28549978.65681472
2035421.9833656116
1187667.863389424
462384.1760787235
20825891.325559154
21389096.87198522
348601.26505794557
1641408.0898350659
379450.3814729931
9986643.111676715
1525819.1157538956
474711.3064421365
3772175.1984763383
1425921.0008075482
50911.688245431425
2101435.676548773
952126.9109777331
776115.2416799968
44926.153808221774
5030954.984728844
4758503.982508789
229213.6830470642
525813.6552049594
676850.1163477775
684012.5145054
1924966.3614224538
315708.8278778406
