0 1 56 4 14.696938456699069 58.787753826796276
1 3 82 36 181.01933598375618 6516.696095415223
2 1 13 4 46.87216658103186 187.48866632412745
3 0 50 0 1.0 0.0
4 1 9 4 27.0 108.0
5 2 48 16 332.55375505322445 5320.860080851591
6 2 69 16 82.8190799272728 1325.1052788363647
7 0 6 0 14.696938456699069 0.0
8 0 50 0 1.0 0.0
9 0 50 0 1.0 0.0
10 0 50 0 1.0 0.0
11 1 16 4 64.0 256.0
12 0 50 0 1.0 0.0
13 0 50 0 1.0 0.0
14 0 50 0 1.0 0.0
15 0 50 0 1.0 0.0
16 1 15 4 58.09475019311125 232.379000772445
17 1 6 4 14.696938456699069 58.787753826796276
18 1 10 4 31.622776601683793 126.49110640673517
19 2 18 16 76.36753236814714 1221.8805178903542
20 1 57 4 18.520259177452132 74.08103670980853
21 1 19 4 82.8190799272728 331.2763197090912
22 0 50 0 1.0 0.0
23 1 51 4 1.0 4.0
24 0 50 0 1.0 0.0
25 4 39 64 243.55492193753753 15587.515004002402
26 0 50 0 1.0 0.0
27 7 353 196 1045.3358312044986 204885.82291608173
28 1 55 4 11.180339887498949 44.721359549995796
29 0 50 0 1.0 0.0
30 0 50 0 1.0 0.0
31 1 53 4 5.196152422706632 20.784609690826528
32 5 53 100 385.84582413186746 38584.58241318675
33 0 8 0 22.627416997969522 0.0
34 0 50 0 1.0 0.0
35 0 50 0 1.0 0.0
36 0 50 0 1.0 0.0
37 0 50 0 1.0 0.0
38 0 50 0 1.0 0.0
39 2 37 16 225.06221362103412 3600.995417936546
40 1 55 4 11.180339887498949 44.721359549995796
41 0 50 0 1.0 0.0
42 0 50 0 1.0 0.0
43 0 50 0 1.0 0.0
44 0 50 0 1.0 0.0
45 3 48 36 332.55375505322445 11971.93518191608
46 0 50 0 1.0 0.0
47 0 50 0 1.0 0.0
48 2 19 16 82.8190799272728 1325.1052788363647
49 0 50 0 1.0 0.0
50 7 313 196 500.0469977912076 98009.2115670767
51 3 41 36 262.5280937347468 9451.011374450885
52 0 50 0 1.0 0.0
53 0 50 0 1.0 0.0
54 0 50 0 1.0 0.0
55 0 50 0 1.0 0.0
56 0 6 0 14.696938456699069 0.0
57 0 50 0 1.0 0.0
58 0 50 0 1.0 0.0
59 3 42 36 272.19110933313016 9798.879935992685
60 1 6 4 14.696938456699069 58.787753826796276
61 2 39 16 243.55492193753753 3896.8787510006005
62 2 68 16 76.36753236814714 1221.8805178903542
63 2 26 16 132.5745073534124 2121.1921176545984
64 0 50 0 1.0 0.0
65 1 55 4 11.180339887498949 44.721359549995796
66 0 50 0 1.0 0.0
67 1 15 4 58.09475019311125 232.379000772445
68 0 50 0 1.0 0.0
69 0 50 0 1.0 0.0
70 0 10 0 31.622776601683793 0.0
71 0 50 0 1.0 0.0
72 4 70 64 585.6620185738528 37482.36918872658
73 0 50 0 1.0 0.0
74 0 50 0 1.0 0.0
75 1 51 4 1.0 4.0
76 3 40 36 252.98221281347034 9107.359661284932
77 0 50 0 1.0 0.0
78 0 50 0 1.0 0.0
79 1 10 4 31.622776601683793 126.49110640673517
80 0 50 0 1.0 0.0
81 3 55 36 407.8909167902615 14684.073004449414
82 0 50 0 1.0 0.0
83 0 50 0 1.0 0.0
84 0 5 0 11.180339887498949 0.0
85 0 5 0 11.180339887498949 0.0
86 1 53 4 5.196152422706632 20.784609690826528
87 0 50 0 1.0 0.0
88 0 50 0 1.0 0.0
89 0 50 0 1.0 0.0
90 6 120 144 1314.5341380123987 189292.91587378542
91 0 6 0 14.696938456699069 0.0
92 0 5 0 11.180339887498949 0.0
93 0 50 0 1.0 0.0
94 0 50 0 1.0 0.0
95 0 50 0 1.0 0.0
96 2 26 16 132.5745073534124 2121.1921176545984
97 0 50 0 1.0 0.0
98 0 50 0 1.0 0.0
99 0 50 0 1.0 0.0
100 1 16 4 64.0 256.0
101 0 50 0 1.0 0.0
102 0 6 0 14.696938456699069 0.0
103 0 50 0 1.0 0.0
104 1 53 4 5.196152422706632 20.784609690826528
105 0 11 0 36.4828726939094 0.0
106 2 29 16 156.16977940690063 2498.71647051041
107 1 9 4 27.0 108.0
108 0 50 0 1.0 0.0
109 0 50 0 1.0 0.0
110 0 50 0 1.0 0.0
111 5 63 100 500.0469977912076 50004.69977912076
112 0 50 0 1.0 0.0
113 1 55 4 11.180339887498949 44.721359549995796
114 1 7 4 18.520259177452132 74.08103670980853
115 0 8 0 22.627416997969522 0.0
116 3 45 36 301.8691769624716 10867.290370648978
117 1 60 4 31.622776601683793 126.49110640673517
118 2 40 16 252.98221281347034 4047.7154050155254
119 0 50 0 1.0 0.0
120 1 53 4 5.196152422706632 20.784609690826528
121 0 50 0 1.0 0.0
122 0 50 0 1.0 0.0
123 1 12 4 41.569219381653056 166.27687752661222
124 1 18 4 76.36753236814714 305.47012947258855
125 1 16 4 64.0 256.0
126 1 56 4 14.696938456699069 58.787753826796276
127 0 50 0 1.0 0.0
128 0 50 0 1.0 0.0
129 0 50 0 1.0 0.0
130 0 5 0 11.180339887498949 0.0
131 1 8 4 22.627416997969522 90.50966799187809
132 0 50 0 1.0 0.0
133 0 6 0 14.696938456699069 0.0
134 2 25 16 125.0 2000.0
135 0 50 0 1.0 0.0
136 3 29 36 156.16977940690063 5622.112058648423
137 0 6 0 14.696938456699069 0.0
138 0 50 0 1.0 0.0
139 5 137 100 811.4819776187269 81148.1977618727
140 1 26 4 132.5745073534124 530.2980294136496
141 1 7 4 18.520259177452132 74.08103670980853
142 0 50 0 1.0 0.0
143 1 11 4 36.4828726939094 145.9314907756376
144 1 16 4 64.0 256.0
145 0 50 0 1.0 0.0
146 0 50 0 1.0 0.0
147 0 50 0 1.0 0.0
148 0 50 0 1.0 0.0
149 5 47 100 322.21576621884907 32221.576621884906
150 0 50 0 1.0 0.0
151 6 84 144 769.8727167525811 110861.67121237169
152 0 50 0 1.0 0.0
153 3 37 36 225.06221362103412 8102.239690357228
154 1 27 4 140.29611541307906 561.1844616523163
155 0 5 0 11.180339887498949 0.0
156 0 50 0 1.0 0.0
157 0 50 0 1.0 0.0
158 2 29 16 156.16977940690063 2498.71647051041
159 2 23 16 110.30412503619254 1764.8660005790807
160 3 46 36 311.9871792237623 11231.538452055443
161 1 55 4 11.180339887498949 44.721359549995796
162 4 45 64 301.8691769624716 19319.627325598183
163 1 55 4 11.180339887498949 44.721359549995796
164 2 28 16 148.16207341961706 2370.593174713873
165 0 50 0 1.0 0.0
166 0 50 0 1.0 0.0
167 0 50 0 1.0 0.0
168 1 52 4 2.8284271247461903 11.313708498984761
169 0 50 0 1.0 0.0
170 0 50 0 1.0 0.0
171 0 50 0 1.0 0.0
172 0 50 0 1.0 0.0
173 0 10 0 31.622776601683793 0.0
174 0 50 0 1.0 0.0
175 0 50 0 1.0 0.0
176 0 10 0 31.622776601683793 0.0
177 4 51 64 364.21284985568536 23309.622390763863
178 0 50 0 1.0 0.0
179 0 50 0 1.0 0.0
180 0 50 0 1.0 0.0
181 0 50 0 1.0 0.0
182 0 50 0 1.0 0.0
183 2 32 16 181.01933598375618 2896.309375740099
184 1 8 4 22.627416997969522 90.50966799187809
185 3 13 36 46.87216658103186 1687.397996917147
186 1 30 4 164.31676725154983 657.2670690061993
187 1 55 4 11.180339887498949 44.721359549995796
188 0 50 0 1.0 0.0
189 2 6 16 14.696938456699069 235.1510153071851
190 0 50 0 1.0 0.0
191 2 62 16 41.569219381653056 665.1075101064489
192 0 50 0 1.0 0.0
193 0 50 0 1.0 0.0
194 0 50 0 1.0 0.0
195 3 81 36 172.60069524773067 6213.625028918304
196 2 37 16 225.06221362103412 3600.995417936546
197 0 50 0 1.0 0.0
198 0 6 0 14.696938456699069 0.0
199 0 5 0 11.180339887498949 0.0
200 1 15 4 58.09475019311125 232.379000772445
201 0 50 0 1.0 0.0
202 0 50 0 1.0 0.0
203 0 50 0 1.0 0.0
204 1 16 4 64.0 256.0
205 0 50 0 1.0 0.0
206 0 50 0 1.0 0.0
207 0 50 0 1.0 0.0
208 0 8 0 22.627416997969522 0.0
209 1 53 4 5.196152422706632 20.784609690826528
210 0 50 0 1.0 0.0
211 0 50 0 1.0 0.0
212 0 50 0 1.0 0.0
213 1 58 4 22.627416997969522 90.50966799187809
214 3 40 36 252.98221281347034 9107.359661284932
215 1 10 4 31.622776601683793 126.49110640673517
216 1 53 4 5.196152422706632 20.784609690826528
217 0 50 0 1.0 0.0
218 1 6 4 14.696938456699069 58.787753826796276
219 0 50 0 1.0 0.0
220 0 50 0 1.0 0.0
221 0 50 0 1.0 0.0
222 3 28 36 148.16207341961706 5333.834643106215
223 0 50 0 1.0 0.0
224 0 50 0 1.0 0.0
225 2 10 16 31.622776601683793 505.9644256269407
226 6 77 144 675.6722578291934 97296.80512740386
227 0 50 0 1.0 0.0
228 2 21 16 96.23408959407264 1539.7454335051623
229 1 14 4 52.38320341483518 209.53281365934072
230 0 50 0 1.0 0.0
231 2 32 16 181.01933598375618 2896.309375740099
232 2 14 16 52.38320341483518 838.1312546373629
233 0 50 0 1.0 0.0
234 1 59 4 27.0 108.0
235 0 50 0 1.0 0.0
236 0 50 0 1.0 0.0
237 0 5 0 11.180339887498949 0.0
238 0 50 0 1.0 0.0
239 0 50 0 1.0 0.0
240 0 50 0 1.0 0.0
241 3 94 36 291.8629815512752 10507.067335845906
242 1 12 4 41.569219381653056 166.27687752661222
243 0 50 0 1.0 0.0
244 1 16 4 64.0 256.0
245 1 56 4 14.696938456699069 58.787753826796276
246 0 50 0 1.0 0.0
247 8 123 256 1364.1359902883582 349218.8135138197
248 7 119 196 1298.13674164165 254434.80136176338
249 1 30 4 164.31676725154983 657.2670690061993
250 1 9 4 27.0 108.0
251 7 91 196 868.0846732894205 170144.5959647264
252 7 34 196 198.25236442474022 38857.46342724908
253 0 50 0 1.0 0.0
254 0 8 0 22.627416997969522 0.0
255 1 13 4 46.87216658103186 187.48866632412745
256 2 7 16 18.520259177452132 296.3241468392341
257 6 298 144 332.55375505322445 47887.74072766432
258 0 50 0 1.0 0.0
259 0 50 0 1.0 0.0
260 3 35 36 207.06279240848656 7454.260526705516
261 2 19 16 82.8190799272728 1325.1052788363647
262 2 9 16 27.0 432.0
263 1 53 4 5.196152422706632 20.784609690826528
264 3 29 36 156.16977940690063 5622.112058648423
265 2 58 16 441.7148401401067 7067.437442241707
266 0 50 0 1.0 0.0
267 2 31 16 172.60069524773067 2761.6111239636907
268 0 50 0 1.0 0.0
269 1 41 4 262.5280937347468 1050.1123749389872
270 1 6 4 14.696938456699069 58.787753826796276
271 1 11 4 36.4828726939094 145.9314907756376
272 4 113 64 500.0469977912076 32003.007858637287
273 0 50 0 1.0 0.0
274 2 33 16 189.57056733575496 3033.1290773720793
275 4 33 64 189.57056733575496 12132.516309488317
276 1 50 4 1.0 4.0
277 6 79 144 702.1673589679315 101112.09969138213
278 2 70 16 585.6620185738528 9370.592297181645
279 8 92 256 882.4330002895404 225902.84807412233
280 3 70 36 585.6620185738528 21083.832668658702
281 2 7 16 18.520259177452132 296.3241468392341
282 1 24 4 117.57550765359255 470.3020306143702
283 2 15 16 58.09475019311125 929.51600308978
284 2 9 16 27.0 432.0
285 0 50 0 1.0 0.0
286 1 55 4 11.180339887498949 44.721359549995796
287 4 37 64 225.06221362103412 14403.981671746184
288 2 27 16 140.29611541307906 2244.737846609265
289 5 68 100 560.7423650840018 56074.23650840018
290 3 25 36 125.0 4500.0
291 4 58 64 441.7148401401067 28269.749768966827
292 2 15 16 58.09475019311125 929.51600308978
293 0 50 0 1.0 0.0
294 1 13 4 46.87216658103186 187.48866632412745
295 0 50 0 1.0 0.0
296 2 13 16 46.87216658103186 749.9546652965098
297 0 50 0 1.0 0.0
298 1 10 4 31.622776601683793 126.49110640673517
299 6 53 144 385.84582413186746 55561.79867498892
300 0 50 0 1.0 0.0
301 1 53 4 5.196152422706632 20.784609690826528
302 1 55 4 11.180339887498949 44.721359549995796
303 2 61 16 36.4828726939094 583.7259631025504
304 1 15 4 58.09475019311125 232.379000772445
305 1 9 4 27.0 108.0
306 1 42 4 272.19110933313016 1088.7644373325206
307 1 55 4 11.180339887498949 44.721359549995796
308 0 50 0 1.0 0.0
309 2 68 16 76.36753236814714 1221.8805178903542
310 1 10 4 31.622776601683793 126.49110640673517
311 1 8 4 22.627416997969522 90.50966799187809
312 2 36 16 216.0 3456.0
313 2 55 16 407.8909167902615 6526.254668644184
314 0 50 0 1.0 0.0
315 1 11 4 36.4828726939094 145.9314907756376
316 3 40 36 252.98221281347034 9107.359661284932
317 0 50 0 1.0 0.0
318 0 50 0 1.0 0.0
319 2 59 16 27.0 432.0
320 2 15 16 58.09475019311125 929.51600308978
321 0 50 0 1.0 0.0
322 5 95 100 301.8691769624716 30186.91769624716
323 3 39 36 243.55492193753753 8767.977189751351
324 0 50 0 1.0 0.0
325 4 55 64 407.8909167902615 26105.018674576735
326 3 42 36 272.19110933313016 9798.879935992685
327 0 50 0 1.0 0.0
328 1 37 4 225.06221362103412 900.2488544841365
329 0 50 0 1.0 0.0
330 0 50 0 1.0 0.0
331 0 50 0 1.0 0.0
332 1 55 4 11.180339887498949 44.721359549995796
333 2 32 16 181.01933598375618 2896.309375740099
334 1 20 4 89.44271909999159 357.77087639996637
335 2 31 16 172.60069524773067 2761.6111239636907
336 0 50 0 1.0 0.0
337 2 14 16 52.38320341483518 838.1312546373629
338 3 17 36 70.09279563550022 2523.340642878008
339 2 6 16 14.696938456699069 235.1510153071851
340 0 50 0 1.0 0.0
341 8 116 256 1249.358235255205 319835.7082253325
342 1 56 4 14.696938456699069 58.787753826796276
343 2 69 16 82.8190799272728 1325.1052788363647
344 3 90 36 252.98221281347034 9107.359661284932
345 2 7 16 18.520259177452132 296.3241468392341
346 1 14 4 52.38320341483518 209.53281365934072
347 2 18 16 76.36753236814714 1221.8805178903542
348 1 55 4 11.180339887498949 44.721359549995796
349 7 52 196 374.9773326482549 73495.55719905796
350 4 40 64 252.98221281347034 16190.861620062102
351 1 17 4 70.09279563550022 280.3711825420009
352 0 50 0 1.0 0.0
353 2 56 16 14.696938456699069 235.1510153071851
354 0 50 0 1.0 0.0
355 3 23 36 110.30412503619254 3970.9485013029316
356 1 51 4 1.0 4.0
357 2 91 16 262.5280937347468 4200.449499755949
358 0 50 0 1.0 0.0
359 1 56 4 14.696938456699069 58.787753826796276
360 3 17 36 70.09279563550022 2523.340642878008
361 0 5 0 11.180339887498949 0.0
362 2 20 16 89.44271909999159 1431.0835055998655
363 2 22 16 103.18914671611545 1651.0263474578471
364 4 75 64 125.0 8000.0
365 0 50 0 1.0 0.0
366 0 50 0 1.0 0.0
367 0 50 0 1.0 0.0
368 4 104 64 396.81733833087486 25396.30965317599
369 3 40 36 252.98221281347034 9107.359661284932
370 2 64 16 52.38320341483518 838.1312546373629
371 2 58 16 22.627416997969522 362.03867196751236
372 0 50 0 1.0 0.0
373 1 54 4 8.0 32.0
374 0 50 0 1.0 0.0
375 0 50 0 1.0 0.0
376 4 69 64 82.8190799272728 5300.421115345459
377 4 53 64 385.84582413186746 24694.132744439517
378 4 85 64 207.06279240848656 13252.01871414314
379 6 82 144 742.5415813272682 106925.98771112663
380 5 41 100 262.5280937347468 26252.80937347468
381 5 146 100 940.6040612287404 94060.40612287405
382 5 88 100 825.5131737289236 82551.31737289236
383 2 33 16 189.57056733575496 3033.1290773720793
384 2 51 16 364.21284985568536 5827.405597690966
385 4 67 64 548.4186357154541 35098.79268578906
386 2 29 16 156.16977940690063 2498.71647051041
387 1 11 4 36.4828726939094 145.9314907756376
388 3 41 36 262.5280937347468 9451.011374450885
389 1 19 4 82.8190799272728 331.2763197090912
390 4 27 64 140.29611541307906 8978.95138643706
391 0 50 0 1.0 0.0
392 3 57 36 430.34056281043274 15492.26026117558
393 3 22 36 103.18914671611545 3714.809281780156
394 0 50 0 1.0 0.0
395 2 56 16 14.696938456699069 235.1510153071851
396 5 41 100 262.5280937347468 26252.80937347468
397 3 13 36 46.87216658103186 1687.397996917147
398 1 16 4 64.0 256.0
399 0 50 0 1.0 0.0
301's generation fitness ratios and roulette cutoffs:
349218.8135138197 3699434.294328376 9248.58573582094 1.5891011746559228e-05 1.5891011746559228e-05
349218.8135138197 3699434.294328376 9248.58573582094 0.0017615385426377234 0.0017774295543842827
349218.8135138197 3699434.294328376 9248.58573582094 5.0680361214028695e-05 0.0018281099155983114
349218.8135138197 3699434.294328376 9248.58573582094 0.0 0.0018281099155983114
349218.8135138197 3699434.294328376 9248.58573582094 2.919365270673287e-05 0.0018573035683050443
349218.8135138197 3699434.294328376 9248.58573582094 0.0014382901972361105 0.003295593765541155
349218.8135138197 3699434.294328376 9248.58573582094 0.00035819132694636343 0.0036537850924875186
349218.8135138197 3699434.294328376 9248.58573582094 0.0 0.0036537850924875186
349218.8135138197 3699434.294328376 9248.58573582094 0.0 0.0036537850924875186
349218.8135138197 3699434.294328376 9248.58573582094 0.0 0.0036537850924875186
349218.8135138197 3699434.294328376 9248.58573582094 0.0 0.0036537850924875186
349218.8135138197 3699434.294328376 9248.58573582094 6.919976937892236e-05 0.003722984861866441
349218.8135138197 3699434.294328376 9248.58573582094 0.0 0.003722984861866441
349218.8135138197 3699434.294328376 9248.58573582094 0.0 0.003722984861866441
349218.8135138197 3699434.294328376 9248.58573582094 0.0 0.003722984861866441
349218.8135138197 3699434.294328376 9248.58573582094 0.0 0.003722984861866441
349218.8135138197 3699434.294328376 9248.58573582094 6.281473930452194e-05 0.003785799601170963
349218.8135138197 3699434.294328376 9248.58573582094 1.5891011746559228e-05 0.0038016906129175222
349218.8135138197 3699434.294328376 9248.58573582094 3.419201324933907e-05 0.003835882626166861
349218.8135138197 3699434.294328376 9248.58573582094 0.00033028847674457316 0.004166171102911434
349218.8135138197 3699434.294328376 9248.58573582094 2.002496349871184e-05 0.004186196066410146
349218.8135138197 3699434.294328376 9248.58573582094 8.954783173659086e-05 0.004275743898146737
349218.8135138197 3699434.294328376 9248.58573582094 0.0 0.004275743898146737
349218.8135138197 3699434.294328376 9248.58573582094 1.0812463965456619e-06 0.0042768251445432824
349218.8135138197 3699434.294328376 9248.58573582094 0.0 0.0042768251445432824
349218.8135138197 3699434.294328376 9248.58573582094 0.004213486107294759 0.00849031125183804
349218.8135138197 3699434.294328376 9248.58573582094 0.0 0.00849031125183804
349218.8135138197 3699434.294328376 9248.58573582094 0.055383014432826484 0.06387332568466453
349218.8135138197 3699434.294328376 9248.58573582094 1.2088702215513968e-05 0.06388541438688004
349218.8135138197 3699434.294328376 9248.58573582094 0.0 0.06388541438688004
349218.8135138197 3699434.294328376 9248.58573582094 0.0 0.06388541438688004
349218.8135138197 3699434.294328376 9248.58573582094 5.618321082953557e-06 0.063891032707963
349218.8135138197 3699434.294328376 9248.58573582094 0.010429860174119322 0.07432089288208232
349218.8135138197 3699434.294328376 9248.58573582094 0.0 0.07432089288208232
349218.8135138197 3699434.294328376 9248.58573582094 0.0 0.07432089288208232
349218.8135138197 3699434.294328376 9248.58573582094 0.0 0.07432089288208232
349218.8135138197 3699434.294328376 9248.58573582094 0.0 0.07432089288208232
349218.8135138197 3699434.294328376 9248.58573582094 0.0 0.07432089288208232
349218.8135138197 3699434.294328376 9248.58573582094 0.0 0.07432089288208232
349218.8135138197 3699434.294328376 9248.58573582094 0.0009733908299053324 0.07529428371198765
349218.8135138197 3699434.294328376 9248.58573582094 1.2088702215513968e-05 0.07530637241420317
349218.8135138197 3699434.294328376 9248.58573582094 0.0 0.07530637241420317
349218.8135138197 3699434.294328376 9248.58573582094 0.0 0.07530637241420317
349218.8135138197 3699434.294328376 9248.58573582094 0.0 0.07530637241420317
349218.8135138197 3699434.294328376 9248.58573582094 0.0 0.07530637241420317
349218.8135138197 3699434.294328376 9248.58573582094 0.0032361529437812484 0.07854252535798442
349218.8135138197 3699434.294328376 9248.58573582094 0.0 0.07854252535798442
349218.8135138197 3699434.294328376 9248.58573582094 0.0 0.07854252535798442
349218.8135138197 3699434.294328376 9248.58573582094 0.00035819132694636343 0.07890071668493079
349218.8135138197 3699434.294328376 9248.58573582094 0.0 0.07890071668493079
349218.8135138197 3699434.294328376 9248.58573582094 0.026493026708795768 0.10539374339372656
349218.8135138197 3699434.294328376 9248.58573582094 0.0025547179980842704 0.10794846139181083
349218.8135138197 3699434.294328376 9248.58573582094 0.0 0.10794846139181083
349218.8135138197 3699434.294328376 9248.58573582094 0.0 0.10794846139181083
349218.8135138197 3699434.294328376 9248.58573582094 0.0 0.10794846139181083
349218.8135138197 3699434.294328376 9248.58573582094 0.0 0.10794846139181083
349218.8135138197 3699434.294328376 9248.58573582094 0.0 0.10794846139181083
349218.8135138197 3699434.294328376 9248.58573582094 0.0 0.10794846139181083
349218.8135138197 3699434.294328376 9248.58573582094 0.0 0.10794846139181083
349218.8135138197 3699434.294328376 9248.58573582094 0.002648750905243919 0.11059721229705474
349218.8135138197 3699434.294328376 9248.58573582094 1.5891011746559228e-05 0.11061310330880131
349218.8135138197 3699434.294328376 9248.58573582094 0.0010533715268236897 0.111666474835625
349218.8135138197 3699434.294328376 9248.58573582094 0.00033028847674457316 0.11199676331236957
349218.8135138197 3699434.294328376 9248.58573582094 0.000573382833398774 0.11257014614576835
349218.8135138197 3699434.294328376 9248.58573582094 0.0 0.11257014614576835
349218.8135138197 3699434.294328376 9248.58573582094 1.2088702215513968e-05 0.11258223484798387
349218.8135138197 3699434.294328376 9248.58573582094 0.0 0.11258223484798387
349218.8135138197 3699434.294328376 9248.58573582094 6.281473930452194e-05 0.1126450495872884
349218.8135138197 3699434.294328376 9248.58573582094 0.0 0.1126450495872884
349218.8135138197 3699434.294328376 9248.58573582094 0.0 0.1126450495872884
349218.8135138197 3699434.294328376 9248.58573582094 0.0 0.1126450495872884
349218.8135138197 3699434.294328376 9248.58573582094 0.0 0.1126450495872884
349218.8135138197 3699434.294328376 9248.58573582094 0.01013191915482619 0.12277696874211458
349218.8135138197 3699434.294328376 9248.58573582094 0.0 0.12277696874211458
349218.8135138197 3699434.294328376 9248.58573582094 0.0 0.12277696874211458
349218.8135138197 3699434.294328376 9248.58573582094 1.0812463965456619e-06 0.12277804998851112
349218.8135138197 3699434.294328376 9248.58573582094 0.002461824953952413 0.12523987494246352
349218.8135138197 3699434.294328376 9248.58573582094 0.0 0.12523987494246352
349218.8135138197 3699434.294328376 9248.58573582094 0.0 0.12523987494246352
349218.8135138197 3699434.294328376 9248.58573582094 3.419201324933907e-05 0.12527406695571286
349218.8135138197 3699434.294328376 9248.58573582094 0.0 0.12527406695571286
349218.8135138197 3699434.294328376 9248.58573582094 0.00396927525566859 0.12924334221138145
349218.8135138197 3699434.294328376 9248.58573582094 0.0 0.12924334221138145
349218.8135138197 3699434.294328376 9248.58573582094 0.0 0.12924334221138145
349218.8135138197 3699434.294328376 9248.58573582094 0.0 0.12924334221138145
349218.8135138197 3699434.294328376 9248.58573582094 0.0 0.12924334221138145
349218.8135138197 3699434.294328376 9248.58573582094 5.618321082953557e-06 0.1292489605324644
349218.8135138197 3699434.294328376 9248.58573582094 0.0 0.1292489605324644
349218.8135138197 3699434.294328376 9248.58573582094 0.0 0.1292489605324644
349218.8135138197 3699434.294328376 9248.58573582094 0.0 0.1292489605324644
349218.8135138197 3699434.294328376 9248.58573582094 0.0511680707950379 0.1804170313275023
349218.8135138197 3699434.294328376 9248.58573582094 0.0 0.1804170313275023
349218.8135138197 3699434.294328376 9248.58573582094 0.0 0.1804170313275023
349218.8135138197 3699434.294328376 9248.58573582094 0.0 0.1804170313275023
349218.8135138197 3699434.294328376 9248.58573582094 0.0 0.1804170313275023
349218.8135138197 3699434.294328376 9248.58573582094 0.0 0.1804170313275023
349218.8135138197 3699434.294328376 9248.58573582094 0.000573382833398774 0.1809904141609011
349218.8135138197 3699434.294328376 9248.58573582094 0.0 0.1809904141609011
349218.8135138197 3699434.294328376 9248.58573582094 0.0 0.1809904141609011
349218.8135138197 3699434.294328376 9248.58573582094 0.0 0.1809904141609011
349218.8135138197 3699434.294328376 9248.58573582094 6.919976937892236e-05 0.18105961393028
349218.8135138197 3699434.294328376 9248.58573582094 0.0 0.18105961393028
349218.8135138197 3699434.294328376 9248.58573582094 0.0 0.18105961393028
349218.8135138197 3699434.294328376 9248.58573582094 0.0 0.18105961393028
349218.8135138197 3699434.294328376 9248.58573582094 5.618321082953557e-06 0.18106523225136295
349218.8135138197 3699434.294328376 9248.58573582094 0.0 0.18106523225136295
349218.8135138197 3699434.294328376 9248.58573582094 0.0006754320449321689 0.18174066429629512
349218.8135138197 3699434.294328376 9248.58573582094 2.919365270673287e-05 0.18176985794900186
349218.8135138197 3699434.294328376 9248.58573582094 0.0 0.18176985794900186
349218.8135138197 3699434.294328376 9248.58573582094 0.0 0.18176985794900186
349218.8135138197 3699434.294328376 9248.58573582094 0.0 0.18176985794900186
349218.8135138197 3699434.294328376 9248.58573582094 0.013516850361630493 0.19528670831063236
349218.8135138197 3699434.294328376 9248.58573582094 0.0 0.19528670831063236
349218.8135138197 3699434.294328376 9248.58573582094 1.2088702215513968e-05 0.19529879701284786
349218.8135138197 3699434.294328376 9248.58573582094 2.002496349871184e-05 0.19531882197634656
349218.8135138197 3699434.294328376 9248.58573582094 0.0 0.19531882197634656
349218.8135138197 3699434.294328376 9248.58573582094 0.002937554638369894 0.19825637661471646
349218.8135138197 3699434.294328376 9248.58573582094 3.419201324933907e-05 0.1982905686279658
349218.8135138197 3699434.294328376 9248.58573582094 0.0010941444239788503 0.19938471305194463
349218.8135138197 3699434.294328376 9248.58573582094 0.0 0.19938471305194463
349218.8135138197 3699434.294328376 9248.58573582094 5.618321082953557e-06 0.19939033137302759
349218.8135138197 3699434.294328376 9248.58573582094 0.0 0.19939033137302759
349218.8135138197 3699434.294328376 9248.58573582094 0.0 0.19939033137302759
349218.8135138197 3699434.294328376 9248.58573582094 4.4946568663628454e-05 0.19943527794169122
349218.8135138197 3699434.294328376 9248.58573582094 8.257211918614329e-05 0.19951785006087736
349218.8135138197 3699434.294328376 9248.58573582094 6.919976937892236e-05 0.19958704983025627
349218.8135138197 3699434.294328376 9248.58573582094 1.5891011746559228e-05 0.19960294084200284
349218.8135138197 3699434.294328376 9248.58573582094 0.0 0.19960294084200284
349218.8135138197 3699434.294328376 9248.58573582094 0.0 0.19960294084200284
349218.8135138197 3699434.294328376 9248.58573582094 0.0 0.19960294084200284
349218.8135138197 3699434.294328376 9248.58573582094 0.0 0.19960294084200284
349218.8135138197 3699434.294328376 9248.58573582094 2.4465813092190603e-05 0.199627406655095
349218.8135138197 3699434.294328376 9248.58573582094 0.0 0.199627406655095
349218.8135138197 3699434.294328376 9248.58573582094 0.0 0.199627406655095
349218.8135138197 3699434.294328376 9248.58573582094 0.0005406231982728309 0.20016802985336785
349218.8135138197 3699434.294328376 9248.58573582094 0.0 0.20016802985336785
349218.8135138197 3699434.294328376 9248.58573582094 0.00151972210109738 0.20168775195446523
349218.8135138197 3699434.294328376 9248.58573582094 0.0 0.20168775195446523
349218.8135138197 3699434.294328376 9248.58573582094 0.0 0.20168775195446523
349218.8135138197 3699434.294328376 9248.58573582094 0.0219352991040499 0.22362305105851513
349218.8135138197 3699434.294328376 9248.58573582094 0.0001433457083496935 0.22376639676686483
349218.8135138197 3699434.294328376 9248.58573582094 2.002496349871184e-05 0.22378642173036353
349218.8135138197 3699434.294328376 9248.58573582094 0.0 0.22378642173036353
349218.8135138197 3699434.294328376 9248.58573582094 3.944697463592366e-05 0.22382586870499946
349218.8135138197 3699434.294328376 9248.58573582094 6.919976937892236e-05 0.22389506847437837
349218.8135138197 3699434.294328376 9248.58573582094 0.0 0.22389506847437837
349218.8135138197 3699434.294328376 9248.58573582094 0.0 0.22389506847437837
349218.8135138197 3699434.294328376 9248.58573582094 0.0 0.22389506847437837
349218.8135138197 3699434.294328376 9248.58573582094 0.0 0.22389506847437837
349218.8135138197 3699434.294328376 9248.58573582094 0.008709865903358248 0.23260493437773663
349218.8135138197 3699434.294328376 9248.58573582094 0.0 0.23260493437773663
349218.8135138197 3699434.294328376 9248.58573582094 0.029967195628351703 0.2625721300060883
349218.8135138197 3699434.294328376 9248.58573582094 0.0 0.2625721300060883
349218.8135138197 3699434.294328376 9248.58573582094 0.002190129367286998 0.26476225937337533
349218.8135138197 3699434.294328376 9248.58573582094 0.00015169466923974602 0.2649139540426151
349218.8135138197 3699434.294328376 9248.58573582094 0.0 0.2649139540426151
349218.8135138197 3699434.294328376 9248.58573582094 0.0 0.2649139540426151
349218.8135138197 3699434.294328376 9248.58573582094 0.0 0.2649139540426151
349218.8135138197 3699434.294328376 9248.58573582094 0.0006754320449321689 0.26558938608754723
349218.8135138197 3699434.294328376 9248.58573582094 0.00047706375087802123 0.26606644983842526
349218.8135138197 3699434.294328376 9248.58573582094 0.003036015119737247 0.2691024649581625
349218.8135138197 3699434.294328376 9248.58573582094 1.2088702215513968e-05 0.269114553660378
349218.8135138197 3699434.294328376 9248.58573582094 0.005222319357102034 0.27433687301748005
349218.8135138197 3699434.294328376 9248.58573582094 1.2088702215513968e-05 0.2743489617196956
349218.8135138197 3699434.294328376 9248.58573582094 0.0006407988319587789 0.27498976055165436
349218.8135138197 3699434.294328376 9248.58573582094 0.0 0.27498976055165436
349218.8135138197 3699434.294328376 9248.58573582094 0.0 0.27498976055165436
349218.8135138197 3699434.294328376 9248.58573582094 0.0 0.27498976055165436
349218.8135138197 3699434.294328376 9248.58573582094 3.0582266365238254e-06 0.2749928187782909
349218.8135138197 3699434.294328376 9248.58573582094 0.0 0.2749928187782909
349218.8135138197 3699434.294328376 9248.58573582094 0.0 0.2749928187782909
349218.8135138197 3699434.294328376 9248.58573582094 0.0 0.2749928187782909
349218.8135138197 3699434.294328376 9248.58573582094 0.0 0.2749928187782909
349218.8135138197 3699434.294328376 9248.58573582094 0.0 0.2749928187782909
349218.8135138197 3699434.294328376 9248.58573582094 0.0 0.2749928187782909
349218.8135138197 3699434.294328376 9248.58573582094 0.0 0.2749928187782909
349218.8135138197 3699434.294328376 9248.58573582094 0.0 0.2749928187782909
349218.8135138197 3699434.294328376 9248.58573582094 0.006300861303713375 0.2812936800820043
349218.8135138197 3699434.294328376 9248.58573582094 0.0 0.2812936800820043
349218.8135138197 3699434.294328376 9248.58573582094 0.0 0.2812936800820043
349218.8135138197 3699434.294328376 9248.58573582094 0.0 0.2812936800820043
349218.8135138197 3699434.294328376 9248.58573582094 0.0 0.2812936800820043
349218.8135138197 3699434.294328376 9248.58573582094 0.0 0.2812936800820043
349218.8135138197 3699434.294328376 9248.58573582094 0.0007829060189500993 0.2820765861009544
349218.8135138197 3699434.294328376 9248.58573582094 2.4465813092190603e-05 0.28210105191404655
349218.8135138197 3699434.294328376 9248.58573582094 0.00045612325092625824 0.2825571751649728
349218.8135138197 3699434.294328376 9248.58573582094 0.00017766691248277046 0.2827348420774556
349218.8135138197 3699434.294328376 9248.58573582094 1.2088702215513968e-05 0.2827469307796711
349218.8135138197 3699434.294328376 9248.58573582094 0.0 0.2827469307796711
349218.8135138197 3699434.294328376 9248.58573582094 6.356404698623691e-05 0.2828104948266574
349218.8135138197 3699434.294328376 9248.58573582094 0.0 0.2828104948266574
349218.8135138197 3699434.294328376 9248.58573582094 0.00017978627465451382 0.2829902811013119
349218.8135138197 3699434.294328376 9248.58573582094 0.0 0.2829902811013119
349218.8135138197 3699434.294328376 9248.58573582094 0.0 0.2829902811013119
349218.8135138197 3699434.294328376 9248.58573582094 0.0 0.2829902811013119
349218.8135138197 3699434.294328376 9248.58573582094 0.0016796149180009626 0.28466989601931286
349218.8135138197 3699434.294328376 9248.58573582094 0.0009733908299053324 0.2856432868492182
349218.8135138197 3699434.294328376 9248.58573582094 0.0 0.2856432868492182
349218.8135138197 3699434.294328376 9248.58573582094 0.0 0.2856432868492182
349218.8135138197 3699434.294328376 9248.58573582094 0.0 0.2856432868492182
349218.8135138197 3699434.294328376 9248.58573582094 6.281473930452194e-05 0.2857061015885227
349218.8135138197 3699434.294328376 9248.58573582094 0.0 0.2857061015885227
349218.8135138197 3699434.294328376 9248.58573582094 0.0 0.2857061015885227
349218.8135138197 3699434.294328376 9248.58573582094 0.0 0.2857061015885227
349218.8135138197 3699434.294328376 9248.58573582094 6.919976937892236e-05 0.28577530135790163
349218.8135138197 3699434.294328376 9248.58573582094 0.0 0.28577530135790163
349218.8135138197 3699434.294328376 9248.58573582094 0.0 0.28577530135790163
349218.8135138197 3699434.294328376 9248.58573582094 0.0 0.28577530135790163
349218.8135138197 3699434.294328376 9248.58573582094 0.0 0.28577530135790163
349218.8135138197 3699434.294328376 9248.58573582094 5.618321082953557e-06 0.2857809196789846
349218.8135138197 3699434.294328376 9248.58573582094 0.0 0.2857809196789846
349218.8135138197 3699434.294328376 9248.58573582094 0.0 0.2857809196789846
349218.8135138197 3699434.294328376 9248.58573582094 0.0 0.2857809196789846
349218.8135138197 3699434.294328376 9248.58573582094 2.4465813092190603e-05 0.2858053854920768
349218.8135138197 3699434.294328376 9248.58573582094 0.002461824953952413 0.2882672104460292
349218.8135138197 3699434.294328376 9248.58573582094 3.419201324933907e-05 0.28830140245927854
349218.8135138197 3699434.294328376 9248.58573582094 5.618321082953557e-06 0.2883070207803615
349218.8135138197 3699434.294328376 9248.58573582094 0.0 0.2883070207803615
349218.8135138197 3699434.294328376 9248.58573582094 1.5891011746559228e-05 0.28832291179210806
349218.8135138197 3699434.294328376 9248.58573582094 0.0 0.28832291179210806
349218.8135138197 3699434.294328376 9248.58573582094 0.0 0.28832291179210806
349218.8135138197 3699434.294328376 9248.58573582094 0.0 0.28832291179210806
349218.8135138197 3699434.294328376 9248.58573582094 0.0014417973719072527 0.2897647091640153
349218.8135138197 3699434.294328376 9248.58573582094 0.0 0.2897647091640153
349218.8135138197 3699434.294328376 9248.58573582094 0.0 0.2897647091640153
349218.8135138197 3699434.294328376 9248.58573582094 0.0001367680529973563 0.28990147721701265
349218.8135138197 3699434.294328376 9248.58573582094 0.026300454984852725 0.3162019322018654
349218.8135138197 3699434.294328376 9248.58573582094 0.0 0.3162019322018654
349218.8135138197 3699434.294328376 9248.58573582094 0.00041621105039377367 0.3166181432522592
349218.8135138197 3699434.294328376 9248.58573582094 5.663914993180894e-05 0.316674782402191
349218.8135138197 3699434.294328376 9248.58573582094 0.0 0.316674782402191
349218.8135138197 3699434.294328376 9248.58573582094 0.0007829060189500993 0.3174576884211411
349218.8135138197 3699434.294328376 9248.58573582094 0.00022655659972723577 0.31768424502086834
349218.8135138197 3699434.294328376 9248.58573582094 0.0 0.31768424502086834
349218.8135138197 3699434.294328376 9248.58573582094 2.919365270673287e-05 0.3177134386735751
349218.8135138197 3699434.294328376 9248.58573582094 0.0 0.3177134386735751
349218.8135138197 3699434.294328376 9248.58573582094 0.0 0.3177134386735751
349218.8135138197 3699434.294328376 9248.58573582094 0.0 0.3177134386735751
349218.8135138197 3699434.294328376 9248.58573582094 0.0 0.3177134386735751
349218.8135138197 3699434.294328376 9248.58573582094 0.0 0.3177134386735751
349218.8135138197 3699434.294328376 9248.58573582094 0.0 0.3177134386735751
349218.8135138197 3699434.294328376 9248.58573582094 0.002840182173786503 0.3205536208473616
349218.8135138197 3699434.294328376 9248.58573582094 4.4946568663628454e-05 0.3205985674160252
349218.8135138197 3699434.294328376 9248.58573582094 0.0 0.3205985674160252
349218.8135138197 3699434.294328376 9248.58573582094 6.919976937892236e-05 0.32066776718540413
349218.8135138197 3699434.294328376 9248.58573582094 1.5891011746559228e-05 0.32068365819715067
349218.8135138197 3699434.294328376 9248.58573582094 0.0 0.32068365819715067
349218.8135138197 3699434.294328376 9248.58573582094 0.09439789592944225 0.4150815541265929
349218.8135138197 3699434.294328376 9248.58573582094 0.06877667803205448 0.4838582321586474
349218.8135138197 3699434.294328376 9248.58573582094 0.00017766691248277046 0.4840358990711302
349218.8135138197 3699434.294328376 9248.58573582094 2.919365270673287e-05 0.48406509272383696
349218.8135138197 3699434.294328376 9248.58573582094 0.045992057819644494 0.5300571505434815
349218.8135138197 3699434.294328376 9248.58573582094 0.010503623077404477 0.540560773620886
349218.8135138197 3699434.294328376 9248.58573582094 0.0 0.540560773620886
349218.8135138197 3699434.294328376 9248.58573582094 0.0 0.540560773620886
349218.8135138197 3699434.294328376 9248.58573582094 5.0680361214028695e-05 0.5406114539821
349218.8135138197 3699434.294328376 9248.58573582094 8.009985399484737e-05 0.5406915538360948
349218.8135138197 3699434.294328376 9248.58573582094 0.012944611775124994 0.5536361656112198
349218.8135138197 3699434.294328376 9248.58573582094 0.0 0.5536361656112198
349218.8135138197 3699434.294328376 9248.58573582094 0.0 0.5536361656112198
349218.8135138197 3699434.294328376 9248.58573582094 0.0020149730833532264 0.5556511386945729
349218.8135138197 3699434.294328376 9248.58573582094 0.00035819132694636343 0.5560093300215193
349218.8135138197 3699434.294328376 9248.58573582094 0.00011677461082693148 0.5561261046323462
349218.8135138197 3699434.294328376 9248.58573582094 5.618321082953557e-06 0.5561317229534292
349218.8135138197 3699434.294328376 9248.58573582094 0.00151972210109738 0.5576514450545266
349218.8135138197 3699434.294328376 9248.58573582094 0.0019104103168089337 0.5595618553713355
349218.8135138197 3699434.294328376 9248.58573582094 0.0 0.5595618553713355
349218.8135138197 3699434.294328376 9248.58573582094 0.0007464955191115389 0.5603083508904471
349218.8135138197 3699434.294328376 9248.58573582094 0.0 0.5603083508904471
349218.8135138197 3699434.294328376 9248.58573582094 0.0002838575553426967 0.5605922084457897
349218.8135138197 3699434.294328376 9248.58573582094 1.5891011746559228e-05 0.5606080994575363
349218.8135138197 3699434.294328376 9248.58573582094 3.944697463592366e-05 0.5606475464321722
349218.8135138197 3699434.294328376 9248.58573582094 0.008650784231443515 0.5692983306636157
349218.8135138197 3699434.294328376 9248.58573582094 0.0 0.5692983306636157
349218.8135138197 3699434.294328376 9248.58573582094 0.0008198899712916071 0.5701182206349072
349218.8135138197 3699434.294328376 9248.58573582094 0.0032795598851664285 0.5733977805200737
349218.8135138197 3699434.294328376 9248.58573582094 1.0812463965456619e-06 0.5733988617664703
349218.8135138197 3699434.294328376 9248.58573582094 0.027331773359618162 0.6007306351260884
349218.8135138197 3699434.294328376 9248.58573582094 0.0025329797887065474 0.603263614914795
349218.8135138197 3699434.294328376 9248.58573582094 0.06106416011238672 0.6643277750271817
349218.8135138197 3699434.294328376 9248.58573582094 0.005699204524589731 0.6700269795517714
349218.8135138197 3699434.294328376 9248.58573582094 8.009985399484737e-05 0.6701070794057662
349218.8135138197 3699434.294328376 9248.58573582094 0.00012712809397247382 0.6702342074997387
349218.8135138197 3699434.294328376 9248.58573582094 0.00025125895721808775 0.6704854664569568
349218.8135138197 3699434.294328376 9248.58573582094 0.00011677461082693148 0.6706022410677838
349218.8135138197 3699434.294328376 9248.58573582094 0.0 0.6706022410677838
349218.8135138197 3699434.294328376 9248.58573582094 1.2088702215513968e-05 0.6706143297699992
349218.8135138197 3699434.294328376 9248.58573582094 0.0038935633196213295 0.6745078930896206
349218.8135138197 3699434.294328376 9248.58573582094 0.0006067786769589841 0.6751146717665796
349218.8135138197 3699434.294328376 9248.58573582094 0.015157516540939222 0.6902721883075188
349218.8135138197 3699434.294328376 9248.58573582094 0.0012164021961138696 0.6914885905036326
349218.8135138197 3699434.294328376 9248.58573582094 0.007641641267235735 0.6991302317708684
349218.8135138197 3699434.294328376 9248.58573582094 0.00025125895721808775 0.6993814907280865
349218.8135138197 3699434.294328376 9248.58573582094 0.0 0.6993814907280865
349218.8135138197 3699434.294328376 9248.58573582094 5.0680361214028695e-05 0.6994321710893006
349218.8135138197 3699434.294328376 9248.58573582094 0.0 0.6994321710893006
349218.8135138197 3699434.294328376 9248.58573582094 0.00020272144485611478 0.6996348925341567
349218.8135138197 3699434.294328376 9248.58573582094 0.0 0.6996348925341567
349218.8135138197 3699434.294328376 9248.58573582094 3.419201324933907e-05 0.6996690845474061
349218.8135138197 3699434.294328376 9248.58573582094 0.015018998650731823 0.7146880831981379
349218.8135138197 3699434.294328376 9248.58573582094 0.0 0.7146880831981379
349218.8135138197 3699434.294328376 9248.58573582094 5.618321082953557e-06 0.7146937015192208
349218.8135138197 3699434.294328376 9248.58573582094 1.2088702215513968e-05 0.7147057902214363
349218.8135138197 3699434.294328376 9248.58573582094 0.00015778789854369464 0.71486357811998
349218.8135138197 3699434.294328376 9248.58573582094 6.281473930452194e-05 0.7149263928592845
349218.8135138197 3699434.294328376 9248.58573582094 2.919365270673287e-05 0.7149555865119912
349218.8135138197 3699434.294328376 9248.58573582094 0.00029430565613821323 0.7152498921681294
349218.8135138197 3699434.294328376 9248.58573582094 1.2088702215513968e-05 0.7152619808703449
349218.8135138197 3699434.294328376 9248.58573582094 0.0 0.7152619808703449
349218.8135138197 3699434.294328376 9248.58573582094 0.00033028847674457316 0.7155922693470894
349218.8135138197 3699434.294328376 9248.58573582094 3.419201324933907e-05 0.7156264613603388
349218.8135138197 3699434.294328376 9248.58573582094 2.4465813092190603e-05 0.715650927173431
349218.8135138197 3699434.294328376 9248.58573582094 0.0009341968866154518 0.7165851240600465
349218.8135138197 3699434.294328376 9248.58573582094 0.0017641223358527065 0.7183492463958991
349218.8135138197 3699434.294328376 9248.58573582094 0.0 0.7183492463958991
349218.8135138197 3699434.294328376 9248.58573582094 3.944697463592366e-05 0.718388693370535
349218.8135138197 3699434.294328376 9248.58573582094 0.002461824953952413 0.7208505183244874
349218.8135138197 3699434.294328376 9248.58573582094 0.0 0.7208505183244874
349218.8135138197 3699434.294328376 9248.58573582094 0.0 0.7208505183244874
349218.8135138197 3699434.294328376 9248.58573582094 0.00011677461082693148 0.7209672929353144
349218.8135138197 3699434.294328376 9248.58573582094 0.00025125895721808775 0.7212185518925325
349218.8135138197 3699434.294328376 9248.58573582094 0.0 0.7212185518925325
349218.8135138197 3699434.294328376 9248.58573582094 0.008159873995471929 0.7293784258880044
349218.8135138197 3699434.294328376 9248.58573582094 0.002370085935353302 0.7317485118233577
349218.8135138197 3699434.294328376 9248.58573582094 0.0 0.7317485118233577
349218.8135138197 3699434.294328376 9248.58573582094 0.007056489343410826 0.7388050011667685
349218.8135138197 3699434.294328376 9248.58573582094 0.002648750905243919 0.7414537520720125
349218.8135138197 3699434.294328376 9248.58573582094 0.0 0.7414537520720125
349218.8135138197 3699434.294328376 9248.58573582094 0.0002433477074763331 0.7416970997794888
349218.8135138197 3699434.294328376 9248.58573582094 0.0 0.7416970997794888
349218.8135138197 3699434.294328376 9248.58573582094 0.0 0.7416970997794888
349218.8135138197 3699434.294328376 9248.58573582094 0.0 0.7416970997794888
349218.8135138197 3699434.294328376 9248.58573582094 1.2088702215513968e-05 0.7417091884817043
349218.8135138197 3699434.294328376 9248.58573582094 0.0007829060189500993 0.7424920945006545
349218.8135138197 3699434.294328376 9248.58573582094 9.670961772411174e-05 0.7425888041183786
349218.8135138197 3699434.294328376 9248.58573582094 0.0007464955191115389 0.7433352996374901
349218.8135138197 3699434.294328376 9248.58573582094 0.0 0.7433352996374901
349218.8135138197 3699434.294328376 9248.58573582094 0.00022655659972723577 0.7435618562372174
349218.8135138197 3699434.294328376 9248.58573582094 0.000682088244342265 0.7442439444815596
349218.8135138197 3699434.294328376 9248.58573582094 6.356404698623691e-05 0.7443075085285459
349218.8135138197 3699434.294328376 9248.58573582094 0.0 0.7443075085285459
349218.8135138197 3699434.294328376 9248.58573582094 0.08645530175131762 0.8307628102798635
349218.8135138197 3699434.294328376 9248.58573582094 1.5891011746559228e-05 0.8307787012916101
349218.8135138197 3699434.294328376 9248.58573582094 0.00035819132694636343 0.8311368926185565
349218.8135138197 3699434.294328376 9248.58573582094 0.002461824953952413 0.8335987175725089
349218.8135138197 3699434.294328376 9248.58573582094 8.009985399484737e-05 0.8336788174265037
349218.8135138197 3699434.294328376 9248.58573582094 5.663914993180894e-05 0.8337354565764356
349218.8135138197 3699434.294328376 9248.58573582094 0.00033028847674457316 0.8340657450531801
349218.8135138197 3699434.294328376 9248.58573582094 1.2088702215513968e-05 0.8340778337553956
349218.8135138197 3699434.294328376 9248.58573582094 0.01986670159589925 0.8539445353512948
349218.8135138197 3699434.294328376 9248.58573582094 0.004376577695915401 0.8583211130472101
349218.8135138197 3699434.294328376 9248.58573582094 7.578758270469611e-05 0.8583969006299148
349218.8135138197 3699434.294328376 9248.58573582094 0.0 0.8583969006299148
349218.8135138197 3699434.294328376 9248.58573582094 6.356404698623691e-05 0.8584604646769011
349218.8135138197 3699434.294328376 9248.58573582094 0.0 0.8584604646769011
349218.8135138197 3699434.294328376 9248.58573582094 0.0010733934394755477 0.8595338581163766
349218.8135138197 3699434.294328376 9248.58573582094 1.0812463965456619e-06 0.8595349393627731
349218.8135138197 3699434.294328376 9248.58573582094 0.0011354302213707867 0.8606703695841439
349218.8135138197 3699434.294328376 9248.58573582094 0.0 0.8606703695841439
349218.8135138197 3699434.294328376 9248.58573582094 1.5891011746559228e-05 0.8606862605958905
349218.8135138197 3699434.294328376 9248.58573582094 0.000682088244342265 0.8613683488402327
349218.8135138197 3699434.294328376 9248.58573582094 0.0 0.8613683488402327
349218.8135138197 3699434.294328376 9248.58573582094 0.00038683847089644697 0.8617551873111292
349218.8135138197 3699434.294328376 9248.58573582094 0.00044629157219768574 0.8622014788833269
349218.8135138197 3699434.294328376 9248.58573582094 0.0021624927930913238 0.8643639716764182
349218.8135138197 3699434.294328376 9248.58573582094 0.0 0.8643639716764182
349218.8135138197 3699434.294328376 9248.58573582094 0.0 0.8643639716764182
349218.8135138197 3699434.294328376 9248.58573582094 0.0 0.8643639716764182
349218.8135138197 3699434.294328376 9248.58573582094 0.006864917074513587 0.8712288887509317
349218.8135138197 3699434.294328376 9248.58573582094 0.002461824953952413 0.8736907137048842
349218.8135138197 3699434.294328376 9248.58573582094 0.00022655659972723577 0.8739172703046114
349218.8135138197 3699434.294328376 9248.58573582094 9.786325236876241e-05 0.8740151335569801
349218.8135138197 3699434.294328376 9248.58573582094 0.0 0.8740151335569801
349218.8135138197 3699434.294328376 9248.58573582094 8.649971172365295e-06 0.8740237835281525
349218.8135138197 3699434.294328376 9248.58573582094 0.0 0.8740237835281525
349218.8135138197 3699434.294328376 9248.58573582094 0.0 0.8740237835281525
349218.8135138197 3699434.294328376 9248.58573582094 0.0014327653077854537 0.8754565488359379
349218.8135138197 3699434.294328376 9248.58573582094 0.006675110511436365 0.8821316593473743
349218.8135138197 3699434.294328376 9248.58573582094 0.003582174370405736 0.88571383371778
349218.8135138197 3699434.294328376 9248.58573582094 0.028903334727435344 0.9146171684452153
349218.8135138197 3699434.294328376 9248.58573582094 0.007096438883567418 0.9217136073287827
349218.8135138197 3699434.294328376 9248.58573582094 0.025425618794494766 0.9471392261232775
349218.8135138197 3699434.294328376 9248.58573582094 0.022314578609884287 0.9694538047331618
349218.8135138197 3699434.294328376 9248.58573582094 0.0008198899712916071 0.9702736947044533
349218.8135138197 3699434.294328376 9248.58573582094 0.0015752153259283438 0.9718489100303817
349218.8135138197 3699434.294328376 9248.58573582094 0.009487610778653163 0.9813365208090348
349218.8135138197 3699434.294328376 9248.58573582094 0.0006754320449321689 0.9820119528539669
349218.8135138197 3699434.294328376 9248.58573582094 3.944697463592366e-05 0.9820513998286028
349218.8135138197 3699434.294328376 9248.58573582094 0.0025547179980842704 0.984606117826687
349218.8135138197 3699434.294328376 9248.58573582094 8.954783173659086e-05 0.9846956656584236
349218.8135138197 3699434.294328376 9248.58573582094 0.0024271147078359363 0.9871227803662596
349218.8135138197 3699434.294328376 9248.58573582094 0.0 0.9871227803662596
349218.8135138197 3699434.294328376 9248.58573582094 0.004187737645435912 0.9913105180116955
349218.8135138197 3699434.294328376 9248.58573582094 0.001004156037444793 0.9923146740491402
349218.8135138197 3699434.294328376 9248.58573582094 0.0 0.9923146740491402
349218.8135138197 3699434.294328376 9248.58573582094 6.356404698623691e-05 0.9923782380961265
349218.8135138197 3699434.294328376 9248.58573582094 0.007096438883567418 0.9994746769796938
349218.8135138197 3699434.294328376 9248.58573582094 0.00045612325092625824 0.9999308002306201
349218.8135138197 3699434.294328376 9248.58573582094 6.919976937892236e-05 0.999999999999999
349218.8135138197 3699434.294328376 9248.58573582094 0.0 0.999999999999999
301's generation extracting best parents:
58.787753826796276
6516.696095415223
187.48866632412745
0
108.0
5320.860080851591
1325.1052788363647
0
0
0
0
256.0
0
0
0
0
232.379000772445
58.787753826796276
126.49110640673517
1221.8805178903542
74.08103670980853
331.2763197090912
0
0
0
15587.515004002402
0
204885.82291608173
0
0
0
0
38584.58241318675
0
0
0
0
0
0
3600.995417936546
0
0
0
0
0
11971.93518191608
0
0
1325.1052788363647
0
98009.2115670767
9451.011374450885
0
0
0
0
0
0
0
9798.879935992685
58.787753826796276
3896.8787510006005
1221.8805178903542
2121.1921176545984
0
0
0
232.379000772445
0
0
0
0
37482.36918872658
0
0
0
9107.359661284932
0
0
126.49110640673517
0
14684.073004449414
0
0
0
0
0
0
0
0
189292.91587378542
0
0
0
0
0
2121.1921176545984
0
0
0
256.0
0
0
0
0
0
2498.71647051041
108.0
0
0
0
50004.69977912076
0
0
74.08103670980853
0
10867.290370648978
126.49110640673517
4047.7154050155254
0
0
0
0
166.27687752661222
305.47012947258855
256.0
58.787753826796276
0
0
0
0
90.50966799187809
0
0
2000.0
0
5622.112058648423
0
0
81148.1977618727
530.2980294136496
74.08103670980853
0
145.9314907756376
256.0
0
0
0
0
32221.576621884906
0
110861.67121237169
0
8102.239690357228
561.1844616523163
0
0
0
2498.71647051041
1764.8660005790807
11231.538452055443
0
19319.627325598183
0
2370.593174713873
0
0
0
0
0
0
0
0
0
0
0
0
23309.622390763863
0
0
0
0
0
2896.309375740099
90.50966799187809
1687.397996917147
657.2670690061993
0
0
235.1510153071851
0
665.1075101064489
0
0
0
6213.625028918304
3600.995417936546
0
0
0
232.379000772445
0
0
0
256.0
0
0
0
0
0
0
0
0
90.50966799187809
9107.359661284932
126.49110640673517
0
0
58.787753826796276
0
0
0
5333.834643106215
0
0
505.9644256269407
97296.80512740386
0
1539.7454335051623
209.53281365934072
0
2896.309375740099
838.1312546373629
0
108.0
0
0
0
0
0
0
10507.067335845906
166.27687752661222
0
256.0
58.787753826796276
0
349218.8135138197
254434.80136176338
657.2670690061993
108.0
170144.5959647264
38857.46342724908
0
0
187.48866632412745
296.3241468392341
47887.74072766432
0
0
7454.260526705516
1325.1052788363647
432.0
0
5622.112058648423
7067.437442241707
0
2761.6111239636907
0
1050.1123749389872
58.787753826796276
145.9314907756376
32003.007858637287
0
3033.1290773720793
12132.516309488317
0
101112.09969138213
9370.592297181645
225902.84807412233
21083.832668658702
296.3241468392341
470.3020306143702
929.51600308978
432.0
0
0
14403.981671746184
2244.737846609265
56074.23650840018
4500.0
28269.749768966827
929.51600308978
0
187.48866632412745
0
749.9546652965098
0
126.49110640673517
55561.79867498892
0
0
0
583.7259631025504
232.379000772445
108.0
1088.7644373325206
0
0
1221.8805178903542
126.49110640673517
90.50966799187809
3456.0
6526.254668644184
0
145.9314907756376
9107.359661284932
0
0
432.0
929.51600308978
0
30186.91769624716
8767.977189751351
0
26105.018674576735
9798.879935992685
0
900.2488544841365
0
0
0
0
2896.309375740099
357.77087639996637
2761.6111239636907
0
838.1312546373629
2523.340642878008
235.1510153071851
0
319835.7082253325
58.787753826796276
1325.1052788363647
9107.359661284932
296.3241468392341
209.53281365934072
1221.8805178903542
0
73495.55719905796
16190.861620062102
280.3711825420009
0
235.1510153071851
0
3970.9485013029316
0
4200.449499755949
0
58.787753826796276
2523.340642878008
0
1431.0835055998655
1651.0263474578471
8000.0
0
0
0
25396.30965317599
9107.359661284932
838.1312546373629
362.03867196751236
0
0
0
0
5300.421115345459
24694.132744439517
13252.01871414314
106925.98771112663
26252.80937347468
94060.40612287405
82551.31737289236
3033.1290773720793
5827.405597690966
35098.79268578906
2498.71647051041
145.9314907756376
9451.011374450885
331.2763197090912
8978.95138643706
0
15492.26026117558
3714.809281780156
0
235.1510153071851
26252.80937347468
1687.397996917147
256.0
0
