0 1 11 4 36.4828726939094 145.9314907756376
1 1 6 4 14.696938456699069 58.787753826796276
2 9 95 324 925.9454627568516 300006.32993321994
3 2 39 16 243.55492193753753 3896.8787510006005
4 2 68 16 76.36753236814714 1221.8805178903542
5 4 39 64 243.55492193753753 15587.515004002402
6 0 50 0 1.0 0.0
7 0 50 0 1.0 0.0
8 0 50 0 1.0 0.0
9 1 56 4 14.696938456699069 58.787753826796276
10 1 12 4 41.569219381653056 166.27687752661222
11 1 10 4 31.622776601683793 126.49110640673517
12 6 106 144 1091.336794944622 157152.49847202556
13 2 61 16 36.4828726939094 583.7259631025504
14 0 50 0 1.0 0.0
15 11 164 484 2100.2247498779743 1016508.7789409396
16 4 42 64 272.19110933313016 17420.23099732033
17 0 50 0 1.0 0.0
18 1 29 4 156.16977940690063 624.6791176276025
19 0 50 0 1.0 0.0
20 0 50 0 1.0 0.0
21 1 8 4 22.627416997969522 90.50966799187809
22 7 122 196 1347.5340440968457 264116.67264298175
23 0 6 0 14.696938456699069 0.0
24 2 79 16 156.16977940690063 2498.71647051041
25 11 155 484 1929.7344376882536 933991.4678411147
26 1 12 4 41.569219381653056 166.27687752661222
27 2 24 16 117.57550765359255 1881.2081224574808
28 1 61 4 36.4828726939094 145.9314907756376
29 1 53 4 5.196152422706632 20.784609690826528
30 0 50 0 1.0 0.0
31 0 50 0 1.0 0.0
32 0 50 0 1.0 0.0
33 11 174 484 2295.2176367394877 1110885.336181912
34 0 50 0 1.0 0.0
35 3 38 36 234.2477321128211 8432.91835606156
36 1 14 4 52.38320341483518 209.53281365934072
37 0 50 0 1.0 0.0
38 3 82 36 181.01933598375618 6516.696095415223
39 0 50 0 1.0 0.0
40 0 50 0 1.0 0.0
41 4 32 64 181.01933598375618 11585.237502960395
42 0 5 0 11.180339887498949 0.0
43 13 136 676 1586.0189153979218 1072148.786808995
44 0 50 0 1.0 0.0
45 0 50 0 1.0 0.0
46 2 8 16 22.627416997969522 362.03867196751236
47 6 66 144 536.1865347059734 77210.86099766017
48 0 50 0 1.0 0.0
49 0 50 0 1.0 0.0
50 4 125 64 649.519052838329 41569.219381653056
51 2 31 16 172.60069524773067 2761.6111239636907
52 1 7 4 18.520259177452132 74.08103670980853
53 1 51 4 1.0 4.0
54 0 50 0 1.0 0.0
55 0 9 0 27.0 0.0
56 0 50 0 1.0 0.0
57 3 21 36 96.23408959407264 3464.427225386615
58 10 461 400 3064.9520387764633 1225980.8155105852
59 3 15 36 58.09475019311125 2091.411006952005
60 1 53 4 5.196152422706632 20.784609690826528
61 0 50 0 1.0 0.0
62 0 50 0 1.0 0.0
63 2 18 16 76.36753236814714 1221.8805178903542
64 0 10 0 31.622776601683793 0.0
65 0 50 0 1.0 0.0
66 0 50 0 1.0 0.0
67 19 223 1444 3330.1001486441814 4808664.614642198
68 0 50 0 1.0 0.0
69 0 50 0 1.0 0.0
70 0 50 0 1.0 0.0
71 11 129 484 1465.1583532164707 709136.6429567718
72 14 242 784 3764.636503037179 2951475.018381148
73 0 50 0 1.0 0.0
74 3 77 36 140.29611541307906 5050.660154870846
75 0 5 0 11.180339887498949 0.0
76 0 50 0 1.0 0.0
77 5 125 100 649.519052838329 64951.9052838329
78 0 50 0 1.0 0.0
79 0 50 0 1.0 0.0
80 10 531 400 4710.418346601499 1884167.3386405997
81 2 60 16 31.622776601683793 505.9644256269407
82 12 158 576 1986.0292042162926 1143952.8216285845
83 26 399 2704 7970.018757819834 21550930.72114483
84 4 48 64 332.55375505322445 21283.440323406365
85 0 8 0 22.627416997969522 0.0
86 0 50 0 1.0 0.0
87 0 50 0 1.0 0.0
88 1 11 4 36.4828726939094 145.9314907756376
89 0 50 0 1.0 0.0
90 0 5 0 11.180339887498949 0.0
91 0 50 0 1.0 0.0
92 3 41 36 262.5280937347468 9451.011374450885
93 7 377 196 1431.21731403725 280518.593551301
94 7 69 196 573.1570465413472 112338.78112210405
95 0 50 0 1.0 0.0
96 3 41 36 262.5280937347468 9451.011374450885
97 0 50 0 1.0 0.0
98 9 124 324 1380.8055619818454 447381.0020821179
99 2 61 16 36.4828726939094 583.7259631025504
100 0 50 0 1.0 0.0
101 11 173 484 2275.4597337681016 1101322.5111437612
102 0 50 0 1.0 0.0
103 1 27 4 140.29611541307906 561.1844616523163
104 0 50 0 1.0 0.0
105 0 50 0 1.0 0.0
106 0 50 0 1.0 0.0
107 10 348 400 970.1505037879432 388060.20151517726
108 0 50 0 1.0 0.0
109 3 60 36 464.75800154489 16731.28805561604
110 2 88 16 234.2477321128211 3747.9637138051376
111 1 23 4 110.30412503619254 441.2165001447702
112 0 50 0 1.0 0.0
113 4 118 64 560.7423650840018 35887.511365376115
114 16 160 1024 2023.8577025077627 2072430.287367949
115 0 50 0 1.0 0.0
116 0 50 0 1.0 0.0
117 0 50 0 1.0 0.0
118 0 50 0 1.0 0.0
119 1 56 4 14.696938456699069 58.787753826796276
120 10 112 400 1185.2965873569365 474118.6349427746
121 4 86 64 216.0 13824.0
122 1 56 4 14.696938456699069 58.787753826796276
123 1 12 4 41.569219381653056 166.27687752661222
124 8 130 256 1482.2280526288794 379450.3814729931
125 0 50 0 1.0 0.0
126 0 50 0 1.0 0.0
127 1 51 4 1.0 4.0
128 5 84 100 198.25236442474022 19825.236442474023
129 3 73 36 110.30412503619254 3970.9485013029316
130 4 31 64 172.60069524773067 11046.444495854763
131 0 50 0 1.0 0.0
132 6 96 144 940.6040612287404 135446.9848169386
133 0 50 0 1.0 0.0
134 2 71 16 96.23408959407264 1539.7454335051623
135 7 79 196 702.1673589679315 137624.80235771457
136 2 19 16 82.8190799272728 1325.1052788363647
137 0 50 0 1.0 0.0
138 6 66 144 536.1865347059734 77210.86099766017
139 0 50 0 1.0 0.0
140 0 50 0 1.0 0.0
141 16 189 1024 2598.3204190399615 2660680.1090969206
142 1 18 4 76.36753236814714 305.47012947258855
143 0 50 0 1.0 0.0
144 1 14 4 52.38320341483518 209.53281365934072
145 4 66 64 536.1865347059734 34315.938221182296
146 4 61 64 476.42523023030594 30491.21473473958
147 0 5 0 11.180339887498949 0.0
148 0 50 0 1.0 0.0
149 2 19 16 82.8190799272728 1325.1052788363647
150 5 88 100 234.2477321128211 23424.77321128211
151 3 31 36 172.60069524773067 6213.625028918304
152 2 76 16 132.5745073534124 2121.1921176545984
153 2 61 16 36.4828726939094 583.7259631025504
154 8 208 256 2999.818661186039 767953.577263626
155 0 50 0 1.0 0.0
156 1 53 4 5.196152422706632 20.784609690826528
157 2 60 16 31.622776601683793 505.9644256269407
158 12 137 576 1603.5438877685885 923641.279354707
159 0 50 0 1.0 0.0
160 1 9 4 27.0 108.0
161 1 31 4 172.60069524773067 690.4027809909227
162 0 50 0 1.0 0.0
163 0 50 0 1.0 0.0
164 0 6 0 14.696938456699069 0.0
165 1 26 4 132.5745073534124 530.2980294136496
166 13 515 676 4313.8874579664225 2916187.9215853014
167 15 416 900 2138.760388636371 1924884.3497727339
168 0 50 0 1.0 0.0
169 0 50 0 1.0 0.0
170 0 50 0 1.0 0.0
171 0 50 0 1.0 0.0
172 0 50 0 1.0 0.0
173 3 72 36 103.18914671611545 3714.809281780156
174 0 50 0 1.0 0.0
175 0 50 0 1.0 0.0
176 0 10 0 31.622776601683793 0.0
177 0 50 0 1.0 0.0
178 1 8 4 22.627416997969522 90.50966799187809
179 4 42 64 272.19110933313016 17420.23099732033
180 0 50 0 1.0 0.0
181 0 50 0 1.0 0.0
182 0 50 0 1.0 0.0
183 1 56 4 14.696938456699069 58.787753826796276
184 2 73 16 110.30412503619254 1764.8660005790807
185 2 57 16 18.520259177452132 296.3241468392341
186 3 42 36 272.19110933313016 9798.879935992685
187 0 50 0 1.0 0.0
188 1 50 4 1.0 4.0
189 3 33 36 189.57056733575496 6824.5404240871785
190 2 79 16 156.16977940690063 2498.71647051041
191 6 102 144 1030.1495037129318 148341.52853466218
192 0 50 0 1.0 0.0
193 8 164 256 2100.2247498779743 537657.5359687614
194 1 55 4 11.180339887498949 44.721359549995796
195 1 56 4 14.696938456699069 58.787753826796276
196 3 83 36 189.57056733575496 6824.5404240871785
197 29 334 3364 6104.07273875402 20534100.693168525
198 0 50 0 1.0 0.0
199 9 101 324 1015.0374377332099 328872.12982556
200 18 251 1296 3976.5878589564695 5153657.865207585
201 10 406 400 1948.4393755003002 779375.75020012
202 4 44 64 291.8629815512752 18679.230819281613
203 26 426 2704 8792.540929674426 23775030.673839647
204 1 16 4 64.0 256.0
205 19 227 1444 3420.0998523434955 4938624.186784008
206 11 149 484 1818.7767867443217 880287.9647842518
207 1 54 4 8.0 32.0
208 2 75 16 125.0 2000.0
209 11 124 484 1380.8055619818454 668309.8919992131
210 1 57 4 18.520259177452132 74.08103670980853
211 0 50 0 1.0 0.0
212 6 46 144 311.9871792237623 44926.153808221774
213 1 57 4 18.520259177452132 74.08103670980853
214 1 58 4 22.627416997969522 90.50966799187809
215 13 306 676 5352.813839467985 3618502.1554803583
216 2 20 16 89.44271909999159 1431.0835055998655
217 0 50 0 1.0 0.0
218 3 66 36 536.1865347059734 19302.715249415043
219 1 55 4 11.180339887498949 44.721359549995796
220 1 50 4 1.0 4.0
221 0 50 0 1.0 0.0
222 10 153 400 1892.505482158506 757002.1928634024
223 1 19 4 82.8190799272728 331.2763197090912
224 22 359 1936 6802.0790204172135 13168824.983527726
225 0 50 0 1.0 0.0
226 0 50 0 1.0 0.0
227 9 128 324 1448.1546878700494 469202.118869896
228 12 115 576 1233.2376088978149 710344.8627251413
229 0 50 0 1.0 0.0
230 4 35 64 207.06279240848656 13252.01871414314
231 5 106 100 1091.336794944622 109133.6794944622
232 1 54 4 8.0 32.0
233 9 106 324 1091.336794944622 353593.1215620575
234 0 50 0 1.0 0.0
235 2 54 16 396.81733833087486 6349.077413293998
236 11 140 484 1656.5023392678925 801747.13220566
237 0 50 0 1.0 0.0
238 13 458 676 2999.818661186039 2027877.4149617625
239 1 31 4 172.60069524773067 690.4027809909227
240 0 50 0 1.0 0.0
241 3 46 36 311.9871792237623 11231.538452055443
242 1 53 4 5.196152422706632 20.784609690826528
243 7 380 196 1482.2280526288794 290516.69831526035
244 2 69 16 82.8190799272728 1325.1052788363647
245 5 72 100 610.9402589451771 61094.02589451771
246 23 346 2116 6435.972032257443 13618516.82025675
247 26 367 2704 7030.708570265162 19011035.973996997
248 16 296 1024 5092.576558089235 5214798.395483376
249 2 39 16 243.55492193753753 3896.8787510006005
250 7 393 196 1710.0312862634999 335166.132107646
251 0 50 0 1.0 0.0
252 6 61 144 476.42523023030594 68605.23315316405
253 5 123 100 623.7122734081797 62371.227340817975
254 1 57 4 18.520259177452132 74.08103670980853
255 15 164 900 2100.2247498779743 1890202.274890177
256 7 109 196 1137.99340947125 223046.708256365
257 13 125 676 1397.5424859373686 944738.7204936611
258 3 47 36 322.21576621884907 11599.767583878567
259 15 292 900 4989.698187265438 4490728.368538894
260 5 115 100 524.0467536394058 52404.67536394058
261 10 160 400 2023.8577025077627 809543.081003105
262 13 127 676 1431.21731403725 967502.904289181
263 7 71 196 598.2566338955214 117258.3002435222
264 0 50 0 1.0 0.0
265 12 208 576 2999.818661186039 1727895.5488431586
266 5 105 100 407.8909167902615 40789.09167902615
267 18 313 1296 5537.535282054643 7176645.725542817
268 17 391 1156 7731.524493914509 8937642.314965172
269 14 476 784 3397.5249815122775 2663659.5855056257
270 0 50 0 1.0 0.0
271 7 48 196 332.55375505322445 65180.53599043199
272 13 236 676 3625.500792993983 2450838.5360639323
273 12 204 576 2913.702798845483 1678292.8121349982
274 9 91 324 868.0846732894205 281259.43414577225
275 21 354 1764 6660.47025366828 11749069.527470846
276 2 61 16 36.4828726939094 583.7259631025504
277 1 52 4 2.8284271247461903 11.313708498984761
278 15 143 900 1710.0312862634999 1539028.1576371498
279 9 199 324 2807.240459953511 909545.9090249377
280 12 187 576 2557.1865399301632 1472939.446999774
281 2 21 16 96.23408959407264 1539.7454335051623
282 11 162 484 2061.9233739399724 997970.9129869466
283 10 153 400 1892.505482158506 757002.1928634024
284 4 55 64 407.8909167902615 26105.018674576735
285 15 265 900 4313.8874579664225 3882498.7121697804
286 27 429 2916 8885.583211022224 25910360.643340804
287 3 38 36 234.2477321128211 8432.91835606156
288 5 53 100 385.84582413186746 38584.58241318675
289 3 73 36 110.30412503619254 3970.9485013029316
290 9 94 324 911.3638131942698 295281.87547494343
291 15 250 900 3952.847075210474 3557562.3676894265
292 10 402 400 1873.9818569025688 749592.7427610275
293 8 100 256 1000.0 256000.0
294 17 507 1156 4120.023422263519 4762747.076136628
295 17 626 1156 7290.910505554159 8428292.544420607
296 16 226 1024 3397.5249815122775 3479065.581068572
297 10 142 400 1692.125290869444 676850.1163477775
298 9 124 324 1380.8055619818454 447381.0020821179
299 12 222 576 3307.7255025167974 1905249.8894496753
300 3 91 36 262.5280937347468 9451.011374450885
301 10 217 400 3196.609610196403 1278643.8440785613
302 13 208 676 2999.818661186039 2027877.4149617625
303 14 278 784 4635.186296148193 3633986.0561801833
304 8 59 256 453.18759912424787 116016.02537580745
305 12 236 576 3625.500792993983 2088288.456764534
306 12 207 576 2978.2113759771987 1715449.7525628665
307 13 191 676 2639.672517567283 1784418.6218754835
308 13 206 676 2956.656219447909 1998699.6043467864
309 9 123 324 1364.1359902883582 441980.0608534281
310 13 148 676 1800.497708968273 1217136.4512625525
311 5 107 100 430.34056281043274 43034.056281043275
312 15 225 900 3375.0 3037500.0
313 9 116 324 1249.358235255205 404792.0682226864
314 24 504 2304 11314.771937604399 26069234.544240534
315 19 255 1444 4072.0234527811845 5880001.865816031
316 9 155 324 1929.7344376882536 625233.9578109941
317 13 257 676 4120.023422263519 2785135.833450139
318 4 57 64 430.34056281043274 27541.796019867696
319 11 426 484 2334.9038524102016 1130093.4645665376
320 17 200 1156 2828.42712474619 3269661.756206596
321 3 81 36 729.0 26244.0
322 9 144 324 1728.0 559872.0
323 7 144 196 1728.0 338688.0
324 8 106 256 1091.336794944622 279382.2195058232
325 22 342 1936 6324.68876704617 12244597.453001386
326 16 216 1024 3174.538706646999 3250727.635606527
327 25 371 2500 7145.964665459801 17864911.663649503
328 16 241 1024 3741.3261017986656 3831117.9282418336
329 12 196 576 2744.0 1580544.0
330 16 182 1024 2455.3142365082317 2514241.7781844293
331 3 28 36 148.16207341961706 5333.834643106215
332 7 117 196 1265.5484976878602 248047.50554682058
333 15 239 900 3694.850335263933 3325365.30173754
334 8 341 256 868.0846732894205 222229.67636209165
335 18 271 1296 4461.2230385848225 5781745.05800593
336 10 144 400 1728.0 691200.0
337 4 86 64 797.5311906126306 51041.996199208355
338 17 181 1156 2435.1059525203414 2814982.4811135144
339 17 208 1156 2999.818661186039 3467790.3723310614
340 22 355 1936 6688.712506902954 12949347.41336412
341 8 98 256 970.1505037879432 248358.52896971346
342 13 433 676 2475.578114299769 1673490.8052666439
343 15 255 900 4072.0234527811845 3664821.107503066
344 17 198 1156 2786.1069613351174 3220739.647303396
345 21 287 1764 4862.088337329958 8576723.827050047
346 7 371 196 1331.0 260876.0
347 14 186 784 2536.7017956393693 1988774.2077812655
348 4 90 64 252.98221281347034 16190.861620062102
349 9 136 324 1586.0189153979218 513870.12858892663
350 10 119 400 1298.13674164165 519254.69665665994
351 15 268 900 4387.349085723633 3948614.1771512697
352 16 185 1024 2516.272044116057 2576662.573174842
353 7 290 196 252.98221281347034 49584.51371144019
354 20 249 1600 3929.1537256768156 6286645.961082905
355 12 162 576 2061.9233739399724 1187667.863389424
356 6 93 144 896.8595207723448 129147.77099121765
357 15 190 900 2618.969262897142 2357072.336607428
358 22 364 1936 6944.677386315364 13444895.419906545
359 10 128 400 1448.1546878700494 579261.8751480198
360 17 277 1156 4610.198802654827 5329389.81586898
361 7 66 196 536.1865347059734 105092.56080237078
362 21 394 1764 7820.676697064008 13795673.69362091
363 9 99 324 985.0375627355537 319152.1703263194
364 20 306 1600 5352.813839467985 8564502.143148776
365 19 254 1444 4048.0938724293437 5845447.551787972
366 17 289 1156 4913.0 5679428.0
367 13 242 676 3764.636503037179 2544894.276053133
368 14 257 784 4120.023422263519 3230098.3630545987
369 11 388 484 1621.132937176961 784628.3415936491
370 22 312 1936 5511.018780588576 10669332.359219484
371 22 338 1936 6214.054393067379 12030409.304978447
372 25 419 2500 8576.716096502203 21441790.241255507
373 17 168 1156 2177.5288746650413 2517223.3791127875
374 17 313 1156 5537.535282054643 6401390.786055167
375 18 221 1296 3285.4011931573896 4257879.946331977
376 11 162 484 2061.9233739399724 997970.9129869466
377 8 320 256 585.6620185738528 149929.47675490633
378 21 377 1764 7320.015915283245 12912508.074559644
379 11 138 484 1621.132937176961 784628.3415936491
380 17 236 1156 3625.500792993983 4191078.9167010444
381 21 342 1764 6324.68876704617 11156750.985069444
382 6 78 144 688.877347573572 99198.33805059438
383 22 402 1936 8060.074937616895 15604305.07922631
384 25 347 2500 6463.8937955384135 16159734.488846034
385 22 372 1936 7174.8761661787585 13890560.257722076
386 15 180 900 2414.953415699773 2173458.0741297957
387 11 151 484 1855.5190648441207 898071.2273845545
388 7 78 196 688.877347573572 135019.96012442012
389 27 473 2916 10287.07037985062 29997097.22764441
390 18 216 1296 3174.538706646999 4114202.1638145107
391 9 101 324 1015.0374377332099 328872.12982556
392 13 424 676 2295.2176367394877 1551567.1224358936
393 12 201 576 2849.6668226303227 1641408.0898350659
394 28 352 3136 6604.1053898313885 20710474.502511233
395 16 185 1024 2516.272044116057 2576662.573174842
396 28 544 3136 12688.151323183374 39790042.54950306
397 5 75 100 649.519052838329 64951.9052838329
398 18 208 1296 2999.818661186039 3887764.984897107
399 11 105 484 1075.929830425758 520750.03792606684
2001's generation fitness ratios and roulette cutoffs:
39790042.54950306 750158628.4024245 1875396.571006061 1.9453417617340566e-07 1.9453417617340566e-07
39790042.54950306 750158628.4024245 1875396.571006061 7.83670967725768e-08 2.7290127294598246e-07
39790042.54950306 750158628.4024245 1875396.571006061 0.00039992385420151535 0.0004001967554744613
39790042.54950306 750158628.4024245 1875396.571006061 5.194739623670782e-06 0.0004053914950981321
39790042.54950306 750158628.4024245 1875396.571006061 1.6288295190212402e-06 0.0004070203246171533
39790042.54950306 750158628.4024245 1875396.571006061 2.077895849468313e-05 0.00042779928311183647
39790042.54950306 750158628.4024245 1875396.571006061 0.0 0.00042779928311183647
39790042.54950306 750158628.4024245 1875396.571006061 0.0 0.00042779928311183647
39790042.54950306 750158628.4024245 1875396.571006061 0.0 0.00042779928311183647
39790042.54950306 750158628.4024245 1875396.571006061 7.83670967725768e-08 0.000427877650208609
39790042.54950306 750158628.4024245 1875396.571006061 2.2165562219916584e-07 0.0004280993058308082
39790042.54950306 750158628.4024245 1875396.571006061 1.686191448282305e-07 0.0004282679249756364
39790042.54950306 750158628.4024245 1875396.571006061 0.00020949235604568787 0.0006377602810213243
39790042.54950306 750158628.4024245 1875396.571006061 7.781367046936226e-07 0.0006385384177260179
39790042.54950306 750158628.4024245 1875396.571006061 0.0 0.0006385384177260179
39790042.54950306 750158628.4024245 1875396.571006061 0.0013550584375810592 0.001993596855307077
39790042.54950306 750158628.4024245 1875396.571006061 2.322206309140152e-05 0.002016818918398479
39790042.54950306 750158628.4024245 1875396.571006061 0.0 0.002016818918398479
39790042.54950306 750158628.4024245 1875396.571006061 8.327293641318912e-07 0.0020176516477626106
39790042.54950306 750158628.4024245 1875396.571006061 0.0 0.0020176516477626106
39790042.54950306 750158628.4024245 1875396.571006061 0.0 0.0020176516477626106
39790042.54950306 750158628.4024245 1875396.571006061 1.206540384460178e-07 0.0020177723018010565
39790042.54950306 750158628.4024245 1875396.571006061 0.00035208109677476867 0.002369853398575825
39790042.54950306 750158628.4024245 1875396.571006061 0.0 0.002369853398575825
39790042.54950306 750158628.4024245 1875396.571006061 3.3309174565275647e-06 0.0023731843160323526
39790042.54950306 750158628.4024245 1875396.571006061 0.0012450586215747327 0.0036182429376070855
39790042.54950306 750158628.4024245 1875396.571006061 2.2165562219916584e-07 0.0036184645932292848
39790042.54950306 750158628.4024245 1875396.571006061 2.5077470967224576e-06 0.003620972340326007
39790042.54950306 750158628.4024245 1875396.571006061 1.9453417617340566e-07 0.0036211668745021806
39790042.54950306 750158628.4024245 1875396.571006061 2.770695277489573e-08 0.0036211945814549557
39790042.54950306 750158628.4024245 1875396.571006061 0.0 0.0036211945814549557
39790042.54950306 750158628.4024245 1875396.571006061 0.0 0.0036211945814549557
39790042.54950306 750158628.4024245 1875396.571006061 0.0 0.0036211945814549557
39790042.54950306 750158628.4024245 1875396.571006061 0.0014808672381036387 0.005102061819558594
39790042.54950306 750158628.4024245 1875396.571006061 0.0 0.005102061819558594
39790042.54950306 750158628.4024245 1875396.571006061 1.1241513510310116e-05 0.0051133033330689045
39790042.54950306 750158628.4024245 1875396.571006061 2.793180078533154e-07 0.005113582651076758
39790042.54950306 750158628.4024245 1875396.571006061 0.0 0.005113582651076758
39790042.54950306 750158628.4024245 1875396.571006061 8.687090768113281e-06 0.005122269741844871
39790042.54950306 750158628.4024245 1875396.571006061 0.0 0.005122269741844871
39790042.54950306 750158628.4024245 1875396.571006061 0.0 0.005122269741844871
39790042.54950306 750158628.4024245 1875396.571006061 1.5443716921090278e-05 0.005137713458765961
39790042.54950306 750158628.4024245 1875396.571006061 0.0 0.005137713458765961
39790042.54950306 750158628.4024245 1875396.571006061 0.0014292294272376725 0.006566942886003634
39790042.54950306 750158628.4024245 1875396.571006061 0.0 0.006566942886003634
39790042.54950306 750158628.4024245 1875396.571006061 0.0 0.006566942886003634
39790042.54950306 750158628.4024245 1875396.571006061 4.826161537840712e-07 0.006567425502157418
39790042.54950306 750158628.4024245 1875396.571006061 0.00010292604533802711 0.006670351547495445
39790042.54950306 750158628.4024245 1875396.571006061 0.0 0.006670351547495445
39790042.54950306 750158628.4024245 1875396.571006061 0.0 0.006670351547495445
39790042.54950306 750158628.4024245 1875396.571006061 5.5413905549791456e-05 0.006725765453045237
39790042.54950306 750158628.4024245 1875396.571006061 3.6813695389266624e-06 0.006729446822584163
39790042.54950306 750158628.4024245 1875396.571006061 9.875382873029833e-08 0.006729545576412893
39790042.54950306 750158628.4024245 1875396.571006061 5.332205547670099e-09 0.006729550908618441
39790042.54950306 750158628.4024245 1875396.571006061 0.0 0.006729550908618441
39790042.54950306 750158628.4024245 1875396.571006061 0.0 0.006729550908618441
39790042.54950306 750158628.4024245 1875396.571006061 0.0 0.006729550908618441
39790042.54950306 750158628.4024245 1875396.571006061 4.61825951767646e-06 0.006734169168136117
39790042.54950306 750158628.4024245 1875396.571006061 0.0016342954264506636 0.00836846459458678
39790042.54950306 750158628.4024245 1875396.571006061 2.7879583434319474e-06 0.008371252552930211
39790042.54950306 750158628.4024245 1875396.571006061 2.770695277489573e-08 0.008371280259882987
39790042.54950306 750158628.4024245 1875396.571006061 0.0 0.008371280259882987
39790042.54950306 750158628.4024245 1875396.571006061 0.0 0.008371280259882987
39790042.54950306 750158628.4024245 1875396.571006061 1.6288295190212402e-06 0.008372909089402008
39790042.54950306 750158628.4024245 1875396.571006061 0.0 0.008372909089402008
39790042.54950306 750158628.4024245 1875396.571006061 0.0 0.008372909089402008
39790042.54950306 750158628.4024245 1875396.571006061 0.0 0.008372909089402008
39790042.54950306 750158628.4024245 1875396.571006061 0.006410197033770007 0.014783106123172015
39790042.54950306 750158628.4024245 1875396.571006061 0.0 0.014783106123172015
39790042.54950306 750158628.4024245 1875396.571006061 0.0 0.014783106123172015
39790042.54950306 750158628.4024245 1875396.571006061 0.0 0.014783106123172015
39790042.54950306 750158628.4024245 1875396.571006061 0.0009453155854075622 0.015728421708579576
39790042.54950306 750158628.4024245 1875396.571006061 0.003934467866705416 0.019662889575284993
39790042.54950306 750158628.4024245 1875396.571006061 0.0 0.019662889575284993
39790042.54950306 750158628.4024245 1875396.571006061 6.7327895242996615e-06 0.01966962236480929
39790042.54950306 750158628.4024245 1875396.571006061 0.0 0.01966962236480929
39790042.54950306 750158628.4024245 1875396.571006061 0.0 0.01966962236480929
39790042.54950306 750158628.4024245 1875396.571006061 8.658422742154916e-05 0.01975620659223084
39790042.54950306 750158628.4024245 1875396.571006061 0.0 0.01975620659223084
39790042.54950306 750158628.4024245 1875396.571006061 0.0 0.01975620659223084
39790042.54950306 750158628.4024245 1875396.571006061 0.002511691883959553 0.022267898476190394
39790042.54950306 750158628.4024245 1875396.571006061 6.74476579312922e-07 0.022268572952769707
39790042.54950306 750158628.4024245 1875396.571006061 0.0015249478954402005 0.023793520848209907
39790042.54950306 750158628.4024245 1875396.571006061 0.028728498087185608 0.052522018935395515
39790042.54950306 750158628.4024245 1875396.571006061 2.8371919641493227e-05 0.05255039085503701
39790042.54950306 750158628.4024245 1875396.571006061 0.0 0.05255039085503701
39790042.54950306 750158628.4024245 1875396.571006061 0.0 0.05255039085503701
39790042.54950306 750158628.4024245 1875396.571006061 0.0 0.05255039085503701
39790042.54950306 750158628.4024245 1875396.571006061 1.9453417617340566e-07 0.05255058538921318
39790042.54950306 750158628.4024245 1875396.571006061 0.0 0.05255058538921318
39790042.54950306 750158628.4024245 1875396.571006061 0.0 0.05255058538921318
39790042.54950306 750158628.4024245 1875396.571006061 0.0 0.05255058538921318
39790042.54950306 750158628.4024245 1875396.571006061 1.2598683820485055e-05 0.05256318407303366
39790042.54950306 750158628.4024245 1875396.571006061 0.0003739457001897152 0.052937129773223374
39790042.54950306 750158628.4024245 1875396.571006061 0.00014975336797944504 0.05308688314120282
39790042.54950306 750158628.4024245 1875396.571006061 0.0 0.05308688314120282
39790042.54950306 750158628.4024245 1875396.571006061 1.2598683820485055e-05 0.053099481825023304
39790042.54950306 750158628.4024245 1875396.571006061 0.0 0.053099481825023304
39790042.54950306 750158628.4024245 1875396.571006061 0.0005963818653061193 0.05369586369032942
39790042.54950306 750158628.4024245 1875396.571006061 7.781367046936226e-07 0.05369664182703412
39790042.54950306 750158628.4024245 1875396.571006061 0.0 0.05369664182703412
39790042.54950306 750158628.4024245 1875396.571006061 0.001468119500923682 0.0551647613279578
39790042.54950306 750158628.4024245 1875396.571006061 0.0 0.0551647613279578
39790042.54950306 750158628.4024245 1875396.571006061 7.480877249221847e-07 0.05516550941568272
39790042.54950306 750158628.4024245 1875396.571006061 0.0 0.05516550941568272
39790042.54950306 750158628.4024245 1875396.571006061 0.0 0.05516550941568272
39790042.54950306 750158628.4024245 1875396.571006061 0.0 0.05516550941568272
39790042.54950306 750158628.4024245 1875396.571006061 0.0005173041898373012 0.05568281360552002
39790042.54950306 750158628.4024245 1875396.571006061 0.0 0.05568281360552002
39790042.54950306 750158628.4024245 1875396.571006061 2.230366674745558e-05 0.05570511727226748
39790042.54950306 750158628.4024245 1875396.571006061 4.996228226804495e-06 0.055710113500494284
39790042.54950306 750158628.4024245 1875396.571006061 5.881642674488822e-07 0.05571070166476173
39790042.54950306 750158628.4024245 1875396.571006061 0.0 0.05571070166476173
39790042.54950306 750158628.4024245 1875396.571006061 4.783989679863306e-05 0.05575854156156037
39790042.54950306 750158628.4024245 1875396.571006061 0.0027626560688657287 0.0585211976304261
39790042.54950306 750158628.4024245 1875396.571006061 0.0 0.0585211976304261
39790042.54950306 750158628.4024245 1875396.571006061 0.0 0.0585211976304261
39790042.54950306 750158628.4024245 1875396.571006061 0.0 0.0585211976304261
39790042.54950306 750158628.4024245 1875396.571006061 0.0 0.0585211976304261
39790042.54950306 750158628.4024245 1875396.571006061 7.83670967725768e-08 0.05852127599752287
39790042.54950306 750158628.4024245 1875396.571006061 0.0006320245038739093 0.05915330050139678
39790042.54950306 750158628.4024245 1875396.571006061 1.8428102372747863e-05 0.05917172860376953
39790042.54950306 750158628.4024245 1875396.571006061 7.83670967725768e-08 0.0591718069708663
39790042.54950306 750158628.4024245 1875396.571006061 2.2165562219916584e-07 0.059172028626488495
39790042.54950306 750158628.4024245 1875396.571006061 0.0005058268572889573 0.05967785548377745
39790042.54950306 750158628.4024245 1875396.571006061 0.0 0.05967785548377745
39790042.54950306 750158628.4024245 1875396.571006061 0.0 0.05967785548377745
39790042.54950306 750158628.4024245 1875396.571006061 5.332205547670099e-09 0.059677860815982996
39790042.54950306 750158628.4024245 1875396.571006061 2.642805893560785e-05 0.059704288874918604
39790042.54950306 750158628.4024245 1875396.571006061 5.29347840703994e-06 0.059709582353325644
39790042.54950306 750158628.4024245 1875396.571006061 1.472547815570665e-05 0.05972430783148135
39790042.54950306 750158628.4024245 1875396.571006061 0.0 0.05972430783148135
39790042.54950306 750158628.4024245 1875396.571006061 0.00018055779096401694 0.05990486562244537
39790042.54950306 750158628.4024245 1875396.571006061 0.0 0.05990486562244537
39790042.54950306 750158628.4024245 1875396.571006061 2.052559785633982e-06 0.059906918182231005
39790042.54950306 750158628.4024245 1875396.571006061 0.00018346093365720164 0.06009037911588821
39790042.54950306 750158628.4024245 1875396.571006061 1.7664334297645495e-06 0.06009214554931797
39790042.54950306 750158628.4024245 1875396.571006061 0.0 0.06009214554931797
39790042.54950306 750158628.4024245 1875396.571006061 0.00010292604533802711 0.060195071594656
39790042.54950306 750158628.4024245 1875396.571006061 0.0 0.060195071594656
39790042.54950306 750158628.4024245 1875396.571006061 0.0 0.060195071594656
39790042.54950306 750158628.4024245 1875396.571006061 0.003546823309575521 0.06374189490423152
39790042.54950306 750158628.4024245 1875396.571006061 4.0720737975531005e-07 0.06374230211161128
39790042.54950306 750158628.4024245 1875396.571006061 0.0 0.06374230211161128
39790042.54950306 750158628.4024245 1875396.571006061 2.793180078533154e-07 0.06374258142961912
39790042.54950306 750158628.4024245 1875396.571006061 4.574490903912316e-05 0.06378832633865825
39790042.54950306 750158628.4024245 1875396.571006061 4.0646356090944664e-05 0.06382897269474919
39790042.54950306 750158628.4024245 1875396.571006061 0.0 0.06382897269474919
39790042.54950306 750158628.4024245 1875396.571006061 0.0 0.06382897269474919
39790042.54950306 750158628.4024245 1875396.571006061 1.7664334297645495e-06 0.06383073912817895
39790042.54950306 750158628.4024245 1875396.571006061 3.12264264175281e-05 0.06386196555459647
39790042.54950306 750158628.4024245 1875396.571006061 8.28308146258499e-06 0.06387024863605906
39790042.54950306 750158628.4024245 1875396.571006061 2.827658094357984e-06 0.06387307629415341
39790042.54950306 750158628.4024245 1875396.571006061 7.781367046936226e-07 0.0638738544308581
39790042.54950306 750158628.4024245 1875396.571006061 0.0010237215812595511 0.06489757601211765
39790042.54950306 750158628.4024245 1875396.571006061 0.0 0.06489757601211765
39790042.54950306 750158628.4024245 1875396.571006061 2.770695277489573e-08 0.06489760371907043
39790042.54950306 750158628.4024245 1875396.571006061 6.74476579312922e-07 0.06489827819564974
39790042.54950306 750158628.4024245 1875396.571006061 0.001231261288458069 0.06612953948410781
39790042.54950306 750158628.4024245 1875396.571006061 0.0 0.06612953948410781
39790042.54950306 750158628.4024245 1875396.571006061 1.4396954978709268e-07 0.06612968345365759
39790042.54950306 750158628.4024245 1875396.571006061 9.203423847316656e-07 0.06613060379604233
39790042.54950306 750158628.4024245 1875396.571006061 0.0 0.06613060379604233
39790042.54950306 750158628.4024245 1875396.571006061 0.0 0.06613060379604233
39790042.54950306 750158628.4024245 1875396.571006061 0.0 0.06613060379604233
39790042.54950306 750158628.4024245 1875396.571006061 7.06914523589496e-07 0.06613131071056591
39790042.54950306 750158628.4024245 1875396.571006061 0.00388742835338142 0.07001873906394733
39790042.54950306 750158628.4024245 1875396.571006061 0.0025659697521203807 0.07258470881606771
39790042.54950306 750158628.4024245 1875396.571006061 0.0 0.07258470881606771
39790042.54950306 750158628.4024245 1875396.571006061 0.0 0.07258470881606771
39790042.54950306 750158628.4024245 1875396.571006061 0.0 0.07258470881606771
39790042.54950306 750158628.4024245 1875396.571006061 0.0 0.07258470881606771
39790042.54950306 750158628.4024245 1875396.571006061 0.0 0.07258470881606771
39790042.54950306 750158628.4024245 1875396.571006061 4.952031665211132e-06 0.07258966084773293
39790042.54950306 750158628.4024245 1875396.571006061 0.0 0.07258966084773293
39790042.54950306 750158628.4024245 1875396.571006061 0.0 0.07258966084773293
39790042.54950306 750158628.4024245 1875396.571006061 0.0 0.07258966084773293
39790042.54950306 750158628.4024245 1875396.571006061 0.0 0.07258966084773293
39790042.54950306 750158628.4024245 1875396.571006061 1.206540384460178e-07 0.07258978150177137
39790042.54950306 750158628.4024245 1875396.571006061 2.322206309140152e-05 0.07261300356486276
39790042.54950306 750158628.4024245 1875396.571006061 0.0 0.07261300356486276
39790042.54950306 750158628.4024245 1875396.571006061 0.0 0.07261300356486276
39790042.54950306 750158628.4024245 1875396.571006061 0.0 0.07261300356486276
39790042.54950306 750158628.4024245 1875396.571006061 7.83670967725768e-08 0.07261308193195953
39790042.54950306 750158628.4024245 1875396.571006061 2.3526570697955286e-06 0.07261543458902933
39790042.54950306 750158628.4024245 1875396.571006061 3.950153149211933e-07 0.07261582960434425
39790042.54950306 750158628.4024245 1875396.571006061 1.3062410488913356e-05 0.07262889201483316
39790042.54950306 750158628.4024245 1875396.571006061 0.0 0.07262889201483316
39790042.54950306 750158628.4024245 1875396.571006061 5.332205547670099e-09 0.07262889734703872
39790042.54950306 750158628.4024245 1875396.571006061 9.097463077404127e-06 0.07263799481011612
39790042.54950306 750158628.4024245 1875396.571006061 3.3309174565275647e-06 0.07264132572757265
39790042.54950306 750158628.4024245 1875396.571006061 0.000197746880350597 0.07283907260792324
39790042.54950306 750158628.4024245 1875396.571006061 0.0 0.07283907260792324
39790042.54950306 750158628.4024245 1875396.571006061 0.0007167251240098164 0.07355579773193306
39790042.54950306 750158628.4024245 1875396.571006061 5.961587037295918e-08 0.07355585734780344
39790042.54950306 750158628.4024245 1875396.571006061 7.83670967725768e-08 0.07355593571490021
39790042.54950306 750158628.4024245 1875396.571006061 9.097463077404127e-06 0.07356503317797762
39790042.54950306 750158628.4024245 1875396.571006061 0.02737301140813241 0.10093804458611003
39790042.54950306 750158628.4024245 1875396.571006061 0.0 0.10093804458611003
39790042.54950306 750158628.4024245 1875396.571006061 0.00043840344878248304 0.10137644803489251
39790042.54950306 750158628.4024245 1875396.571006061 0.006870090764913381 0.10824653879980589
39790042.54950306 750158628.4024245 1875396.571006061 0.0010389479247341564 0.10928548672454005
39790042.54950306 750158628.4024245 1875396.571006061 2.4900374550195925e-05 0.10931038709909024
39790042.54950306 750158628.4024245 1875396.571006061 0.031693337613768635 0.14100372471285888
39790042.54950306 750158628.4024245 1875396.571006061 3.4126115505088633e-07 0.14100406597401394
39790042.54950306 750158628.4024245 1875396.571006061 0.0065834398216568545 0.1475875057956708
39790042.54950306 750158628.4024245 1875396.571006061 0.001173469092342452 0.14876097488801324
39790042.54950306 750158628.4024245 1875396.571006061 4.265764438136079e-08 0.14876101754565763
39790042.54950306 750158628.4024245 1875396.571006061 2.6661027738350495e-06 0.14876368364843146
39790042.54950306 750158628.4024245 1875396.571006061 0.0008908914284202523 0.1496545750768517
39790042.54950306 750158628.4024245 1875396.571006061 9.875382873029833e-08 0.14965467383068043
39790042.54950306 750158628.4024245 1875396.571006061 0.0 0.14965467383068043
39790042.54950306 750158628.4024245 1875396.571006061 5.988887164292007e-05 0.14971456270232336
39790042.54950306 750158628.4024245 1875396.571006061 9.875382873029833e-08 0.1497146614561521
39790042.54950306 750158628.4024245 1875396.571006061 1.206540384460178e-07 0.14971478211019054
39790042.54950306 750158628.4024245 1875396.571006061 0.004823649316927144 0.15453843142711768
39790042.54950306 750158628.4024245 1875396.571006061 1.907707851934694e-06 0.15454033913496962
39790042.54950306 750158628.4024245 1875396.571006061 0.0 0.15454033913496962
39790042.54950306 750158628.4024245 1875396.571006061 2.5731511334506778e-05 0.15456607064630412
39790042.54950306 750158628.4024245 1875396.571006061 5.961587037295918e-08 0.1545661302621745
39790042.54950306 750158628.4024245 1875396.571006061 5.332205547670099e-09 0.15456613559438004
39790042.54950306 750158628.4024245 1875396.571006061 0.0 0.15456613559438004
39790042.54950306 750158628.4024245 1875396.571006061 0.0010091228230961662 0.15557525841747621
39790042.54950306 750158628.4024245 1875396.571006061 4.4160835744113737e-07 0.15557570002583365
39790042.54950306 750158628.4024245 1875396.571006061 0.017554720408365785 0.17313042043419943
39790042.54950306 750158628.4024245 1875396.571006061 0.0 0.17313042043419943
39790042.54950306 750158628.4024245 1875396.571006061 0.0 0.17313042043419943
39790042.54950306 750158628.4024245 1875396.571006061 0.0006254705353041562 0.17375589096950358
39790042.54950306 750158628.4024245 1875396.571006061 0.0009469262044454884 0.17470281717394906
39790042.54950306 750158628.4024245 1875396.571006061 0.0 0.17470281717394906
39790042.54950306 750158628.4024245 1875396.571006061 1.7665621926345504e-05 0.1747204827958754
39790042.54950306 750158628.4024245 1875396.571006061 0.00014548080280950545 0.17486596359868492
39790042.54950306 750158628.4024245 1875396.571006061 4.265764438136079e-08 0.1748660062563293
39790042.54950306 750158628.4024245 1875396.571006061 0.0004713578011027977 0.1753373640574321
39790042.54950306 750158628.4024245 1875396.571006061 0.0 0.1753373640574321
39790042.54950306 750158628.4024245 1875396.571006061 8.463646451438294e-06 0.17534582770388354
39790042.54950306 750158628.4024245 1875396.571006061 0.001068770126543903 0.17641459783042746
39790042.54950306 750158628.4024245 1875396.571006061 0.0 0.17641459783042746
39790042.54950306 750158628.4024245 1875396.571006061 0.002703264800513502 0.17911786263094095
39790042.54950306 750158628.4024245 1875396.571006061 9.203423847316656e-07 0.17911878297332567
39790042.54950306 750158628.4024245 1875396.571006061 0.0 0.17911878297332567
39790042.54950306 750158628.4024245 1875396.571006061 1.4972217910730018e-05 0.1791337551912364
39790042.54950306 750158628.4024245 1875396.571006061 2.770695277489573e-08 0.17913378289818918
39790042.54950306 750158628.4024245 1875396.571006061 0.00038727368761185796 0.17952105658580103
39790042.54950306 750158628.4024245 1875396.571006061 1.7664334297645495e-06 0.17952282301923078
39790042.54950306 750158628.4024245 1875396.571006061 8.1441475951062e-05 0.17960426449518185
39790042.54950306 750158628.4024245 1875396.571006061 0.0181541827350029 0.19775844723018476
39790042.54950306 750158628.4024245 1875396.571006061 0.025342687871875654 0.22310113510206042
39790042.54950306 750158628.4024245 1875396.571006061 0.0069515942335943975 0.23005272933565482
39790042.54950306 750158628.4024245 1875396.571006061 5.194739623670782e-06 0.2300579240752785
39790042.54950306 750158628.4024245 1875396.571006061 0.0004467936772538798 0.2305047177525324
39790042.54950306 750158628.4024245 1875396.571006061 0.0 0.2305047177525324
39790042.54950306 750158628.4024245 1875396.571006061 9.145430120462549e-05 0.23059617205373703
39790042.54950306 750158628.4024245 1875396.571006061 8.314405111042564e-05 0.23067931610484746
39790042.54950306 750158628.4024245 1875396.571006061 9.875382873029833e-08 0.23067941485867619
39790042.54950306 750158628.4024245 1875396.571006061 0.0025197367640970108 0.2331991516227732
39790042.54950306 750158628.4024245 1875396.571006061 0.00029733272378853587 0.23349648434656173
39790042.54950306 750158628.4024245 1875396.571006061 0.0012593852616287627 0.2347558696081905
39790042.54950306 750158628.4024245 1875396.571006061 1.546308626561027e-05 0.2347713326944561
39790042.54950306 750158628.4024245 1875396.571006061 0.005986371679950646 0.24075770437440674
39790042.54950306 750158628.4024245 1875396.571006061 6.985812517486363e-05 0.24082756249958162
39790042.54950306 750158628.4024245 1875396.571006061 0.0010791625269006753 0.2419067250264823
39790042.54950306 750158628.4024245 1875396.571006061 0.001289731088409426 0.24319645611489174
39790042.54950306 750158628.4024245 1875396.571006061 0.0001563113397672188 0.24335276745465895
39790042.54950306 750158628.4024245 1875396.571006061 0.0 0.24335276745465895
39790042.54950306 750158628.4024245 1875396.571006061 0.0023033735578339904 0.24565614101249295
39790042.54950306 750158628.4024245 1875396.571006061 5.4373955233831877e-05 0.24571051496772678
39790042.54950306 750158628.4024245 1875396.571006061 0.009566837537850578 0.25527735250557737
39790042.54950306 750158628.4024245 1875396.571006061 0.01191433648373708 0.26719168898931445
39790042.54950306 750158628.4024245 1875396.571006061 0.0035507951047344336 0.2707424840940489
39790042.54950306 750158628.4024245 1875396.571006061 0.0 0.2707424840940489
39790042.54950306 750158628.4024245 1875396.571006061 8.6889003902073e-05 0.27082937309795097
39790042.54950306 750158628.4024245 1875396.571006061 0.003267093709610941 0.2740964668075619
39790042.54950306 750158628.4024245 1875396.571006061 0.002237250560870272 0.27633371736843215
39790042.54950306 750158628.4024245 1875396.571006061 0.00037493327877165993 0.2767086506472038
39790042.54950306 750158628.4024245 1875396.571006061 0.01566211342858544 0.2923707640757892
39790042.54950306 750158628.4024245 1875396.571006061 7.781367046936226e-07 0.2923715422124939
39790042.54950306 750158628.4024245 1875396.571006061 1.5081754805752224e-08 0.2923715572942487
39790042.54950306 750158628.4024245 1875396.571006061 0.0020516036200433256 0.294423160914292
39790042.54950306 750158628.4024245 1875396.571006061 0.001212471435490854 0.29563563234978285
39790042.54950306 750158628.4024245 1875396.571006061 0.001963503972668581 0.29759913632245144
39790042.54950306 750158628.4024245 1875396.571006061 2.052559785633982e-06 0.2976011888822371
39790042.54950306 750158628.4024245 1875396.571006061 0.0013303465096605976 0.29893153539189765
39790042.54950306 750158628.4024245 1875396.571006061 0.0010091228230961662 0.2999406582149938
39790042.54950306 750158628.4024245 1875396.571006061 3.47993313496524e-05 0.29997545754634347
39790042.54950306 750158628.4024245 1875396.571006061 0.0051755702929634296 0.3051510278393069
39790042.54950306 750158628.4024245 1875396.571006061 0.03453984219113871 0.3396908700304456
39790042.54950306 750158628.4024245 1875396.571006061 1.1241513510310116e-05 0.3397021115439559
39790042.54950306 750158628.4024245 1875396.571006061 5.143523109953213e-05 0.3397535467750554
39790042.54950306 750158628.4024245 1875396.571006061 5.29347840703994e-06 0.3397588402534625
39790042.54950306 750158628.4024245 1875396.571006061 0.0003936259136334812 0.34015246616709593
39790042.54950306 750158628.4024245 1875396.571006061 0.0047424134482939835 0.3448948796153899
39790042.54950306 750158628.4024245 1875396.571006061 0.0009992456453608992 0.3458941252607508
39790042.54950306 750158628.4024245 1875396.571006061 0.00034126115505088634 0.3462353864158017
39790042.54950306 750158628.4024245 1875396.571006061 0.006348986595381318 0.352584373011183
39790042.54950306 750158628.4024245 1875396.571006061 0.011235347065686524 0.3638197200768695
39790042.54950306 750158628.4024245 1875396.571006061 0.004637773198020484 0.36845749327489
39790042.54950306 750158628.4024245 1875396.571006061 0.0009022759863326928 0.3693597692612227
39790042.54950306 750158628.4024245 1875396.571006061 0.0005963818653061193 0.36995615112652885
39790042.54950306 750158628.4024245 1875396.571006061 0.0025397960075553504 0.3724959471340842
39790042.54950306 750158628.4024245 1875396.571006061 1.2598683820485055e-05 0.37250854581790466
39790042.54950306 750158628.4024245 1875396.571006061 0.0017044979497224813 0.37421304376762715
39790042.54950306 750158628.4024245 1875396.571006061 0.002703264800513502 0.3769163085681407
39790042.54950306 750158628.4024245 1875396.571006061 0.00484429015222994 0.3817605987203706
39790042.54950306 750158628.4024245 1875396.571006061 0.00015465532353187888 0.3819152540439025
39790042.54950306 750158628.4024245 1875396.571006061 0.0027837958235738198 0.3846990498674763
39790042.54950306 750158628.4024245 1875396.571006061 0.002286782671841254 0.3869858325393175
39790042.54950306 750158628.4024245 1875396.571006061 0.0023787217187325716 0.38936455425805006
39790042.54950306 750158628.4024245 1875396.571006061 0.0026643692796059918 0.39202892353765606
39790042.54950306 750158628.4024245 1875396.571006061 0.0005891821331105543 0.3926181056707666
39790042.54950306 750158628.4024245 1875396.571006061 0.00162250543442342 0.39424061110519004
39790042.54950306 750158628.4024245 1875396.571006061 5.736660841013155e-05 0.3942979777136002
39790042.54950306 750158628.4024245 1875396.571006061 0.004049143587761981 0.3983471213013622
39790042.54950306 750158628.4024245 1875396.571006061 0.0005396086279574654 0.39888672992931967
39790042.54950306 750158628.4024245 1875396.571006061 0.03475162926507809 0.43363835919439775
39790042.54950306 750158628.4024245 1875396.571006061 0.007838344642303693 0.44147670383670146
39790042.54950306 750158628.4024245 1875396.571006061 0.0008334689946078789 0.44231017283130936
39790042.54950306 750158628.4024245 1875396.571006061 0.003712729185534404 0.44602290201684375
39790042.54950306 750158628.4024245 1875396.571006061 3.6714629382484194e-05 0.44605961664622623
39790042.54950306 750158628.4024245 1875396.571006061 0.0015064726602868536 0.4475660893065131
39790042.54950306 750158628.4024245 1875396.571006061 0.004358627138862392 0.45192471644537546
39790042.54950306 750158628.4024245 1875396.571006061 3.498460059826352e-05 0.4519597010459737
39790042.54950306 750158628.4024245 1875396.571006061 0.0007463381460962884 0.45270603919207003
39790042.54950306 750158628.4024245 1875396.571006061 0.0004514885081323226 0.45315752770020234
39790042.54950306 750158628.4024245 1875396.571006061 0.000372430855192334 0.4535299585553947
39790042.54950306 750158628.4024245 1875396.571006061 0.016322677616970288 0.46985263617236495
39790042.54950306 750158628.4024245 1875396.571006061 0.004333386983136406 0.47418602315550135
39790042.54950306 750158628.4024245 1875396.571006061 0.023814845270387033 0.49800086842588837
39790042.54950306 750158628.4024245 1875396.571006061 0.00510707706768737 0.5031079454935757
39790042.54950306 750158628.4024245 1875396.571006061 0.0021069463712841724 0.5052148918648599
39790042.54950306 750158628.4024245 1875396.571006061 0.003351613489454737 0.5085665053543147
39790042.54950306 750158628.4024245 1875396.571006061 7.11027566858148e-06 0.5085736156299833
39790042.54950306 750158628.4024245 1875396.571006061 0.0003306600712906216 0.5089042757012738
39790042.54950306 750158628.4024245 1875396.571006061 0.004432882827488641 0.5133371585287625
39790042.54950306 750158628.4024245 1875396.571006061 0.00029624357828871896 0.5136334021070512
39790042.54950306 750158628.4024245 1875396.571006061 0.007707363268378349 0.5213407653754296
39790042.54950306 750158628.4024245 1875396.571006061 0.0009214051186373931 0.522262170494067
39790042.54950306 750158628.4024245 1875396.571006061 6.804160382439372e-05 0.5223302120978913
39790042.54950306 750158628.4024245 1875396.571006061 0.0037525163005969055 0.5260827283984882
39790042.54950306 750158628.4024245 1875396.571006061 0.004622742765375161 0.5307054711638634
39790042.54950306 750158628.4024245 1875396.571006061 0.0172621455290619 0.5479676166929253
39790042.54950306 750158628.4024245 1875396.571006061 0.00033107468149587275 0.5482986913744211
39790042.54950306 750158628.4024245 1875396.571006061 0.002230849238954425 0.5505295406133756
39790042.54950306 750158628.4024245 1875396.571006061 0.004885394860161581 0.5554149354735372
39790042.54950306 750158628.4024245 1875396.571006061 0.004293411453738051 0.5597083469272752
39790042.54950306 750158628.4024245 1875396.571006061 0.011433213592857646 0.5711415605201329
39790042.54950306 750158628.4024245 1875396.571006061 0.0003477611136134962 0.5714893216337463
39790042.54950306 750158628.4024245 1875396.571006061 0.0026511382159486174 0.574140459849695
39790042.54950306 750158628.4024245 1875396.571006061 2.1583250538013506e-05 0.574162043100233
39790042.54950306 750158628.4024245 1875396.571006061 0.0006850152876109554 0.574847058387844
39790042.54950306 750158628.4024245 1875396.571006061 0.0006921931935415991 0.5755392515813856
39790042.54950306 750158628.4024245 1875396.571006061 0.005263705605253701 0.5808029571866393
39790042.54950306 750158628.4024245 1875396.571006061 0.0034348236167892014 0.5842377808034285
39790042.54950306 750158628.4024245 1875396.571006061 6.609870477266636e-05 0.5843038795082012
39790042.54950306 750158628.4024245 1875396.571006061 0.008380422117481022 0.5926843016256822
39790042.54950306 750158628.4024245 1875396.571006061 0.001583222292488645 0.5942675239181708
39790042.54950306 750158628.4024245 1875396.571006061 0.00017216061523714956 0.594439684533408
39790042.54950306 750158628.4024245 1875396.571006061 0.0031420985473794624 0.5975817830807875
39790042.54950306 750158628.4024245 1875396.571006061 0.017922736486467496 0.6155045195672549
39790042.54950306 750158628.4024245 1875396.571006061 0.0007721858460545138 0.6162767054133095
39790042.54950306 750158628.4024245 1875396.571006061 0.007104350485468276 0.6233810558987778
39790042.54950306 750158628.4024245 1875396.571006061 0.00014009378393231467 0.6235211496827101
39790042.54950306 750158628.4024245 1875396.571006061 0.018390341950742968 0.6419114916334531
39790042.54950306 750158628.4024245 1875396.571006061 0.0004254462432912382 0.6423369378767443
39790042.54950306 750158628.4024245 1875396.571006061 0.01141692146018259 0.6537538593369269
39790042.54950306 750158628.4024245 1875396.571006061 0.007792281966064607 0.6615461413029915
39790042.54950306 750158628.4024245 1875396.571006061 0.007570969372298224 0.6691171106752897
39790042.54950306 750158628.4024245 1875396.571006061 0.003392474844251099 0.6725095855195408
39790042.54950306 750158628.4024245 1875396.571006061 0.004305887102749959 0.6768154726222907
39790042.54950306 750158628.4024245 1875396.571006061 0.0010459498989762114 0.6778614225212669
39790042.54950306 750158628.4024245 1875396.571006061 0.01422276829894156 0.6920841908202084
39790042.54950306 750158628.4024245 1875396.571006061 0.016037153809187014 0.7081213446293955
39790042.54950306 750158628.4024245 1875396.571006061 0.0285830082191003 0.7367043528484958
39790042.54950306 750158628.4024245 1875396.571006061 0.0033555881167075196 0.7400599409652033
39790042.54950306 750158628.4024245 1875396.571006061 0.008533382865551905 0.7485933238307553
39790042.54950306 750158628.4024245 1875396.571006061 0.005675972767786158 0.7542692965985415
39790042.54950306 750158628.4024245 1875396.571006061 0.0013303465096605976 0.755599643108202
39790042.54950306 750158628.4024245 1875396.571006061 0.00019986369692794666 0.75579950680513
39790042.54950306 750158628.4024245 1875396.571006061 0.01721303679737547 0.7730125436025055
39790042.54950306 750158628.4024245 1875396.571006061 0.0010459498989762114 0.7740584935014817
39790042.54950306 750158628.4024245 1875396.571006061 0.005586923562589124 0.7796454170640709
39790042.54950306 750158628.4024245 1875396.571006061 0.014872522374140284 0.7945179394382111
39790042.54950306 750158628.4024245 1875396.571006061 0.0001322364821182583 0.7946501759203294
39790042.54950306 750158628.4024245 1875396.571006061 0.02080134052774681 0.8154515164480762
39790042.54950306 750158628.4024245 1875396.571006061 0.021541756472575162 0.8369932729206514
39790042.54950306 750158628.4024245 1875396.571006061 0.018516830616617862 0.8555101035372693
39790042.54950306 750158628.4024245 1875396.571006061 0.0028973313001258165 0.8584074348373951
39790042.54950306 750158628.4024245 1875396.571006061 0.001197175095215704 0.8596046099326108
39790042.54950306 750158628.4024245 1875396.571006061 0.00017998854510540714 0.8597845984777162
39790042.54950306 750158628.4024245 1875396.571006061 0.039987672062811216 0.8997722705405273
39790042.54950306 750158628.4024245 1875396.571006061 0.005484442900532015 0.9052567134410593
39790042.54950306 750158628.4024245 1875396.571006061 0.00043840344878248304 0.9056951168898417
39790042.54950306 750158628.4024245 1875396.571006061 0.0020683187044588007 0.9077634355943005
39790042.54950306 750158628.4024245 1875396.571006061 0.0021880813306522796 0.9099515169249528
39790042.54950306 750158628.4024245 1875396.571006061 0.027608126759292632 0.9375596436842454
39790042.54950306 750158628.4024245 1875396.571006061 0.0034348236167892014 0.9409944673010345
39790042.54950306 750158628.4024245 1875396.571006061 0.05304217140612238 0.9940366387071569
39790042.54950306 750158628.4024245 1875396.571006061 8.658422742154916e-05 0.9941232229345784
39790042.54950306 750158628.4024245 1875396.571006061 0.005182590505126478 0.9993058134397049
39790042.54950306 750158628.4024245 1875396.571006061 0.000694186560294697 0.9999999999999997
2001's generation extracting best parents:
0
0
300006.32993321994
0
0
0
0
0
0
0
0
0
157152.49847202556
0
0
1016508.7789409396
0
0
0
0
0
0
264116.67264298175
0
0
933991.4678411147
0
0
0
0
0
0
0
1110885.336181912
0
0
0
0
0
0
0
0
0
1072148.786808995
0
0
0
77210.86099766017
0
0
41569.219381653056
0
0
0
0
0
0
0
1225980.8155105852
0
0
0
0
0
0
0
0
4808664.614642198
0
0
0
709136.6429567718
2951475.018381148
0
0
0
0
64951.9052838329
0
0
1884167.3386405997
0
1143952.8216285845
21550930.72114483
21283.440323406365
0
0
0
0
0
0
0
0
280518.593551301
112338.78112210405
0
0
0
447381.0020821179
0
0
1101322.5111437612
0
0
0
0
0
388060.20151517726
0
0
0
0
0
35887.511365376115
2072430.287367949
0
0
0
0
0
474118.6349427746
0
0
0
379450.3814729931
0
0
0
0
0
0
0
135446.9848169386
0
0
137624.80235771457
0
0
77210.86099766017
0
0
2660680.1090969206
0
0
0
34315.938221182296
30491.21473473958
0
0
0
23424.77321128211
0
0
0
767953.577263626
0
0
0
923641.279354707
0
0
0
0
0
0
0
2916187.9215853014
1924884.3497727339
0
0
0
0
0
0
0
0
0
0
0
0
0
0
0
0
0
0
0
0
0
0
0
148341.52853466218
0
537657.5359687614
0
0
0
20534100.693168525
0
328872.12982556
5153657.865207585
779375.75020012
0
23775030.673839647
0
4938624.186784008
880287.9647842518
0
0
668309.8919992131
0
0
44926.153808221774
0
0
3618502.1554803583
0
0
0
0
0
0
757002.1928634024
0
13168824.983527726
0
0
469202.118869896
710344.8627251413
0
0
109133.6794944622
0
353593.1215620575
0
0
801747.13220566
0
2027877.4149617625
0
0
0
0
290516.69831526035
0
61094.02589451771
13618516.82025675
19011035.973996997
5214798.395483376
0
335166.132107646
0
68605.23315316405
62371.227340817975
0
1890202.274890177
223046.708256365
944738.7204936611
0
4490728.368538894
52404.67536394058
809543.081003105
967502.904289181
117258.3002435222
0
1727895.5488431586
40789.09167902615
7176645.725542817
8937642.314965172
2663659.5855056257
0
65180.53599043199
2450838.5360639323
1678292.8121349982
281259.43414577225
11749069.527470846
0
0
1539028.1576371498
909545.9090249377
1472939.446999774
0
997970.9129869466
757002.1928634024
26105.018674576735
3882498.7121697804
25910360.643340804
0
38584.58241318675
0
295281.87547494343
3557562.3676894265
749592.7427610275
256000.0
4762747.076136628
8428292.544420607
3479065.581068572
676850.1163477775
447381.0020821179
1905249.8894496753
0
1278643.8440785613
2027877.4149617625
3633986.0561801833
116016.02537580745
2088288.456764534
1715449.7525628665
1784418.6218754835
1998699.6043467864
441980.0608534281
1217136.4512625525
43034.056281043275
3037500.0
404792.0682226864
26069234.544240534
5880001.865816031
625233.9578109941
2785135.833450139
27541.796019867696
1130093.4645665376
3269661.756206596
26244.0
559872.0
338688.0
279382.2195058232
12244597.453001386
3250727.635606527
17864911.663649503
3831117.9282418336
1580544.0
2514241.7781844293
0
248047.50554682058
3325365.30173754
222229.67636209165
5781745.05800593
691200.0
51041.996199208355
2814982.4811135144
3467790.3723310614
12949347.41336412
248358.52896971346
1673490.8052666439
3664821.107503066
3220739.647303396
8576723.827050047
260876.0
1988774.2077812655
0
513870.12858892663
519254.69665665994
3948614.1771512697
2576662.573174842
49584.51371144019
6286645.961082905
1187667.863389424
129147.77099121765
2357072.336607428
13444895.419906545
579261.8751480198
5329389.81586898
105092.56080237078
13795673.69362091
319152.1703263194
8564502.143148776
5845447.551787972
5679428.0
2544894.276053133
3230098.3630545987
784628.3415936491
10669332.359219484
12030409.304978447
21441790.241255507
2517223.3791127875
6401390.786055167
4257879.946331977
997970.9129869466
149929.47675490633
12912508.074559644
784628.3415936491
4191078.9167010444
11156750.985069444
99198.33805059438
15604305.07922631
16159734.488846034
13890560.257722076
2173458.0741297957
898071.2273845545
135019.96012442012
29997097.22764441
4114202.1638145107
328872.12982556
1551567.1224358936
1641408.0898350659
20710474.502511233
2576662.573174842
39790042.54950306
64951.9052838329
3887764.984897107
520750.03792606684
