0 0 50 0 1.0 0.0
1 7 327 196 675.6722578291934 132431.7625345219
2 1 18 4 76.36753236814714 305.47012947258855
3 0 50 0 1.0 0.0
4 0 50 0 1.0 0.0
5 0 50 0 1.0 0.0
6 0 50 0 1.0 0.0
7 2 61 16 36.4828726939094 583.7259631025504
8 0 50 0 1.0 0.0
9 1 7 4 18.520259177452132 74.08103670980853
10 1 53 4 5.196152422706632 20.784609690826528
11 1 54 4 8.0 32.0
12 0 50 0 1.0 0.0
13 1 52 4 2.8284271247461903 11.313708498984761
14 3 23 36 110.30412503619254 3970.9485013029316
15 0 50 0 1.0 0.0
16 5 67 100 548.4186357154541 54841.863571545415
17 0 50 0 1.0 0.0
18 0 50 0 1.0 0.0
19 1 52 4 2.8284271247461903 11.313708498984761
20 0 50 0 1.0 0.0
21 2 93 16 281.96985654498604 4511.517704719777
22 4 51 64 364.21284985568536 23309.622390763863
23 0 50 0 1.0 0.0
24 1 25 4 125.0 500.0
25 2 64 16 52.38320341483518 838.1312546373629
26 9 385 324 1568.5582552140038 508212.8746893372
27 5 97 100 322.21576621884907 32221.576621884906
28 2 32 16 181.01933598375618 2896.309375740099
29 0 50 0 1.0 0.0
30 0 50 0 1.0 0.0
31 0 6 0 14.696938456699069 0.0
32 0 50 0 1.0 0.0
33 0 50 0 1.0 0.0
34 1 12 4 41.569219381653056 166.27687752661222
35 0 50 0 1.0 0.0
36 0 50 0 1.0 0.0
37 0 5 0 11.180339887498949 0.0
38 5 92 100 882.4330002895404 88243.30002895404
39 2 61 16 36.4828726939094 583.7259631025504
40 8 86 256 797.5311906126306 204167.98479683342
41 0 50 0 1.0 0.0
42 0 50 0 1.0 0.0
43 1 25 4 125.0 500.0
44 0 50 0 1.0 0.0
45 1 54 4 8.0 32.0
46 0 50 0 1.0 0.0
47 0 50 0 1.0 0.0
48 1 21 4 96.23408959407264 384.93635837629057
49 7 82 196 742.5415813272682 145538.14994014456
50 0 50 0 1.0 0.0
51 0 50 0 1.0 0.0
52 3 17 36 70.09279563550022 2523.340642878008
53 2 17 16 70.09279563550022 1121.4847301680036
54 0 50 0 1.0 0.0
55 1 52 4 2.8284271247461903 11.313708498984761
56 1 14 4 52.38320341483518 209.53281365934072
57 0 50 0 1.0 0.0
58 2 31 16 172.60069524773067 2761.6111239636907
59 3 22 36 103.18914671611545 3714.809281780156
60 0 50 0 1.0 0.0
61 5 73 100 623.7122734081797 62371.227340817975
62 1 11 4 36.4828726939094 145.9314907756376
63 1 22 4 103.18914671611545 412.7565868644618
64 3 38 36 234.2477321128211 8432.91835606156
65 2 59 16 27.0 432.0
66 1 20 4 89.44271909999159 357.77087639996637
67 1 57 4 18.520259177452132 74.08103670980853
68 1 54 4 8.0 32.0
69 2 20 16 89.44271909999159 1431.0835055998655
70 0 6 0 14.696938456699069 0.0
71 0 50 0 1.0 0.0
72 1 8 4 22.627416997969522 90.50966799187809
73 0 50 0 1.0 0.0
74 4 44 64 291.8629815512752 18679.230819281613
75 1 13 4 46.87216658103186 187.48866632412745
76 2 14 16 52.38320341483518 838.1312546373629
77 2 32 16 181.01933598375618 2896.309375740099
78 1 27 4 140.29611541307906 561.1844616523163
79 0 11 0 36.4828726939094 0.0
80 0 50 0 1.0 0.0
81 0 50 0 1.0 0.0
82 2 79 16 156.16977940690063 2498.71647051041
83 14 202 784 2870.959421517483 2250832.1864697067
84 0 50 0 1.0 0.0
85 2 63 16 46.87216658103186 749.9546652965098
86 0 50 0 1.0 0.0
87 5 64 100 512.0 51200.0
88 0 50 0 1.0 0.0
89 0 50 0 1.0 0.0
90 2 28 16 148.16207341961706 2370.593174713873
91 0 50 0 1.0 0.0
92 2 33 16 189.57056733575496 3033.1290773720793
93 2 19 16 82.8190799272728 1325.1052788363647
94 0 50 0 1.0 0.0
95 0 5 0 11.180339887498949 0.0
96 2 11 16 36.4828726939094 583.7259631025504
97 0 50 0 1.0 0.0
98 12 153 576 1892.505482158506 1090083.1577232995
99 1 32 4 181.01933598375618 724.0773439350247
100 2 17 16 70.09279563550022 1121.4847301680036
101 3 39 36 243.55492193753753 8767.977189751351
102 8 161 256 2042.8609840123727 522972.4119071674
103 2 58 16 22.627416997969522 362.03867196751236
104 7 75 196 649.519052838329 127305.73435631249
105 0 50 0 1.0 0.0
106 3 45 36 301.8691769624716 10867.290370648978
107 6 326 144 662.5526394181824 95407.58007621826
108 0 50 0 1.0 0.0
109 0 11 0 36.4828726939094 0.0
110 2 29 16 156.16977940690063 2498.71647051041
111 2 25 16 125.0 2000.0
112 1 11 4 36.4828726939094 145.9314907756376
113 0 9 0 27.0 0.0
114 8 98 256 970.1505037879432 248358.52896971346
115 5 51 100 364.21284985568536 36421.284985568534
116 0 5 0 11.180339887498949 0.0
117 0 50 0 1.0 0.0
118 4 43 64 281.96985654498604 18046.070818879107
119 0 50 0 1.0 0.0
120 1 39 4 243.55492193753753 974.2196877501501
121 0 50 0 1.0 0.0
122 6 329 144 702.1673589679315 101112.09969138213
123 1 15 4 58.09475019311125 232.379000772445
124 5 64 100 512.0 51200.0
125 0 50 0 1.0 0.0
126 1 9 4 27.0 108.0
127 4 79 64 156.16977940690063 9994.86588204164
128 1 57 4 18.520259177452132 74.08103670980853
129 1 57 4 18.520259177452132 74.08103670980853
130 1 14 4 52.38320341483518 209.53281365934072
131 1 13 4 46.87216658103186 187.48866632412745
132 1 54 4 8.0 32.0
133 0 50 0 1.0 0.0
134 0 50 0 1.0 0.0
135 1 53 4 5.196152422706632 20.784609690826528
136 0 50 0 1.0 0.0
137 0 50 0 1.0 0.0
138 1 18 4 76.36753236814714 305.47012947258855
139 2 68 16 76.36753236814714 1221.8805178903542
140 5 73 100 623.7122734081797 62371.227340817975
141 1 53 4 5.196152422706632 20.784609690826528
142 3 66 36 64.0 2304.0
143 3 77 36 140.29611541307906 5050.660154870846
144 7 89 196 839.6243207530378 164566.3668675954
145 1 54 4 8.0 32.0
146 0 8 0 22.627416997969522 0.0
147 1 9 4 27.0 108.0
148 8 68 256 560.7423650840018 143550.04546150446
149 2 15 16 58.09475019311125 929.51600308978
150 3 31 36 172.60069524773067 6213.625028918304
151 1 51 4 1.0 4.0
152 6 57 144 430.34056281043274 61969.04104470232
153 2 22 16 103.18914671611545 1651.0263474578471
154 0 50 0 1.0 0.0
155 1 7 4 18.520259177452132 74.08103670980853
156 8 128 256 1448.1546878700494 370727.60009473265
157 1 11 4 36.4828726939094 145.9314907756376
158 2 13 16 46.87216658103186 749.9546652965098
159 0 50 0 1.0 0.0
160 1 54 4 8.0 32.0
161 1 17 4 70.09279563550022 280.3711825420009
162 0 50 0 1.0 0.0
163 1 55 4 11.180339887498949 44.721359549995796
164 2 10 16 31.622776601683793 505.9644256269407
165 0 50 0 1.0 0.0
166 0 50 0 1.0 0.0
167 2 84 16 198.25236442474022 3172.0378307958435
168 8 106 256 1091.336794944622 279382.2195058232
169 0 50 0 1.0 0.0
170 0 50 0 1.0 0.0
171 0 50 0 1.0 0.0
172 1 55 4 11.180339887498949 44.721359549995796
173 0 50 0 1.0 0.0
174 0 50 0 1.0 0.0
175 0 50 0 1.0 0.0
176 0 50 0 1.0 0.0
177 0 50 0 1.0 0.0
178 7 60 196 464.75800154489 91092.56830279845
179 0 50 0 1.0 0.0
180 0 50 0 1.0 0.0
181 0 17 0 70.09279563550022 0.0
182 1 7 4 18.520259177452132 74.08103670980853
183 0 50 0 1.0 0.0
184 0 50 0 1.0 0.0
185 3 49 36 343.0 12348.0
186 2 85 16 207.06279240848656 3313.004678535785
187 4 67 64 70.09279563550022 4485.938920672014
188 3 27 36 140.29611541307906 5050.660154870846
189 2 46 16 311.9871792237623 4991.794867580197
190 4 62 64 488.18848818873226 31244.063244078865
191 0 50 0 1.0 0.0
192 9 102 324 1030.1495037129318 333768.4392029899
193 2 30 16 164.31676725154983 2629.0682760247973
194 1 7 4 18.520259177452132 74.08103670980853
195 0 50 0 1.0 0.0
196 1 56 4 14.696938456699069 58.787753826796276
197 0 50 0 1.0 0.0
198 7 333 196 756.1659870689768 148208.53346551946
199 1 54 4 8.0 32.0
200 1 12 4 41.569219381653056 166.27687752661222
201 11 138 484 1621.132937176961 784628.3415936491
202 9 126 324 1414.3464922005498 458248.26347297814
203 9 96 324 940.6040612287404 304755.7158381119
204 5 92 100 882.4330002895404 88243.30002895404
205 0 50 0 1.0 0.0
206 5 103 100 385.84582413186746 38584.58241318675
207 1 53 4 5.196152422706632 20.784609690826528
208 2 61 16 36.4828726939094 583.7259631025504
209 10 114 400 1217.1869207315694 486874.76829262776
210 1 54 4 8.0 32.0
211 3 37 36 225.06221362103412 8102.239690357228
212 7 79 196 702.1673589679315 137624.80235771457
213 4 45 64 301.8691769624716 19319.627325598183
214 9 86 324 797.5311906126306 258400.1057584923
215 0 50 0 1.0 0.0
216 11 169 484 2197.0 1063348.0
217 0 50 0 1.0 0.0
218 3 92 36 272.19110933313016 9798.879935992685
219 2 22 16 103.18914671611545 1651.0263474578471
220 0 50 0 1.0 0.0
221 1 9 4 27.0 108.0
222 3 34 36 198.25236442474022 7137.085119290648
223 1 54 4 8.0 32.0
224 2 22 16 103.18914671611545 1651.0263474578471
225 0 50 0 1.0 0.0
226 0 50 0 1.0 0.0
227 5 95 100 301.8691769624716 30186.91769624716
228 12 141 576 1674.2822342723464 964386.5669408715
229 1 57 4 18.520259177452132 74.08103670980853
230 7 116 196 1249.358235255205 244874.2141100202
231 4 82 64 181.01933598375618 11585.237502960395
232 3 62 36 488.18848818873226 17574.78557479436
233 1 16 4 64.0 256.0
234 7 74 196 636.5720697611544 124768.12567318625
235 3 44 36 291.8629815512752 10507.067335845906
236 0 50 0 1.0 0.0
237 7 55 196 407.8909167902615 79946.61969089125
238 3 34 36 198.25236442474022 7137.085119290648
239 6 328 144 688.877347573572 99198.33805059438
240 0 50 0 1.0 0.0
241 6 74 144 636.5720697611544 91666.37804560622
242 8 71 256 598.2566338955214 153153.69827725348
243 0 50 0 1.0 0.0
244 6 103 144 1045.3358312044986 150528.3596934478
245 0 50 0 1.0 0.0
246 4 45 64 301.8691769624716 19319.627325598183
247 1 17 4 70.09279563550022 280.3711825420009
248 1 54 4 8.0 32.0
249 5 92 100 272.19110933313016 27219.110933313015
250 6 327 144 675.6722578291934 97296.80512740386
251 0 50 0 1.0 0.0
252 12 127 576 1431.21731403725 824381.172885456
253 5 59 100 453.18759912424787 45318.759912424786
254 8 373 256 1364.1359902883582 349218.8135138197
255 8 96 256 940.6040612287404 240794.63967455755
256 6 301 144 364.21284985568536 52446.65037921869
257 6 89 144 839.6243207530378 120905.90218843744
258 4 51 64 364.21284985568536 23309.622390763863
259 8 102 256 1030.1495037129318 263718.27295051055
260 5 43 100 281.96985654498604 28196.985654498603
261 0 50 0 1.0 0.0
262 11 125 484 1397.5424859373686 676410.5631936864
263 8 106 256 1091.336794944622 279382.2195058232
264 15 161 900 2042.8609840123727 1838574.8856111355
265 5 64 100 512.0 51200.0
266 9 122 324 1347.5340440968457 436601.030287378
267 7 51 196 364.21284985568536 71385.71857171433
268 0 50 0 1.0 0.0
269 12 183 576 2475.578114299769 1425932.993836667
270 10 97 400 955.3392067742221 382135.68270968884
271 3 72 36 103.18914671611545 3714.809281780156
272 9 112 324 1185.2965873569365 384036.0943036474
273 1 52 4 2.8284271247461903 11.313708498984761
274 6 86 144 797.5311906126306 114844.4914482188
275 6 61 144 476.42523023030594 68605.23315316405
276 8 72 256 610.9402589451771 156400.70628996534
277 1 10 4 31.622776601683793 126.49110640673517
278 0 50 0 1.0 0.0
279 8 71 256 598.2566338955214 153153.69827725348
280 11 151 484 1855.5190648441207 898071.2273845545
281 0 50 0 1.0 0.0
282 0 50 0 1.0 0.0
283 7 113 196 1201.2064768390153 235436.469460447
284 8 79 256 702.1673589679315 179754.84389579046
285 2 11 16 36.4828726939094 583.7259631025504
286 7 333 196 756.1659870689768 148208.53346551946
287 7 138 196 1621.132937176961 317742.0556866843
288 8 94 256 911.3638131942698 233309.13617773307
289 10 231 400 3510.8960394748233 1404358.4157899292
290 5 79 100 702.1673589679315 70216.73589679315
291 5 82 100 181.01933598375618 18101.933598375617
292 4 59 64 453.18759912424787 29004.006343951864
293 3 32 36 181.01933598375618 6516.696095415223
294 9 114 324 1217.1869207315694 394368.5623170285
295 4 50 64 353.5533905932738 22627.41699796952
296 8 100 256 1000.0 256000.0
297 12 129 576 1465.1583532164707 843931.2114526872
298 9 89 324 839.6243207530378 272038.27992398426
299 11 137 484 1603.5438877685885 776115.2416799968
300 7 94 196 911.3638131942698 178627.3073860769
301 5 32 100 181.01933598375618 18101.933598375617
302 2 16 16 64.0 1024.0
303 8 76 256 662.5526394181824 169613.4756910547
304 6 49 144 343.0 49392.0
305 0 50 0 1.0 0.0
306 13 396 676 1764.1247121448075 1192548.30540989
307 9 352 324 1030.1495037129318 333768.4392029899
308 13 141 676 1674.2822342723464 1131814.7903681062
309 7 98 196 970.1505037879432 190149.49874243687
310 5 90 100 853.8149682454624 85381.49682454624
311 5 70 100 585.6620185738528 58566.201857385284
312 7 96 196 940.6040612287404 184358.39600083313
313 8 140 256 1656.5023392678925 424064.5988525805
314 6 62 144 488.18848818873226 70299.14229917745
315 1 57 4 18.520259177452132 74.08103670980853
316 5 85 100 783.6612788698955 78366.12788698955
317 8 119 256 1298.13674164165 332323.0058602624
318 10 124 400 1380.8055619818454 552322.2247927381
319 8 123 256 1364.1359902883582 349218.8135138197
320 9 106 324 1091.336794944622 353593.1215620575
321 4 62 64 488.18848818873226 31244.063244078865
322 8 147 256 1782.2802809883747 456263.7519330239
323 4 39 64 243.55492193753753 15587.515004002402
324 10 130 400 1482.2280526288794 592891.2210515518
325 4 55 64 407.8909167902615 26105.018674576735
326 5 69 100 573.1570465413472 57315.70465413472
327 19 340 1444 6269.290230959164 9052855.093505032
328 12 129 576 1465.1583532164707 843931.2114526872
329 7 46 196 311.9871792237623 61149.487127857414
330 11 146 484 1764.1247121448075 853836.3606780869
331 3 44 36 291.8629815512752 10507.067335845906
332 7 105 196 1075.929830425758 210882.24676344855
333 11 147 484 1782.2802809883747 862623.6559983733
334 12 184 576 2495.8974337900986 1437636.9218630968
335 0 50 0 1.0 0.0
336 9 152 324 1873.9818569025688 607170.1216364322
337 10 114 400 1217.1869207315694 486874.76829262776
338 8 309 256 453.18759912424787 116016.02537580745
339 11 205 484 2935.1533179716525 1420614.2058982798
340 9 109 324 1137.99340947125 368709.864668685
341 11 73 484 623.7122734081797 301876.74032955896
342 6 304 144 396.81733833087486 57141.69671964598
343 6 94 144 911.3638131942698 131236.38909997485
344 8 138 256 1621.132937176961 415010.031917302
345 11 172 484 2255.7588523598884 1091787.284542186
346 5 40 100 252.98221281347034 25298.221281347032
347 5 107 100 430.34056281043274 43034.056281043275
348 8 86 256 797.5311906126306 204167.98479683342
349 13 390 676 1656.5023392678925 1119795.5813450953
350 11 135 484 1568.5582552140038 759182.1955235779
351 12 186 576 2536.7017956393693 1461140.2342882766
352 0 50 0 1.0 0.0
353 7 96 196 940.6040612287404 184358.39600083313
354 9 87 324 811.4819776187269 262920.1607484675
355 11 154 484 1911.089741482592 924967.4348775746
356 14 190 784 2618.969262897142 2053271.9021113594
357 12 172 576 2255.7588523598884 1299317.0989592958
358 7 90 196 853.8149682454624 167347.73377611063
359 9 69 324 573.1570465413472 185702.8830793965
360 10 113 400 1201.2064768390153 480482.5907356061
361 6 76 144 662.5526394181824 95407.58007621826
362 8 98 256 970.1505037879432 248358.52896971346
363 12 117 576 1265.5484976878602 728955.9346682074
364 11 140 484 1656.5023392678925 801747.13220566
365 9 118 324 1281.8080979616254 415305.82373956667
366 4 70 64 89.44271909999159 5724.334022399462
367 12 125 576 1397.5424859373686 804984.4718999243
368 13 113 676 1201.2064768390153 812015.5783431743
369 16 439 1024 2598.3204190399615 2660680.1090969206
370 13 219 676 3240.9040405417745 2190851.1314062397
371 7 62 196 488.18848818873226 95684.94368499152
372 4 38 64 234.2477321128211 14991.85485522055
373 8 88 256 825.5131737289236 211331.37247460443
374 9 102 324 1030.1495037129318 333768.4392029899
375 9 122 324 1347.5340440968457 436601.030287378
376 10 137 400 1603.5438877685885 641417.5551074354
377 8 304 256 396.81733833087486 101585.23861270396
378 9 121 324 1331.0 431244.0
379 8 313 256 500.0469977912076 128012.03143454915
380 10 128 400 1448.1546878700494 579261.8751480198
381 7 95 196 925.9454627568516 181485.3107003429
382 5 41 100 262.5280937347468 26252.80937347468
383 12 143 576 1710.0312862634999 984978.0208877759
384 7 123 196 1364.1359902883582 267370.65409651824
385 9 111 324 1169.4575665666541 378904.25156759593
386 14 141 784 1674.2822342723464 1312637.2716695196
387 6 82 144 742.5415813272682 106925.98771112663
388 9 119 324 1298.13674164165 420596.30429189454
389 8 83 256 756.1659870689768 193578.49268965807
390 8 78 256 688.877347573572 176352.60097883444
391 11 125 484 1397.5424859373686 676410.5631936864
392 11 115 484 1233.2376088978149 596887.0027065424
393 10 121 400 1331.0 532400.0
394 5 39 100 243.55492193753753 24355.49219375375
395 13 153 676 1892.505482158506 1279333.7059391502
396 8 95 256 925.9454627568516 237042.038465754
397 8 68 256 560.7423650840018 143550.04546150446
398 12 117 576 1265.5484976878602 728955.9346682074
399 12 211 576 3064.9520387764633 1765412.374335243
1101's generation fitness ratios and roulette cutoffs:
9052855.093505032 83798108.77440947 209495.2719360237 0.0 0.0
9052855.093505032 83798108.77440947 209495.2719360237 0.0015803669613957245 0.0015803669613957245
9052855.093505032 83798108.77440947 209495.2719360237 3.645310543880365e-06 0.0015840122719396048
9052855.093505032 83798108.77440947 209495.2719360237 0.0 0.0015840122719396048
9052855.093505032 83798108.77440947 209495.2719360237 0.0 0.0015840122719396048
9052855.093505032 83798108.77440947 209495.2719360237 0.0 0.0015840122719396048
9052855.093505032 83798108.77440947 209495.2719360237 0.0 0.0015840122719396048
9052855.093505032 83798108.77440947 209495.2719360237 6.965860824782843e-06 0.0015909781327643876
9052855.093505032 83798108.77440947 209495.2719360237 0.0 0.0015909781327643876
9052855.093505032 83798108.77440947 209495.2719360237 8.840418691218915e-07 0.0015918621746335096
9052855.093505032 83798108.77440947 209495.2719360237 2.480319662915089e-07 0.0015921102065998012
9052855.093505032 83798108.77440947 209495.2719360237 3.8187019334942627e-07 0.0015924920767931507
9052855.093505032 83798108.77440947 209495.2719360237 0.0 0.0015924920767931507
9052855.093505032 83798108.77440947 209495.2719360237 1.3501150162519868e-07 0.001592627088294776
9052855.093505032 83798108.77440947 209495.2719360237 4.73870897491614e-05 0.0016400141780439372
9052855.093505032 83798108.77440947 209495.2719360237 0.0 0.0016400141780439372
9052855.093505032 83798108.77440947 209495.2719360237 0.0006544522826784033 0.0022944664607223407
9052855.093505032 83798108.77440947 209495.2719360237 0.0 0.0022944664607223407
9052855.093505032 83798108.77440947 209495.2719360237 0.0 0.0022944664607223407
9052855.093505032 83798108.77440947 209495.2719360237 1.3501150162519868e-07 0.002294601472223966
9052855.093505032 83798108.77440947 209495.2719360237 0.0 0.002294601472223966
9052855.093505032 83798108.77440947 209495.2719360237 5.3837941818771904e-05 0.002348439414042738
9052855.093505032 83798108.77440947 209495.2719360237 0.00027816406278947226 0.0026266034768322104
9052855.093505032 83798108.77440947 209495.2719360237 0.0 0.0026266034768322104
9052855.093505032 83798108.77440947 209495.2719360237 5.966721771084786e-06 0.002632570198603295
9052855.093505032 83798108.77440947 209495.2719360237 1.0001792008142719e-05 0.0026425719906114377
9052855.093505032 83798108.77440947 209495.2719360237 0.006064729647508905 0.008707301638120342
9052855.093505032 83798108.77440947 209495.2719360237 0.00038451436545695444 0.009091816003577296
9052855.093505032 83798108.77440947 209495.2719360237 3.456294441605086e-05 0.009126378947993346
9052855.093505032 83798108.77440947 209495.2719360237 0.0 0.009126378947993346
9052855.093505032 83798108.77440947 209495.2719360237 0.0 0.009126378947993346
9052855.093505032 83798108.77440947 209495.2719360237 0.0 0.009126378947993346
9052855.093505032 83798108.77440947 209495.2719360237 0.0 0.009126378947993346
9052855.093505032 83798108.77440947 209495.2719360237 0.0 0.009126378947993346
9052855.093505032 83798108.77440947 209495.2719360237 1.984255730332071e-06 0.009128363203723679
9052855.093505032 83798108.77440947 209495.2719360237 0.0 0.009128363203723679
9052855.093505032 83798108.77440947 209495.2719360237 0.0 0.009128363203723679
9052855.093505032 83798108.77440947 209495.2719360237 0.0 0.009128363203723679
9052855.093505032 83798108.77440947 209495.2719360237 0.0010530464388702535 0.010181409642593932
9052855.093505032 83798108.77440947 209495.2719360237 6.965860824782843e-06 0.010188375503418714
9052855.093505032 83798108.77440947 209495.2719360237 0.002436427119691547 0.012624802623110262
9052855.093505032 83798108.77440947 209495.2719360237 0.0 0.012624802623110262
9052855.093505032 83798108.77440947 209495.2719360237 0.0 0.012624802623110262
9052855.093505032 83798108.77440947 209495.2719360237 5.966721771084786e-06 0.012630769344881347
9052855.093505032 83798108.77440947 209495.2719360237 0.0 0.012630769344881347
9052855.093505032 83798108.77440947 209495.2719360237 3.8187019334942627e-07 0.012631151215074696
9052855.093505032 83798108.77440947 209495.2719360237 0.0 0.012631151215074696
9052855.093505032 83798108.77440947 209495.2719360237 0.0 0.012631151215074696
9052855.093505032 83798108.77440947 209495.2719360237 4.593616300011817e-06 0.012635744831374708
9052855.093505032 83798108.77440947 209495.2719360237 0.001736771295542525 0.014372516126917232
9052855.093505032 83798108.77440947 209495.2719360237 0.0 0.014372516126917232
9052855.093505032 83798108.77440947 209495.2719360237 0.0 0.014372516126917232
9052855.093505032 83798108.77440947 209495.2719360237 3.011214309944658e-05 0.014402628270016678
9052855.093505032 83798108.77440947 209495.2719360237 1.3383174710865147e-05 0.014416011444727542
9052855.093505032 83798108.77440947 209495.2719360237 0.0 0.014416011444727542
9052855.093505032 83798108.77440947 209495.2719360237 1.3501150162519868e-07 0.014416146456229167
9052855.093505032 83798108.77440947 209495.2719360237 2.5004480020356797e-06 0.014418646904231202
9052855.093505032 83798108.77440947 209495.2719360237 0.0 0.014418646904231202
9052855.093505032 83798108.77440947 209495.2719360237 3.295553043324816e-05 0.014451602434664451
9052855.093505032 83798108.77440947 209495.2719360237 4.433046683405099e-05 0.014495932901498502
9052855.093505032 83798108.77440947 209495.2719360237 0.0 0.014495932901498502
9052855.093505032 83798108.77440947 209495.2719360237 0.0007443035201274745 0.015240236421625976
9052855.093505032 83798108.77440947 209495.2719360237 1.7414652061957107e-06 0.015241977886832172
9052855.093505032 83798108.77440947 209495.2719360237 4.925607426005665e-06 0.015246903494258179
9052855.093505032 83798108.77440947 209495.2719360237 0.00010063375509778607 0.015347537249355964
9052855.093505032 83798108.77440947 209495.2719360237 5.1552476102172545e-06 0.015352692496966181
9052855.093505032 83798108.77440947 209495.2719360237 4.269438554551527e-06 0.015356961935520733
9052855.093505032 83798108.77440947 209495.2719360237 8.840418691218915e-07 0.015357845977389855
9052855.093505032 83798108.77440947 209495.2719360237 3.8187019334942627e-07 0.015358227847583204
9052855.093505032 83798108.77440947 209495.2719360237 1.7077754218206108e-05 0.01537530560180141
9052855.093505032 83798108.77440947 209495.2719360237 0.0 0.01537530560180141
9052855.093505032 83798108.77440947 209495.2719360237 0.0 0.01537530560180141
9052855.093505032 83798108.77440947 209495.2719360237 1.0800920130015894e-06 0.015376385693814412
9052855.093505032 83798108.77440947 209495.2719360237 0.0 0.015376385693814412
9052855.093505032 83798108.77440947 209495.2719360237 0.00022290754639305097 0.015599293240207462
9052855.093505032 83798108.77440947 209495.2719360237 2.237385414375644e-06 0.015601530625621838
9052855.093505032 83798108.77440947 209495.2719360237 1.0001792008142719e-05 0.01561153241762998
9052855.093505032 83798108.77440947 209495.2719360237 3.456294441605086e-05 0.01564609536204603
9052855.093505032 83798108.77440947 209495.2719360237 6.696863089870741e-06 0.0156527922251359
9052855.093505032 83798108.77440947 209495.2719360237 0.0 0.0156527922251359
9052855.093505032 83798108.77440947 209495.2719360237 0.0 0.0156527922251359
9052855.093505032 83798108.77440947 209495.2719360237 0.0 0.0156527922251359
9052855.093505032 83798108.77440947 209495.2719360237 2.9818291928725197e-05 0.015682610517064627
9052855.093505032 83798108.77440947 209495.2719360237 0.026860178820134337 0.04254278933719896
9052855.093505032 83798108.77440947 209495.2719360237 0.0 0.04254278933719896
9052855.093505032 83798108.77440947 209495.2719360237 8.949541657502576e-06 0.042551738878856465
9052855.093505032 83798108.77440947 209495.2719360237 0.0 0.042551738878856465
9052855.093505032 83798108.77440947 209495.2719360237 0.0006109923093590821 0.04316273118821555
9052855.093505032 83798108.77440947 209495.2719360237 0.0 0.04316273118821555
9052855.093505032 83798108.77440947 209495.2719360237 0.0 0.04316273118821555
9052855.093505032 83798108.77440947 209495.2719360237 2.8289339811900528e-05 0.04319102052802745
9052855.093505032 83798108.77440947 209495.2719360237 0.0 0.04319102052802745
9052855.093505032 83798108.77440947 209495.2719360237 3.619567460093259e-05 0.043227216202628385
9052855.093505032 83798108.77440947 209495.2719360237 1.5813069032424626e-05 0.04324302927166081
9052855.093505032 83798108.77440947 209495.2719360237 0.0 0.04324302927166081
9052855.093505032 83798108.77440947 209495.2719360237 0.0 0.04324302927166081
9052855.093505032 83798108.77440947 209495.2719360237 6.965860824782843e-06 0.04324999513248559
9052855.093505032 83798108.77440947 209495.2719360237 0.0 0.04324999513248559
9052855.093505032 83798108.77440947 209495.2719360237 0.013008445818960922 0.05625844095144651
9052855.093505032 83798108.77440947 209495.2719360237 8.640736104012715e-06 0.05626708168755053
9052855.093505032 83798108.77440947 209495.2719360237 1.3383174710865147e-05 0.05628046486226139
9052855.093505032 83798108.77440947 209495.2719360237 0.00010463216077292836 0.05638509702303432
9052855.093505032 83798108.77440947 209495.2719360237 0.006240861751606432 0.06262595877464075
9052855.093505032 83798108.77440947 209495.2719360237 4.320368052006358e-06 0.06263027914269276
9052855.093505032 83798108.77440947 209495.2719360237 0.0015191957935354922 0.06414947493622825
9052855.093505032 83798108.77440947 209495.2719360237 0.0 0.06414947493622825
9052855.093505032 83798108.77440947 209495.2719360237 0.00012968419609450262 0.06427915913232275
9052855.093505032 83798108.77440947 209495.2719360237 0.001138540970334573 0.06541770010265732
9052855.093505032 83798108.77440947 209495.2719360237 0.0 0.06541770010265732
9052855.093505032 83798108.77440947 209495.2719360237 0.0 0.06541770010265732
9052855.093505032 83798108.77440947 209495.2719360237 2.9818291928725197e-05 0.06544751839458605
9052855.093505032 83798108.77440947 209495.2719360237 2.3866887084339143e-05 0.06547138528167039
9052855.093505032 83798108.77440947 209495.2719360237 1.7414652061957107e-06 0.06547312674687658
9052855.093505032 83798108.77440947 209495.2719360237 0.0 0.06547312674687658
9052855.093505032 83798108.77440947 209495.2719360237 0.0029637724836763615 0.06843689923055295
9052855.093505032 83798108.77440947 209495.2719360237 0.0004346313481085504 0.0688715305786615
9052855.093505032 83798108.77440947 209495.2719360237 0.0 0.0688715305786615
9052855.093505032 83798108.77440947 209495.2719360237 0.0 0.0688715305786615
9052855.093505032 83798108.77440947 209495.2719360237 0.00021535176727508761 0.06908688234593659
9052855.093505032 83798108.77440947 209495.2719360237 0.0 0.06908688234593659
9052855.093505032 83798108.77440947 209495.2719360237 1.1625795641436485e-05 0.06909850814157803
9052855.093505032 83798108.77440947 209495.2719360237 0.0 0.06909850814157803
9052855.093505032 83798108.77440947 209495.2719360237 0.00120661553309733 0.07030512367467535
9052855.093505032 83798108.77440947 209495.2719360237 2.773081686103752e-06 0.07030789675636145
9052855.093505032 83798108.77440947 209495.2719360237 0.0006109923093590821 0.07091888906572054
9052855.093505032 83798108.77440947 209495.2719360237 0.0 0.07091888906572054
9052855.093505032 83798108.77440947 209495.2719360237 1.2888119025543136e-06 0.0709201778776231
9052855.093505032 83798108.77440947 209495.2719360237 0.00011927316771490079 0.071039451045338
9052855.093505032 83798108.77440947 209495.2719360237 8.840418691218915e-07 0.07104033508720713
9052855.093505032 83798108.77440947 209495.2719360237 8.840418691218915e-07 0.07104121912907625
9052855.093505032 83798108.77440947 209495.2719360237 2.5004480020356797e-06 0.0710437195770783
9052855.093505032 83798108.77440947 209495.2719360237 2.237385414375644e-06 0.07104595696249266
9052855.093505032 83798108.77440947 209495.2719360237 3.8187019334942627e-07 0.07104633883268602
9052855.093505032 83798108.77440947 209495.2719360237 0.0 0.07104633883268602
9052855.093505032 83798108.77440947 209495.2719360237 0.0 0.07104633883268602
9052855.093505032 83798108.77440947 209495.2719360237 2.480319662915089e-07 0.0710465868646523
9052855.093505032 83798108.77440947 209495.2719360237 0.0 0.0710465868646523
9052855.093505032 83798108.77440947 209495.2719360237 0.0 0.0710465868646523
9052855.093505032 83798108.77440947 209495.2719360237 3.645310543880365e-06 0.07105023217519618
9052855.093505032 83798108.77440947 209495.2719360237 1.458124217552146e-05 0.0710648134173717
9052855.093505032 83798108.77440947 209495.2719360237 0.0007443035201274745 0.07180911693749917
9052855.093505032 83798108.77440947 209495.2719360237 2.480319662915089e-07 0.07180936496946545
9052855.093505032 83798108.77440947 209495.2719360237 2.7494653921158692e-05 0.07183685962338661
9052855.093505032 83798108.77440947 209495.2719360237 6.0271767808836665e-05 0.07189713139119544
9052855.093505032 83798108.77440947 209495.2719360237 0.0019638434479544147 0.07386097483914986
9052855.093505032 83798108.77440947 209495.2719360237 3.8187019334942627e-07 0.07386135670934321
9052855.093505032 83798108.77440947 209495.2719360237 0.0 0.07386135670934321
9052855.093505032 83798108.77440947 209495.2719360237 1.2888119025543136e-06 0.07386264552124577
9052855.093505032 83798108.77440947 209495.2719360237 0.0017130463629907388 0.07557569188423652
9052855.093505032 83798108.77440947 209495.2719360237 1.1092326744415007e-05 0.07558678421098093
9052855.093505032 83798108.77440947 209495.2719360237 7.414994347480835e-05 0.07566093415445574
9052855.093505032 83798108.77440947 209495.2719360237 4.773377416867828e-08 0.07566098188822991
9052855.093505032 83798108.77440947 209495.2719360237 0.0007395040526693439 0.07640048594089925
9052855.093505032 83798108.77440947 209495.2719360237 1.970242970402266e-05 0.07642018837060327
9052855.093505032 83798108.77440947 209495.2719360237 0.0 0.07642018837060327
9052855.093505032 83798108.77440947 209495.2719360237 8.840418691218915e-07 0.0764210724124724
9052855.093505032 83798108.77440947 209495.2719360237 0.00442405688525451 0.0808451292977269
9052855.093505032 83798108.77440947 209495.2719360237 1.7414652061957107e-06 0.08084687076293309
9052855.093505032 83798108.77440947 209495.2719360237 8.949541657502576e-06 0.0808558203045906
9052855.093505032 83798108.77440947 209495.2719360237 0.0 0.0808558203045906
9052855.093505032 83798108.77440947 209495.2719360237 3.8187019334942627e-07 0.08085620217478395
9052855.093505032 83798108.77440947 209495.2719360237 3.3457936777162867e-06 0.08085954796846168
9052855.093505032 83798108.77440947 209495.2719360237 0.0 0.08085954796846168
9052855.093505032 83798108.77440947 209495.2719360237 5.336798193189409e-07 0.080860081648281
9052855.093505032 83798108.77440947 209495.2719360237 6.037897907565352e-06 0.08086611954618857
9052855.093505032 83798108.77440947 209495.2719360237 0.0 0.08086611954618857
9052855.093505032 83798108.77440947 209495.2719360237 0.0 0.08086611954618857
9052855.093505032 83798108.77440947 209495.2719360237 3.7853334367428234e-05 0.080903972880556
9052855.093505032 83798108.77440947 209495.2719360237 0.003333991943158768 0.08423796482371476
9052855.093505032 83798108.77440947 209495.2719360237 0.0 0.08423796482371476
9052855.093505032 83798108.77440947 209495.2719360237 0.0 0.08423796482371476
9052855.093505032 83798108.77440947 209495.2719360237 0.0 0.08423796482371476
9052855.093505032 83798108.77440947 209495.2719360237 5.336798193189409e-07 0.08423849850353408
9052855.093505032 83798108.77440947 209495.2719360237 0.0 0.08423849850353408
9052855.093505032 83798108.77440947 209495.2719360237 0.0 0.08423849850353408
9052855.093505032 83798108.77440947 209495.2719360237 0.0 0.08423849850353408
9052855.093505032 83798108.77440947 209495.2719360237 0.0 0.08423849850353408
9052855.093505032 83798108.77440947 209495.2719360237 0.0 0.08423849850353408
9052855.093505032 83798108.77440947 209495.2719360237 0.0010870480209526708 0.08532554652448676
9052855.093505032 83798108.77440947 209495.2719360237 0.0 0.08532554652448676
9052855.093505032 83798108.77440947 209495.2719360237 0.0 0.08532554652448676
9052855.093505032 83798108.77440947 209495.2719360237 0.0 0.08532554652448676
9052855.093505032 83798108.77440947 209495.2719360237 8.840418691218915e-07 0.08532643056635589
9052855.093505032 83798108.77440947 209495.2719360237 0.0 0.08532643056635589
9052855.093505032 83798108.77440947 209495.2719360237 0.0 0.08532643056635589
9052855.093505032 83798108.77440947 209495.2719360237 0.00014735416085870986 0.08547378472721459
9052855.093505032 83798108.77440947 209495.2719360237 3.9535554286250436e-05 0.08551332028150084
9052855.093505032 83798108.77440947 209495.2719360237 5.353269884346059e-05 0.0855668529803443
9052855.093505032 83798108.77440947 209495.2719360237 6.0271767808836665e-05 0.08562712474815314
9052855.093505032 83798108.77440947 209495.2719360237 5.9569302226360114e-05 0.0856866940503795
9052855.093505032 83798108.77440947 209495.2719360237 0.0003728492647511906 0.08605954331513069
9052855.093505032 83798108.77440947 209495.2719360237 0.0 0.08605954331513069
9052855.093505032 83798108.77440947 209495.2719360237 0.0039830068253869375 0.09004255014051762
9052855.093505032 83798108.77440947 209495.2719360237 3.1373837840451e-05 0.09007392397835808
9052855.093505032 83798108.77440947 209495.2719360237 8.840418691218915e-07 0.0900748080202272
9052855.093505032 83798108.77440947 209495.2719360237 0.0 0.0900748080202272
9052855.093505032 83798108.77440947 209495.2719360237 7.015403412630365e-07 0.09007550956056846
9052855.093505032 83798108.77440947 209495.2719360237 0.0 0.09007550956056846
9052855.093505032 83798108.77440947 209495.2719360237 0.001768638166578526 0.091844147727147
9052855.093505032 83798108.77440947 209495.2719360237 3.8187019334942627e-07 0.09184452959734035
9052855.093505032 83798108.77440947 209495.2719360237 1.984255730332071e-06 0.09184651385307069
9052855.093505032 83798108.77440947 209495.2719360237 0.009363318015993952 0.10120983186906464
9052855.093505032 83798108.77440947 209495.2719360237 0.005468479780452031 0.10667831164951667
9052855.093505032 83798108.77440947 209495.2719360237 0.003636785129107581 0.11031509677862425
9052855.093505032 83798108.77440947 209495.2719360237 0.0010530464388702535 0.1113681432174945
9052855.093505032 83798108.77440947 209495.2719360237 0.0 0.1113681432174945
9052855.093505032 83798108.77440947 209495.2719360237 0.000460446935825953 0.11182859015332045
9052855.093505032 83798108.77440947 209495.2719360237 2.480319662915089e-07 0.11182883818528673
9052855.093505032 83798108.77440947 209495.2719360237 6.965860824782843e-06 0.11183580404611151
9052855.093505032 83798108.77440947 209495.2719360237 0.005810092559526965 0.11764589660563848
9052855.093505032 83798108.77440947 209495.2719360237 3.8187019334942627e-07 0.11764627847583184
9052855.093505032 83798108.77440947 209495.2719360237 9.668761991000345e-05 0.11774296609574185
9052855.093505032 83798108.77440947 209495.2719360237 0.0016423378089380325 0.11938530390467988
9052855.093505032 83798108.77440947 209495.2719360237 0.00023054968194578243 0.11961585358662567
9052855.093505032 83798108.77440947 209495.2719360237 0.0030836030733596143 0.12269945665998529
9052855.093505032 83798108.77440947 209495.2719360237 0.0 0.12269945665998529
9052855.093505032 83798108.77440947 209495.2719360237 0.01268940332367893 0.1353888599836642
9052855.093505032 83798108.77440947 209495.2719360237 0.0 0.1353888599836642
9052855.093505032 83798108.77440947 209495.2719360237 0.00011693438049266689 0.13550579436415688
9052855.093505032 83798108.77440947 209495.2719360237 1.970242970402266e-05 0.13552549679386092
9052855.093505032 83798108.77440947 209495.2719360237 0.0 0.13552549679386092
9052855.093505032 83798108.77440947 209495.2719360237 1.2888119025543136e-06 0.13552678560576348
9052855.093505032 83798108.77440947 209495.2719360237 8.517000232671353e-05 0.1356119556080902
9052855.093505032 83798108.77440947 209495.2719360237 3.8187019334942627e-07 0.13561233747828355
9052855.093505032 83798108.77440947 209495.2719360237 1.970242970402266e-05 0.13563203990798758
9052855.093505032 83798108.77440947 209495.2719360237 0.0 0.13563203990798758
9052855.093505032 83798108.77440947 209495.2719360237 0.0 0.13563203990798758
9052855.093505032 83798108.77440947 209495.2719360237 0.000360233878040285 0.13599227378602788
9052855.093505032 83798108.77440947 209495.2719360237 0.011508452649415626 0.1475007264354435
9052855.093505032 83798108.77440947 209495.2719360237 8.840418691218915e-07 0.14750161047731264
9052855.093505032 83798108.77440947 209495.2719360237 0.0029221926090150694 0.15042380308632772
9052855.093505032 83798108.77440947 209495.2719360237 0.00013825177766420345 0.15056205486399193
9052855.093505032 83798108.77440947 209495.2719360237 0.0002097277114225447 0.1507717825754145
9052855.093505032 83798108.77440947 209495.2719360237 3.05496154679541e-06 0.15077483753696128
9052855.093505032 83798108.77440947 209495.2719360237 0.001488913383583286 0.15226375092054456
9052855.093505032 83798108.77440947 209495.2719360237 0.00012538549484609118 0.15238913641539065
9052855.093505032 83798108.77440947 209495.2719360237 0.0 0.15238913641539065
9052855.093505032 83798108.77440947 209495.2719360237 0.0009540384724685529 0.1533431748878592
9052855.093505032 83798108.77440947 209495.2719360237 8.517000232671353e-05 0.15342834489018592
9052855.093505032 83798108.77440947 209495.2719360237 0.0011837777666038195 0.15461212265678975
9052855.093505032 83798108.77440947 209495.2719360237 0.0 0.15461212265678975
9052855.093505032 83798108.77440947 209495.2719360237 0.001093895547122414 0.15570601820391217
9052855.093505032 83798108.77440947 209495.2719360237 0.0018276510116660776 0.15753366921557824
9052855.093505032 83798108.77440947 209495.2719360237 0.0 0.15753366921557824
9052855.093505032 83798108.77440947 209495.2719360237 0.001796321681897153 0.15932999089747538
9052855.093505032 83798108.77440947 209495.2719360237 0.0 0.15932999089747538
9052855.093505032 83798108.77440947 209495.2719360237 0.00023054968194578243 0.15956054057942115
9052855.093505032 83798108.77440947 209495.2719360237 3.3457936777162867e-06 0.15956388637309887
9052855.093505032 83798108.77440947 209495.2719360237 3.8187019334942627e-07 0.15956426824329223
9052855.093505032 83798108.77440947 209495.2719360237 0.0003248177235907414 0.15988908596688298
9052855.093505032 83798108.77440947 209495.2719360237 0.0011610859308213489 0.16105017189770432
9052855.093505032 83798108.77440947 209495.2719360237 0.0 0.16105017189770432
9052855.093505032 83798108.77440947 209495.2719360237 0.009837706183856121 0.17088787808156045
9052855.093505032 83798108.77440947 209495.2719360237 0.0005408088628160588 0.17142868694437652
9052855.093505032 83798108.77440947 209495.2719360237 0.004167382994930612 0.17559606993930713
9052855.093505032 83798108.77440947 209495.2719360237 0.0028735092378133977 0.17846957917712053
9052855.093505032 83798108.77440947 209495.2719360237 0.0006258691412763126 0.17909544831839685
9052855.093505032 83798108.77440947 209495.2719360237 0.0014428237576807946 0.18053827207607764
9052855.093505032 83798108.77440947 209495.2719360237 0.00027816406278947226 0.1808164361388671
9052855.093505032 83798108.77440947 209495.2719360237 0.0031470671212933824 0.1839635032601605
9052855.093505032 83798108.77440947 209495.2719360237 0.0003364871363673244 0.18429999039652784
9052855.093505032 83798108.77440947 209495.2719360237 0.0 0.18429999039652784
9052855.093505032 83798108.77440947 209495.2719360237 0.00807190726719898 0.1923718976637268
9052855.093505032 83798108.77440947 209495.2719360237 0.003333991943158768 0.19570588960688556
9052855.093505032 83798108.77440947 209495.2719360237 0.02194052959549136 0.21764641920237693
9052855.093505032 83798108.77440947 209495.2719360237 0.0006109923093590821 0.218257411511736
9052855.093505032 83798108.77440947 209495.2719360237 0.0052101537453874925 0.2234675652571235
9052855.093505032 83798108.77440947 209495.2719360237 0.0008518774422927587 0.22431944269941625
9052855.093505032 83798108.77440947 209495.2719360237 0.0 0.22431944269941625
9052855.093505032 83798108.77440947 209495.2719360237 0.017016290876866697 0.24133573357628296
9052855.093505032 83798108.77440947 209495.2719360237 0.004560194595064497 0.24589592817134745
9052855.093505032 83798108.77440947 209495.2719360237 4.433046683405099e-05 0.2459402586381815
9052855.093505032 83798108.77440947 209495.2719360237 0.004582873049527886 0.2505231316877094
9052855.093505032 83798108.77440947 209495.2719360237 1.3501150162519868e-07 0.25052326669921104
9052855.093505032 83798108.77440947 209495.2719360237 0.0013704902548264952 0.25189375695403754
9052855.093505032 83798108.77440947 209495.2719360237 0.0008186966765306634 0.2527124536305682
9052855.093505032 83798108.77440947 209495.2719360237 0.0018663989984667468 0.25457885262903496
9052855.093505032 83798108.77440947 209495.2719360237 1.509474476891338e-06 0.25458036210351187
9052855.093505032 83798108.77440947 209495.2719360237 0.0 0.25458036210351187
9052855.093505032 83798108.77440947 209495.2719360237 0.0018276510116660776 0.25640801311517797
9052855.093505032 83798108.77440947 209495.2719360237 0.010717082288840512 0.26712509540401846
9052855.093505032 83798108.77440947 209495.2719360237 0.0 0.26712509540401846
9052855.093505032 83798108.77440947 209495.2719360237 0.0 0.26712509540401846
9052855.093505032 83798108.77440947 209495.2719360237 0.0028095678160739747 0.26993466322009246
9052855.093505032 83798108.77440947 209495.2719360237 0.00214509428106192 0.2720797575011544
9052855.093505032 83798108.77440947 209495.2719360237 6.965860824782843e-06 0.27208672336197914
9052855.093505032 83798108.77440947 209495.2719360237 0.001768638166578526 0.27385536152855766
9052855.093505032 83798108.77440947 209495.2719360237 0.0037917568825099474 0.2776471184110676
9052855.093505032 83798108.77440947 209495.2719360237 0.0027841814044493297 0.2804312998155169
9052855.093505032 83798108.77440947 209495.2719360237 0.01675883186779982 0.2971901316833167
9052855.093505032 83798108.77440947 209495.2719360237 0.0008379274535398125 0.29802805913685654
9052855.093505032 83798108.77440947 209495.2719360237 0.0002160184026003179 0.29824407753945686
9052855.093505032 83798108.77440947 209495.2719360237 0.0003461176722022776 0.29859019521165914
9052855.093505032 83798108.77440947 209495.2719360237 7.776662493611445e-05 0.2986679618365953
9052855.093505032 83798108.77440947 209495.2719360237 0.004706174973216842 0.3033741368098121
9052855.093505032 83798108.77440947 209495.2719360237 0.0002700230032503974 0.30364415981306253
9052855.093505032 83798108.77440947 209495.2719360237 0.0030549615467954103 0.30669912135985794
9052855.093505032 83798108.77440947 209495.2719360237 0.010071005465345412 0.31677012682520334
9052855.093505032 83798108.77440947 209495.2719360237 0.003246353454781788 0.32001648027998514
9052855.093505032 83798108.77440947 209495.2719360237 0.009261727418805535 0.3292782076987907
9052855.093505032 83798108.77440947 209495.2719360237 0.0021316388877815184 0.3314098465865722
9052855.093505032 83798108.77440947 209495.2719360237 0.0002160184026003179 0.3316258649891725
9052855.093505032 83798108.77440947 209495.2719360237 1.221984618718164e-05 0.33163808483535967
9052855.093505032 83798108.77440947 209495.2719360237 0.002024072836150352 0.33366215767151003
9052855.093505032 83798108.77440947 209495.2719360237 0.0005894166434348394 0.33425157431494484
9052855.093505032 83798108.77440947 209495.2719360237 0.0 0.33425157431494484
9052855.093505032 83798108.77440947 209495.2719360237 0.014231207873918916 0.34848278218886375
9052855.093505032 83798108.77440947 209495.2719360237 0.0039830068253869375 0.3524657890142507
9052855.093505032 83798108.77440947 209495.2719360237 0.013506447901050284 0.36597223691530095
9052855.093505032 83798108.77440947 209495.2719360237 0.0022691383078147142 0.3682413752231157
9052855.093505032 83798108.77440947 209495.2719360237 0.001018895271901653 0.3692602704950173
9052855.093505032 83798108.77440947 209495.2719360237 0.000698896463344414 0.36995916695836173
9052855.093505032 83798108.77440947 209495.2719360237 0.002200030510200883 0.37215919746856263
9052855.093505032 83798108.77440947 209495.2719360237 0.005060550948640056 0.3772197484172027
9052855.093505032 83798108.77440947 209495.2719360237 0.0008389108456901788 0.37805865926289284
9052855.093505032 83798108.77440947 209495.2719360237 8.840418691218915e-07 0.37805954330476194
9052855.093505032 83798108.77440947 209495.2719360237 0.0009351777627578301 0.37899472106751975
9052855.093505032 83798108.77440947 209495.2719360237 0.003965757828197528 0.38296047889571727
9052855.093505032 83798108.77440947 209495.2719360237 0.00659110608664963 0.3895515849823669
9052855.093505032 83798108.77440947 209495.2719360237 0.004167382994930612 0.39371896797729755
9052855.093505032 83798108.77440947 209495.2719360237 0.004219583553060315 0.39793855153035784
9052855.093505032 83798108.77440947 209495.2719360237 0.0003728492647511906 0.398311400795109
9052855.093505032 83798108.77440947 209495.2719360237 0.005444797724031203 0.40375619851914024
9052855.093505032 83798108.77440947 209495.2719360237 0.00018601273026298376 0.4039422112494032
9052855.093505032 83798108.77440947 209495.2719360237 0.007075233913066672 0.4110174451624699
9052855.093505032 83798108.77440947 209495.2719360237 0.0003115227665203438 0.41132896792899026
9052855.093505032 83798108.77440947 209495.2719360237 0.0006839737255697825 0.41201294165456004
9052855.093505032 83798108.77440947 209495.2719360237 0.10803173515378454 0.5200446768083445
9052855.093505032 83798108.77440947 209495.2719360237 0.010071005465345412 0.53011568227369
9052855.093505032 83798108.77440947 209495.2719360237 0.0007297239522729114 0.5308454062259629
9052855.093505032 83798108.77440947 209495.2719360237 0.010189208004403484 0.5410346142303664
9052855.093505032 83798108.77440947 209495.2719360237 0.00012538549484609118 0.5411599997252124
9052855.093505032 83798108.77440947 209495.2719360237 0.0025165513857974852 0.54367655111101
9052855.093505032 83798108.77440947 209495.2719360237 0.010294070696996494 0.5539706218080065
9052855.093505032 83798108.77440947 209495.2719360237 0.01715595904119171 0.5711265808491982
9052855.093505032 83798108.77440947 209495.2719360237 0.0 0.5711265808491982
9052855.093505032 83798108.77440947 209495.2719360237 0.007245630367040595 0.5783722112162388
9052855.093505032 83798108.77440947 209495.2719360237 0.005810092559526965 0.5841823037757657
9052855.093505032 83798108.77440947 209495.2719360237 0.0013844706888091105 0.5855667744645748
9052855.093505032 83798108.77440947 209495.2719360237 0.01695281942129118 0.6025195938858661
9052855.093505032 83798108.77440947 209495.2719360237 0.0043999783534647355 0.6069195722393308
9052855.093505032 83798108.77440947 209495.2719360237 0.003602429037416976 0.6105220012767477
9052855.093505032 83798108.77440947 209495.2719360237 0.0006818972117076715 0.6112038984884554
9052855.093505032 83798108.77440947 209495.2719360237 0.001566102040002748 0.6127700005284581
9052855.093505032 83798108.77440947 209495.2719360237 0.004952498785319115 0.6177224993137772
9052855.093505032 83798108.77440947 209495.2719360237 0.0130287819201428 0.63075128123392
9052855.093505032 83798108.77440947 209495.2719360237 0.00030189489537826755 0.6310531761292982
9052855.093505032 83798108.77440947 209495.2719360237 0.0005135444810203777 0.6315667206103186
9052855.093505032 83798108.77440947 209495.2719360237 0.002436427119691547 0.6340031477300101
9052855.093505032 83798108.77440947 209495.2719360237 0.013363017348752648 0.6473661650787628
9052855.093505032 83798108.77440947 209495.2719360237 0.009059657868500957 0.6564258229472637
9052855.093505032 83798108.77440947 209495.2719360237 0.01743643449307157 0.6738622574403352
9052855.093505032 83798108.77440947 209495.2719360237 0.0 0.6738622574403352
9052855.093505032 83798108.77440947 209495.2719360237 0.002200030510200883 0.6760622879505361
9052855.093505032 83798108.77440947 209495.2719360237 0.003137542894389985 0.6791998308449261
9052855.093505032 83798108.77440947 209495.2719360237 0.011038046662456946 0.690237877507383
9052855.093505032 83798108.77440947 209495.2719360237 0.024502604320569034 0.714740481827952
9052855.093505032 83798108.77440947 209495.2719360237 0.01550532724380631 0.7302458090717583
9052855.093505032 83798108.77440947 209495.2719360237 0.00199703473292724 0.7322428438046855
9052855.093505032 83798108.77440947 209495.2719360237 0.002216074870846095 0.7344589186755316
9052855.093505032 83798108.77440947 209495.2719360237 0.005733811869538723 0.7401927305450703
9052855.093505032 83798108.77440947 209495.2719360237 0.001138540970334573 0.7413312715154049
9052855.093505032 83798108.77440947 209495.2719360237 0.0029637724836763615 0.7442950439990813
9052855.093505032 83798108.77440947 209495.2719360237 0.008698954491092504 0.7529939984901738
9052855.093505032 83798108.77440947 209495.2719360237 0.009567604137272607 0.7625616026274464
9052855.093505032 83798108.77440947 209495.2719360237 0.004956028600330346 0.7675176312277768
9052855.093505032 83798108.77440947 209495.2719360237 6.831101687282443e-05 0.7675859422446497
9052855.093505032 83798108.77440947 209495.2719360237 0.009606236747740934 0.7771921789923907
9052855.093505032 83798108.77440947 209495.2719360237 0.009690142059520443 0.7868823210519111
9052855.093505032 83798108.77440947 209495.2719360237 0.031751075865681676 0.8186333969175928
9052855.093505032 83798108.77440947 209495.2719360237 0.02614439828593469 0.8447777952035276
9052855.093505032 83798108.77440947 209495.2719360237 0.0011418508733005211 0.8459196460768281
9052855.093505032 83798108.77440947 209495.2719360237 0.0001789044535071752 0.8460985505303353
9052855.093505032 83798108.77440947 209495.2719360237 0.0025219110021149006 0.8486204615324502
9052855.093505032 83798108.77440947 209495.2719360237 0.0039830068253869375 0.8526034683578372
9052855.093505032 83798108.77440947 209495.2719360237 0.0052101537453874925 0.8578136221032246
9052855.093505032 83798108.77440947 209495.2719360237 0.00765432018083102 0.8654679422840557
9052855.093505032 83798108.77440947 209495.2719360237 0.001212261709702527 0.8666802039937582
9052855.093505032 83798108.77440947 209495.2719360237 0.005146225926899375 0.8718264299206576
9052855.093505032 83798108.77440947 209495.2719360237 0.0015276243498426286 0.8733540542705003
9052855.093505032 83798108.77440947 209495.2719360237 0.006912588883210172 0.8802666431537105
9052855.093505032 83798108.77440947 209495.2719360237 0.0021657447089756454 0.8824323878626862
9052855.093505032 83798108.77440947 209495.2719360237 0.0003132864184817002 0.8827456742811679
9052855.093505032 83798108.77440947 209495.2719360237 0.011754179602542195 0.8944998538837101
9052855.093505032 83798108.77440947 209495.2719360237 0.0031906526054937497 0.8976905064892039
9052855.093505032 83798108.77440947 209495.2719360237 0.0045216324939699225 0.9022121389831739
9052855.093505032 83798108.77440947 209495.2719360237 0.015664282772815712 0.9178764217559896
9052855.093505032 83798108.77440947 209495.2719360237 0.001275995237541447 0.919152416993531
9052855.093505032 83798108.77440947 209495.2719360237 0.005019162251312497 0.9241715792448435
9052855.093505032 83798108.77440947 209495.2719360237 0.00231005801349032 0.9264816372583338
9052855.093505032 83798108.77440947 209495.2719360237 0.002104493807295679 0.9285861310656295
9052855.093505032 83798108.77440947 209495.2719360237 0.00807190726719898 0.9366580383328285
9052855.093505032 83798108.77440947 209495.2719360237 0.007122917347853339 0.9437809556806818
9052855.093505032 83798108.77440947 209495.2719360237 0.006353365341851079 0.9501343210225328
9052855.093505032 83798108.77440947 209495.2719360237 0.0002906448910359121 0.9504249659135687
9052855.093505032 83798108.77440947 209495.2719360237 0.015266856551419418 0.9656918224649882
9052855.093505032 83798108.77440947 209495.2719360237 0.0028287277831518633 0.9685205502481401
9052855.093505032 83798108.77440947 209495.2719360237 0.0017130463629907388 0.9702335966111308
9052855.093505032 83798108.77440947 209495.2719360237 0.008698954491092504 0.9789325511022233
9052855.093505032 83798108.77440947 209495.2719360237 0.021067448897777154 1.0000000000000004
1101's generation extracting best parents:
0
132431.7625345219
0
0
0
0
0
0
0
0
0
0
0
0
0
0
54841.863571545415
0
0
0
0
0
23309.622390763863
0
0
0
508212.8746893372
32221.576621884906
0
0
0
0
0
0
0
0
0
0
88243.30002895404
0
204167.98479683342
0
0
0
0
0
0
0
0
145538.14994014456
0
0
0
0
0
0
0
0
0
0
0
62371.227340817975
0
0
8432.91835606156
0
0
0
0
0
0
0
0
0
18679.230819281613
0
0
0
0
0
0
0
0
2250832.1864697067
0
0
0
51200.0
0
0
0
0
0
0
0
0
0
0
1090083.1577232995
0
0
8767.977189751351
522972.4119071674
0
127305.73435631249
0
10867.290370648978
95407.58007621826
0
0
0
0
0
0
248358.52896971346
36421.284985568534
0
0
18046.070818879107
0
0
0
101112.09969138213
0
51200.0
0
0
9994.86588204164
0
0
0
0
0
0
0
0
0
0
0
0
62371.227340817975
0
0
0
164566.3668675954
0
0
0
143550.04546150446
0
6213.625028918304
0
61969.04104470232
0
0
0
370727.60009473265
0
0
0
0
0
0
0
0
0
0
0
279382.2195058232
0
0
0
0
0
0
0
0
0
91092.56830279845
0
0
0
0
0
0
12348.0
0
0
0
0
31244.063244078865
0
333768.4392029899
0
0
0
0
0
148208.53346551946
0
0
784628.3415936491
458248.26347297814
304755.7158381119
88243.30002895404
0
38584.58241318675
0
0
486874.76829262776
0
8102.239690357228
137624.80235771457
19319.627325598183
258400.1057584923
0
1063348.0
0
9798.879935992685
0
0
0
7137.085119290648
0
0
0
0
30186.91769624716
964386.5669408715
0
244874.2141100202
11585.237502960395
17574.78557479436
0
124768.12567318625
10507.067335845906
0
79946.61969089125
7137.085119290648
99198.33805059438
0
91666.37804560622
153153.69827725348
0
150528.3596934478
0
19319.627325598183
0
0
27219.110933313015
97296.80512740386
0
824381.172885456
45318.759912424786
349218.8135138197
240794.63967455755
52446.65037921869
120905.90218843744
23309.622390763863
263718.27295051055
28196.985654498603
0
676410.5631936864
279382.2195058232
1838574.8856111355
51200.0
436601.030287378
71385.71857171433
0
1425932.993836667
382135.68270968884
0
384036.0943036474
0
114844.4914482188
68605.23315316405
156400.70628996534
0
0
153153.69827725348
898071.2273845545
0
0
235436.469460447
179754.84389579046
0
148208.53346551946
317742.0556866843
233309.13617773307
1404358.4157899292
70216.73589679315
18101.933598375617
29004.006343951864
6516.696095415223
394368.5623170285
22627.41699796952
256000.0
843931.2114526872
272038.27992398426
776115.2416799968
178627.3073860769
18101.933598375617
0
169613.4756910547
49392.0
0
1192548.30540989
333768.4392029899
1131814.7903681062
190149.49874243687
85381.49682454624
58566.201857385284
184358.39600083313
424064.5988525805
70299.14229917745
0
78366.12788698955
332323.0058602624
552322.2247927381
349218.8135138197
353593.1215620575
31244.063244078865
456263.7519330239
15587.515004002402
592891.2210515518
26105.018674576735
57315.70465413472
9052855.093505032
843931.2114526872
61149.487127857414
853836.3606780869
10507.067335845906
210882.24676344855
862623.6559983733
1437636.9218630968
0
607170.1216364322
486874.76829262776
116016.02537580745
1420614.2058982798
368709.864668685
301876.74032955896
57141.69671964598
131236.38909997485
415010.031917302
1091787.284542186
25298.221281347032
43034.056281043275
204167.98479683342
1119795.5813450953
759182.1955235779
1461140.2342882766
0
184358.39600083313
262920.1607484675
924967.4348775746
2053271.9021113594
1299317.0989592958
167347.73377611063
185702.8830793965
480482.5907356061
95407.58007621826
248358.52896971346
728955.9346682074
801747.13220566
415305.82373956667
5724.334022399462
804984.4718999243
812015.5783431743
2660680.1090969206
2190851.1314062397
95684.94368499152
14991.85485522055
211331.37247460443
333768.4392029899
436601.030287378
641417.5551074354
101585.23861270396
431244.0
128012.03143454915
579261.8751480198
181485.3107003429
26252.80937347468
984978.0208877759
267370.65409651824
378904.25156759593
1312637.2716695196
106925.98771112663
420596.30429189454
193578.49268965807
176352.60097883444
676410.5631936864
596887.0027065424
532400.0
24355.49219375375
1279333.7059391502
237042.038465754
143550.04546150446
728955.9346682074
1765412.374335243
