0 15 206 900 2956.656219447909 2660990.5975031178
1 0 50 0 1.0 0.0
2 15 264 900 4289.492277647787 3860543.0498830085
3 19 256 1444 4096.0 5914624.0
4 0 50 0 1.0 0.0
5 1 14 4 52.38320341483518 209.53281365934072
6 0 10 0 31.622776601683793 0.0
7 3 44 36 291.8629815512752 10507.067335845906
8 4 45 64 301.8691769624716 19319.627325598183
9 1 53 4 5.196152422706632 20.784609690826528
10 0 9 0 27.0 0.0
11 0 50 0 1.0 0.0
12 7 338 196 825.5131737289236 161800.582050869
13 0 50 0 1.0 0.0
14 0 50 0 1.0 0.0
15 1 57 4 18.520259177452132 74.08103670980853
16 0 50 0 1.0 0.0
17 5 40 100 252.98221281347034 25298.221281347032
18 1 11 4 36.4828726939094 145.9314907756376
19 15 231 900 3510.8960394748233 3159806.435527341
20 1 11 4 36.4828726939094 145.9314907756376
21 0 50 0 1.0 0.0
22 2 32 16 181.01933598375618 2896.309375740099
23 3 37 36 225.06221362103412 8102.239690357228
24 4 105 64 407.8909167902615 26105.018674576735
25 1 55 4 11.180339887498949 44.721359549995796
26 2 34 16 198.25236442474022 3172.0378307958435
27 3 14 36 52.38320341483518 1885.7953229340665
28 5 55 100 407.8909167902615 40789.09167902615
29 1 9 4 27.0 108.0
30 14 242 784 3764.636503037179 2951475.018381148
31 5 111 100 476.42523023030594 47642.5230230306
32 0 10 0 31.622776601683793 0.0
33 19 286 1444 4836.6988742323 6984193.174391441
34 0 5 0 11.180339887498949 0.0
35 17 330 1156 5994.747701113033 6929928.3424866665
36 1 55 4 11.180339887498949 44.721359549995796
37 4 76 64 132.5745073534124 8484.768470618394
38 2 44 16 291.8629815512752 4669.807704820403
39 0 50 0 1.0 0.0
40 1 58 4 22.627416997969522 90.50966799187809
41 2 95 16 301.8691769624716 4829.906831399546
42 2 13 16 46.87216658103186 749.9546652965098
43 1 11 4 36.4828726939094 145.9314907756376
44 1 15 4 58.09475019311125 232.379000772445
45 4 71 64 96.23408959407264 6158.981734020649
46 0 50 0 1.0 0.0
47 14 232 784 3533.7187211208534 2770435.477358749
48 0 50 0 1.0 0.0
49 0 50 0 1.0 0.0
50 0 50 0 1.0 0.0
51 13 228 676 3442.724502483462 2327281.7636788203
52 6 88 144 825.5131737289236 118873.897016965
53 0 50 0 1.0 0.0
54 4 56 64 419.06562731868144 26820.200148395612
55 5 112 100 488.18848818873226 48818.84881887323
56 2 22 16 103.18914671611545 1651.0263474578471
57 7 124 196 1380.8055619818454 270637.8901484417
58 16 265 1024 4313.8874579664225 4417420.756957617
59 1 8 4 22.627416997969522 90.50966799187809
60 9 65 324 524.0467536394058 169791.14817916747
61 0 50 0 1.0 0.0
62 16 256 1024 4096.0 4194304.0
63 14 194 784 2702.1073257737194 2118452.143406596
64 2 7 16 18.520259177452132 296.3241468392341
65 4 48 64 332.55375505322445 21283.440323406365
66 2 64 16 52.38320341483518 838.1312546373629
67 6 77 144 675.6722578291934 97296.80512740386
68 0 10 0 31.622776601683793 0.0
69 19 269 1444 4411.928036584459 6370824.084827959
70 0 50 0 1.0 0.0
71 2 62 16 41.569219381653056 665.1075101064489
72 0 50 0 1.0 0.0
73 2 30 16 164.31676725154983 2629.0682760247973
74 0 50 0 1.0 0.0
75 3 83 36 189.57056733575496 6824.5404240871785
76 0 50 0 1.0 0.0
77 0 50 0 1.0 0.0
78 3 93 36 281.96985654498604 10150.914835619498
79 1 19 4 82.8190799272728 331.2763197090912
80 5 118 100 1281.8080979616254 128180.80979616255
81 0 50 0 1.0 0.0
82 0 6 0 14.696938456699069 0.0
83 4 104 64 396.81733833087486 25396.30965317599
84 7 37 196 225.06221362103412 44112.19386972269
85 0 50 0 1.0 0.0
86 0 50 0 1.0 0.0
87 5 58 100 441.7148401401067 44171.48401401067
88 6 97 144 955.3392067742221 137568.84577548798
89 0 50 0 1.0 0.0
90 1 56 4 14.696938456699069 58.787753826796276
91 0 50 0 1.0 0.0
92 4 40 64 252.98221281347034 16190.861620062102
93 0 50 0 1.0 0.0
94 2 43 16 281.96985654498604 4511.517704719777
95 2 66 16 64.0 1024.0
96 0 50 0 1.0 0.0
97 0 50 0 1.0 0.0
98 0 50 0 1.0 0.0
99 0 50 0 1.0 0.0
100 1 18 4 76.36753236814714 305.47012947258855
101 0 50 0 1.0 0.0
102 6 89 144 839.6243207530378 120905.90218843744
103 1 12 4 41.569219381653056 166.27687752661222
104 0 50 0 1.0 0.0
105 16 213 1024 3108.6326576165284 3183239.841399325
106 0 50 0 1.0 0.0
107 1 6 4 14.696938456699069 58.787753826796276
108 0 50 0 1.0 0.0
109 2 67 16 70.09279563550022 1121.4847301680036
110 0 50 0 1.0 0.0
111 4 49 64 343.0 21952.0
112 2 15 16 58.09475019311125 929.51600308978
113 0 50 0 1.0 0.0
114 1 12 4 41.569219381653056 166.27687752661222
115 0 50 0 1.0 0.0
116 5 58 100 441.7148401401067 44171.48401401067
117 5 118 100 1281.8080979616254 128180.80979616255
118 0 50 0 1.0 0.0
119 0 5 0 11.180339887498949 0.0
120 4 105 64 407.8909167902615 26105.018674576735
121 0 50 0 1.0 0.0
122 0 50 0 1.0 0.0
123 0 50 0 1.0 0.0
124 0 50 0 1.0 0.0
125 15 226 900 3397.5249815122775 3057772.4833610496
126 0 50 0 1.0 0.0
127 2 88 16 234.2477321128211 3747.9637138051376
128 1 51 4 1.0 4.0
129 4 82 64 181.01933598375618 11585.237502960395
130 1 23 4 110.30412503619254 441.2165001447702
131 1 5 4 11.180339887498949 44.721359549995796
132 0 50 0 1.0 0.0
133 4 115 64 524.0467536394058 33538.99223292197
134 2 75 16 125.0 2000.0
135 0 50 0 1.0 0.0
136 0 50 0 1.0 0.0
137 0 50 0 1.0 0.0
138 2 71 16 96.23408959407264 1539.7454335051623
139 0 50 0 1.0 0.0
140 2 75 16 125.0 2000.0
141 2 66 16 64.0 1024.0
142 0 50 0 1.0 0.0
143 15 247 900 3881.9097104389225 3493718.7393950303
144 3 62 36 488.18848818873226 17574.78557479436
145 0 50 0 1.0 0.0
146 0 50 0 1.0 0.0
147 0 50 0 1.0 0.0
148 0 50 0 1.0 0.0
149 2 83 16 189.57056733575496 3033.1290773720793
150 1 53 4 5.196152422706632 20.784609690826528
151 16 293 1024 5015.352131206741 5135720.582355703
152 2 68 16 76.36753236814714 1221.8805178903542
153 3 49 36 343.0 12348.0
154 0 50 0 1.0 0.0
155 8 124 256 1380.8055619818454 353486.2238673524
156 1 65 4 58.09475019311125 232.379000772445
157 0 50 0 1.0 0.0
158 5 87 100 811.4819776187269 81148.1977618727
159 0 50 0 1.0 0.0
160 0 50 0 1.0 0.0
161 0 50 0 1.0 0.0
162 4 76 64 662.5526394181824 42403.36892276367
163 0 50 0 1.0 0.0
164 0 50 0 1.0 0.0
165 0 50 0 1.0 0.0
166 0 10 0 31.622776601683793 0.0
167 0 50 0 1.0 0.0
168 0 50 0 1.0 0.0
169 0 50 0 1.0 0.0
170 0 50 0 1.0 0.0
171 1 57 4 18.520259177452132 74.08103670980853
172 0 15 0 58.09475019311125 0.0
173 0 50 0 1.0 0.0
174 1 57 4 18.520259177452132 74.08103670980853
175 10 87 400 811.4819776187269 324592.7910474908
176 0 50 0 1.0 0.0
177 1 54 4 8.0 32.0
178 3 72 36 103.18914671611545 3714.809281780156
179 2 63 16 46.87216658103186 749.9546652965098
180 9 104 324 1060.5960588272992 343633.12306004495
181 0 50 0 1.0 0.0
182 1 55 4 11.180339887498949 44.721359549995796
183 3 82 36 181.01933598375618 6516.696095415223
184 1 23 4 110.30412503619254 441.2165001447702
185 0 50 0 1.0 0.0
186 6 298 144 332.55375505322445 47887.74072766432
187 14 269 784 2828.42712474619 2217486.865801013
188 0 50 0 1.0 0.0
189 0 50 0 1.0 0.0
190 5 68 100 560.7423650840018 56074.23650840018
191 0 50 0 1.0 0.0
192 1 54 4 8.0 32.0
193 1 10 4 31.622776601683793 126.49110640673517
194 1 53 4 5.196152422706632 20.784609690826528
195 0 50 0 1.0 0.0
196 1 58 4 22.627416997969522 90.50966799187809
197 1 11 4 36.4828726939094 145.9314907756376
198 1 58 4 22.627416997969522 90.50966799187809
199 13 127 676 1431.21731403725 967502.904289181
200 0 50 0 1.0 0.0
201 1 10 4 31.622776601683793 126.49110640673517
202 6 101 144 1015.0374377332099 146165.39103358221
203 13 170 676 2216.5288177689004 1498373.4808117766
204 11 171 484 2236.1151580363658 1082279.736489601
205 20 204 1600 2913.702798845483 4661924.478152772
206 14 174 784 2295.2176367394877 1799450.6272037583
207 1 55 4 11.180339887498949 44.721359549995796
208 7 412 196 2061.9233739399724 404136.9812922346
209 0 50 0 1.0 0.0
210 11 416 484 2138.760388636371 1035160.0281000035
211 10 131 400 1499.363531636007 599745.4126544029
212 8 140 256 1656.5023392678925 424064.5988525805
213 7 59 196 453.18759912424787 88824.76942835258
214 15 208 900 2999.818661186039 2699836.795067435
215 2 18 16 76.36753236814714 1221.8805178903542
216 6 338 144 825.5131737289236 118873.897016965
217 7 101 196 1015.0374377332099 198947.33779570914
218 0 50 0 1.0 0.0
219 8 318 256 560.7423650840018 143550.04546150446
220 6 55 144 407.8909167902615 58736.292017797656
221 2 77 16 140.29611541307906 2244.737846609265
222 18 250 1296 3952.847075210474 5122889.809472774
223 1 56 4 14.696938456699069 58.787753826796276
224 23 479 2116 10483.426872926619 22182931.263112724
225 4 76 64 662.5526394181824 42403.36892276367
226 1 67 4 70.09279563550022 280.3711825420009
227 9 137 324 1603.5438877685885 519548.2196370227
228 0 50 0 1.0 0.0
229 4 84 64 198.25236442474022 12688.151323183374
230 0 50 0 1.0 0.0
231 5 115 100 1233.2376088978149 123323.7608897815
232 13 177 676 2354.8318411300625 1591866.3246039222
233 9 414 324 2100.2247498779743 680472.8189604636
234 1 57 4 18.520259177452132 74.08103670980853
235 3 34 36 198.25236442474022 7137.085119290648
236 0 50 0 1.0 0.0
237 15 328 900 5940.332650618146 5346299.385556331
238 10 401 400 1855.5190648441207 742207.6259376484
239 33 715 4356 19118.730998682942 83281192.23026289
240 17 192 1156 2660.4300404257956 3075457.12673222
241 6 315 144 524.0467536394058 75462.73252407444
242 0 50 0 1.0 0.0
243 18 342 1296 6324.68876704617 8196796.642091837
244 0 50 0 1.0 0.0
245 7 145 196 1746.0312139248829 342222.11792927707
246 0 50 0 1.0 0.0
247 9 147 324 1782.2802809883747 577458.8110402334
248 13 169 676 2197.0 1485172.0
249 5 84 100 769.8727167525811 76987.27167525812
250 17 192 1156 2660.4300404257956 3075457.12673222
251 8 128 256 1448.1546878700494 370727.60009473265
252 22 368 1936 7059.464002316323 13667122.308484402
253 4 50 64 353.5533905932738 22627.41699796952
254 10 398 400 1800.497708968273 720199.0835873092
255 11 195 484 2723.0268085349435 1317944.9753309127
256 25 499 2500 11146.81564394065 27867039.109851625
257 12 205 576 2935.1533179716525 1690648.311151672
258 26 416 2704 8484.768470618394 22942813.944552135
259 7 115 196 1233.2376088978149 241714.5713439717
260 29 503 3364 11281.113730478919 37949666.58933108
261 26 366 2704 7001.992287913491 18933387.14651808
262 8 173 256 2275.4597337681016 582517.691844634
263 0 50 0 1.0 0.0
264 3 48 36 332.55375505322445 11971.93518191608
265 25 381 2500 7436.823313754335 18592058.284385838
266 8 367 256 1265.5484976878602 323980.4154080922
267 7 142 196 1692.125290869444 331656.557010411
268 10 159 400 2004.9137138540402 801965.4855416161
269 10 206 400 2956.656219447909 1182662.4877791635
270 10 236 400 3625.500792993983 1450200.3171975932
271 28 733 3136 19845.222019418175 62234616.2528954
272 8 139 256 1638.785831034672 419529.172744876
273 29 546 3364 12758.187018538332 42918541.13036295
274 9 128 324 1448.1546878700494 469202.118869896
275 23 395 2116 7850.469731168957 16611593.951153513
276 10 142 400 1692.125290869444 676850.1163477775
277 11 141 484 1674.2822342723464 810352.6013878157
278 10 134 400 1551.1621449738902 620464.857989556
279 1 17 4 70.09279563550022 280.3711825420009
280 17 315 1156 5590.695395029137 6462843.876653682
281 2 25 16 125.0 2000.0
282 4 40 64 252.98221281347034 16190.861620062102
283 6 344 144 911.3638131942698 131236.38909997485
284 8 85 256 783.6612788698955 200617.28739069324
285 6 318 144 560.7423650840018 80746.90057209626
286 14 272 784 4485.938920672014 3516976.113806859
287 12 152 576 1873.9818569025688 1079413.5495758797
288 12 403 576 1892.505482158506 1090083.1577232995
289 9 131 324 1499.363531636007 485793.7842500663
290 8 383 256 1533.830825091216 392660.6912233513
291 12 348 576 970.1505037879432 558806.6901818552
292 10 256 400 2956.656219447909 1182662.4877791635
293 0 50 0 1.0 0.0
294 0 50 0 1.0 0.0
295 5 132 100 742.5415813272682 74254.15813272682
296 4 51 64 364.21284985568536 23309.622390763863
297 16 164 1024 2100.2247498779743 2150630.1438750457
298 7 100 196 1000.0 196000.0
299 18 270 1296 4436.552715791846 5749772.319666232
300 23 312 2116 5511.018780588576 11661315.739725428
301 12 428 576 2374.8162034144875 1367894.1331667448
302 11 163 484 2081.044689573004 1007225.6297533339
303 17 294 1156 5041.049890647781 5827453.673588835
304 19 273 1444 4510.7002782273175 6513451.201760246
305 18 223 1296 3330.1001486441814 4315809.792642859
306 4 50 64 353.5533905932738 22627.41699796952
307 10 166 400 2138.760388636371 855504.1554545483
308 18 201 1296 2849.6668226303227 3693168.2021288984
309 17 218 1156 3218.7314271308815 3720853.529763299
310 8 164 256 2100.2247498779743 537657.5359687614
311 16 276 1024 4585.256372330778 4695302.525266716
312 8 345 256 925.9454627568516 237042.038465754
313 17 294 1156 5041.049890647781 5827453.673588835
314 8 351 256 1015.0374377332099 259849.58405970174
315 18 206 1296 2956.656219447909 3831826.4604044897
316 1 57 4 18.520259177452132 74.08103670980853
317 12 159 576 2004.9137138540402 1154830.2991799272
318 12 195 576 2723.0268085349435 1568463.4417161276
319 14 231 784 3510.8960394748233 2752542.4949482614
320 12 133 576 1533.830825091216 883486.5552525404
321 17 265 1156 4313.8874579664225 4986853.901409185
322 22 288 1936 4887.522071561417 9462242.730542904
323 11 356 484 1091.336794944622 528207.008753197
324 0 50 0 1.0 0.0
325 13 189 676 2598.3204190399615 1756464.603271014
326 18 237 1296 3648.568623446735 4728544.935986969
327 0 50 0 1.0 0.0
328 5 46 100 311.9871792237623 31198.717922376232
329 13 142 676 1692.125290869444 1143876.696627744
330 14 178 784 2374.8162034144875 1861855.9034769582
331 17 277 1156 4610.198802654827 5329389.81586898
332 19 214 1444 3130.5501114021476 4520514.360864701
333 11 115 484 1233.2376088978149 596887.0027065424
334 24 394 2304 7820.676697064008 18018839.110035475
335 12 167 576 2158.1156132144542 1243074.5932115256
336 24 359 2304 6802.0790204172135 15671990.06304126
337 13 132 676 1516.5645386860397 1025197.6281517628
338 14 208 784 2999.818661186039 2351857.830369855
339 20 357 1600 6745.316375085753 10792506.200137205
340 9 372 324 1347.5340440968457 436601.030287378
341 20 291 1600 4964.088133786507 7942541.014058411
342 10 136 400 1586.0189153979218 634407.5661591687
343 19 284 1444 4786.053071164171 6911060.634761063
344 19 321 1444 4436.552715791846 6406382.121603426
345 6 121 144 1331.0 191664.0
346 21 360 1764 6830.519745963699 12049036.831879966
347 14 149 784 1818.7767867443217 1425921.0008075482
348 31 699 3844 18480.587084830397 71039376.75408804
349 10 156 400 1948.4393755003002 779375.75020012
350 5 43 100 281.96985654498604 28196.985654498603
351 22 272 1936 4485.938920672014 8684777.75042102
352 33 805 4356 22839.880144168885 99490517.90799966
353 0 50 0 1.0 0.0
354 8 106 256 1091.336794944622 279382.2195058232
355 23 381 2116 7436.823313754335 15736318.131904172
356 20 281 1600 4710.418346601499 7536669.354562399
357 6 121 144 1331.0 191664.0
358 14 186 784 2536.7017956393693 1988774.2077812655
359 12 216 576 3174.538706646999 1828534.2950286714
360 2 65 16 58.09475019311125 929.51600308978
361 18 261 1296 4216.584043986317 5464692.921006267
362 34 639 4624 16152.92911517908 74691144.22858807
363 11 77 484 675.6722578291934 327025.3727893296
364 18 310 1296 5458.113227114292 7073714.742340123
365 9 102 324 1030.1495037129318 333768.4392029899
366 11 388 484 1621.132937176961 784628.3415936491
367 19 312 1444 5511.018780588576 7957911.119169904
368 11 456 484 2956.656219447909 1431021.610212788
369 3 20 36 89.44271909999159 3219.937887599697
370 25 373 2500 7203.826552603831 18009566.38150958
371 19 557 1444 5379.074548656116 7767383.648259432
372 6 101 144 1015.0374377332099 146165.39103358221
373 20 352 1600 6604.1053898313885 10566568.623730222
374 15 445 900 2723.0268085349435 2450724.127681449
375 26 349 2704 6519.858050602023 17629696.16882787
376 17 203 1156 2892.3047903013266 3343504.3375883335
377 20 323 1600 5805.020844062491 9288033.350499986
378 26 393 2704 7790.921447428411 21066651.59384642
379 30 405 3600 8150.467777986733 29341684.00075224
380 8 344 256 911.3638131942698 233309.13617773307
381 20 308 1600 5405.378062633547 8648604.900213676
382 4 53 64 385.84582413186746 24694.132744439517
383 19 248 1444 3905.507905509858 5639553.415556235
384 11 154 484 1911.089741482592 924967.4348775746
385 10 139 400 1638.785831034672 655514.3324138687
386 10 113 400 1201.2064768390153 480482.5907356061
387 24 376 2304 7290.910505554159 16798257.80479678
388 16 335 1024 6131.506747937247 6278662.909887741
389 20 298 1600 5144.277597486356 8230844.15597817
390 23 325 2116 5859.020822628982 12397688.060682926
391 17 206 1156 2956.656219447909 3417894.5896817828
392 13 150 676 1837.1173070873836 1241891.2995910712
393 12 167 576 2158.1156132144542 1243074.5932115256
394 20 299 1600 5170.1933232713845 8272309.317234215
395 17 242 1156 3764.636503037179 4351919.797510979
396 20 291 1600 4964.088133786507 7942541.014058411
397 18 191 1296 2639.672517567283 3421015.582767199
398 7 42 196 272.19110933313016 53349.457429293514
399 12 153 576 1892.505482158506 1090083.1577232995
1901's generation fitness ratios and roulette cutoffs:
99490517.90799966 1222031062.0009558 3055077.6550023896 0.002177514696840854 0.002177514696840854
99490517.90799966 1222031062.0009558 3055077.6550023896 0.0 0.002177514696840854
99490517.90799966 1222031062.0009558 3055077.6550023896 0.0031591202301860873 0.005336634927026941
99490517.90799966 1222031062.0009558 3055077.6550023896 0.004839994811846586 0.010176629738873528
99490517.90799966 1222031062.0009558 3055077.6550023896 0.0 0.010176629738873528
99490517.90799966 1222031062.0009558 3055077.6550023896 1.7146275587811272e-07 0.010176801201629407
99490517.90799966 1222031062.0009558 3055077.6550023896 0.0 0.010176801201629407
99490517.90799966 1222031062.0009558 3055077.6550023896 8.598036222288503e-06 0.010185399237851696
99490517.90799966 1222031062.0009558 3055077.6550023896 1.580944046869332e-05 0.01020120867832039
99490517.90799966 1222031062.0009558 3055077.6550023896 1.7008249902251888e-08 0.010201225686570291
99490517.90799966 1222031062.0009558 3055077.6550023896 0.0 0.010201225686570291
99490517.90799966 1222031062.0009558 3055077.6550023896 0.0 0.010201225686570291
99490517.90799966 1222031062.0009558 3055077.6550023896 0.00013240300274032024 0.010333628689310611
99490517.90799966 1222031062.0009558 3055077.6550023896 0.0 0.010333628689310611
99490517.90799966 1222031062.0009558 3055077.6550023896 0.0 0.010333628689310611
99490517.90799966 1222031062.0009558 3055077.6550023896 6.062123870117353e-08 0.010333689310549312
99490517.90799966 1222031062.0009558 3055077.6550023896 0.0 0.010333689310549312
99490517.90799966 1222031062.0009558 3055077.6550023896 2.070178252255199e-05 0.010354391093071864
99490517.90799966 1222031062.0009558 3055077.6550023896 1.19417169754007e-07 0.010354510510241617
99490517.90799966 1222031062.0009558 3055077.6550023896 0.0025857005879649803 0.012940211098206597
99490517.90799966 1222031062.0009558 3055077.6550023896 1.19417169754007e-07 0.01294033051537635
99490517.90799966 1222031062.0009558 3055077.6550023896 0.0 0.01294033051537635
99490517.90799966 1222031062.0009558 3055077.6550023896 2.3700783603631783e-06 0.012942700593736714
99490517.90799966 1222031062.0009558 3055077.6550023896 6.6301421807483404e-06 0.012949330735917463
99490517.90799966 1222031062.0009558 3055077.6550023896 2.136199274004732e-05 0.01297069272865751
99490517.90799966 1222031062.0009558 3055077.6550023896 3.659592701086416e-08 0.012970729324584521
99490517.90799966 1222031062.0009558 3055077.6550023896 2.5957096586415267e-06 0.012973325034243163
99490517.90799966 1222031062.0009558 3055077.6550023896 1.5431648029030145e-06 0.012974868199046067
99490517.90799966 1222031062.0009558 3055077.6550023896 3.337811365632394e-05 0.013008246312702391
99490517.90799966 1222031062.0009558 3055077.6550023896 8.837745893558599e-08 0.013008334690161327
99490517.90799966 1222031062.0009558 3055077.6550023896 0.00241522094663322 0.015423555636794548
99490517.90799966 1222031062.0009558 3055077.6550023896 3.8986343722737e-05 0.015462541980517285
99490517.90799966 1222031062.0009558 3055077.6550023896 0.0 0.015462541980517285
99490517.90799966 1222031062.0009558 3055077.6550023896 0.005715233754333144 0.02117777573485043
99490517.90799966 1222031062.0009558 3055077.6550023896 0.0 0.02117777573485043
99490517.90799966 1222031062.0009558 3055077.6550023896 0.005670828310321008 0.026848604045171438
99490517.90799966 1222031062.0009558 3055077.6550023896 3.659592701086416e-08 0.02684864064109845
99490517.90799966 1222031062.0009558 3055077.6550023896 6.943169232315109e-06 0.026855583810330763
99490517.90799966 1222031062.0009558 3055077.6550023896 3.821349432128224e-06 0.02685940515976289
99490517.90799966 1222031062.0009558 3055077.6550023896 0.0 0.02685940515976289
99490517.90799966 1222031062.0009558 3055077.6550023896 7.406494876134932e-08 0.02685947922471165
99490517.90799966 1222031062.0009558 3055077.6550023896 3.95236011717333e-06 0.026863431584828824
99490517.90799966 1222031062.0009558 3055077.6550023896 6.136952558869762e-07 0.026864045280084712
99490517.90799966 1222031062.0009558 3055077.6550023896 1.19417169754007e-07 0.026864164697254465
99490517.90799966 1222031062.0009558 3055077.6550023896 1.9015801479869688e-07 0.026864354855269265
99490517.90799966 1222031062.0009558 3055077.6550023896 5.039955141513278e-06 0.026869394810410778
99490517.90799966 1222031062.0009558 3055077.6550023896 0.0 0.026869394810410778
99490517.90799966 1222031062.0009558 3055077.6550023896 0.002267074515129291 0.02913646932554007
99490517.90799966 1222031062.0009558 3055077.6550023896 0.0 0.02913646932554007
99490517.90799966 1222031062.0009558 3055077.6550023896 0.0 0.02913646932554007
99490517.90799966 1222031062.0009558 3055077.6550023896 0.0 0.02913646932554007
99490517.90799966 1222031062.0009558 3055077.6550023896 0.0019044374861209544 0.031040906811661023
99490517.90799966 1222031062.0009558 3055077.6550023896 9.727567548268427e-05 0.031138182487143708
99490517.90799966 1222031062.0009558 3055077.6550023896 0.0 0.031138182487143708
99490517.90799966 1222031062.0009558 3055077.6550023896 2.1947232752398428e-05 0.031160129719896106
99490517.90799966 1222031062.0009558 3055077.6550023896 3.994894265530138e-05 0.03120007866255141
99490517.90799966 1222031062.0009558 3055077.6550023896 1.3510510483706148e-06 0.03120142971359978
99490517.90799966 1222031062.0009558 3055077.6550023896 0.00022146563910192165 0.0314228953527017
99490517.90799966 1222031062.0009558 3055077.6550023896 0.0036148187180483973 0.0350377140707501
99490517.90799966 1222031062.0009558 3055077.6550023896 7.406494876134932e-08 0.03503778813569886
99490517.90799966 1222031062.0009558 3055077.6550023896 0.0001389417613502812 0.03517672989704914
99490517.90799966 1222031062.0009558 3055077.6550023896 0.0 0.03517672989704914
99490517.90799966 1222031062.0009558 3055077.6550023896 0.0034322400881792964 0.038608969985228433
99490517.90799966 1222031062.0009558 3055077.6550023896 0.0017335501602863013 0.04034252014551473
99490517.90799966 1222031062.0009558 3055077.6550023896 2.424849548046941e-07 0.040342762630469535
99490517.90799966 1222031062.0009558 3055077.6550023896 1.7416447899905933e-05 0.04036017907836944
99490517.90799966 1222031062.0009558 3055077.6550023896 6.858510235124509e-07 0.040360864929392955
99490517.90799966 1222031062.0009558 3055077.6550023896 7.961892962695228e-05 0.04044048385901991
99490517.90799966 1222031062.0009558 3055077.6550023896 0.0 0.04044048385901991
99490517.90799966 1222031062.0009558 3055077.6550023896 0.005213307814284491 0.0456537916733044
99490517.90799966 1222031062.0009558 3055077.6550023896 0.0 0.0456537916733044
99490517.90799966 1222031062.0009558 3055077.6550023896 5.442639968720604e-07 0.04565433593730127
99490517.90799966 1222031062.0009558 3055077.6550023896 0.0 0.04565433593730127
99490517.90799966 1222031062.0009558 3055077.6550023896 2.1513923481780866e-06 0.04565648732964945
99490517.90799966 1222031062.0009558 3055077.6550023896 0.0 0.04565648732964945
99490517.90799966 1222031062.0009558 3055077.6550023896 5.584588343370474e-06 0.04566207191799282
99490517.90799966 1222031062.0009558 3055077.6550023896 0.0 0.04566207191799282
99490517.90799966 1222031062.0009558 3055077.6550023896 0.0 0.04566207191799282
99490517.90799966 1222031062.0009558 3055077.6550023896 8.306593139292525e-06 0.04567037851113211
99490517.90799966 1222031062.0009558 3055077.6550023896 2.7108666056872464e-07 0.045670649597792684
99490517.90799966 1222031062.0009558 3055077.6550023896 0.00010489161346380105 0.04577554121125649
99490517.90799966 1222031062.0009558 3055077.6550023896 0.0 0.04577554121125649
99490517.90799966 1222031062.0009558 3055077.6550023896 0.0 0.04577554121125649
99490517.90799966 1222031062.0009558 3055077.6550023896 2.07820491989721e-05 0.04579632326045546
99490517.90799966 1222031062.0009558 3055077.6550023896 3.6097440761852075e-05 0.04583242070121731
99490517.90799966 1222031062.0009558 3055077.6550023896 0.0 0.04583242070121731
99490517.90799966 1222031062.0009558 3055077.6550023896 0.0 0.04583242070121731
99490517.90799966 1222031062.0009558 3055077.6550023896 3.6145958468260373e-05 0.04586856665968557
99490517.90799966 1222031062.0009558 3055077.6550023896 0.00011257393535499213 0.04598114059504056
99490517.90799966 1222031062.0009558 3055077.6550023896 0.0 0.04598114059504056
99490517.90799966 1222031062.0009558 3055077.6550023896 4.810659536799098e-08 0.04598118870163593
99490517.90799966 1222031062.0009558 3055077.6550023896 0.0 0.04598118870163593
99490517.90799966 1222031062.0009558 3055077.6550023896 1.3249140814433273e-05 0.045994437842450366
99490517.90799966 1222031062.0009558 3055077.6550023896 0.0 0.045994437842450366
99490517.90799966 1222031062.0009558 3055077.6550023896 3.6918191730189e-06 0.04599812966162339
99490517.90799966 1222031062.0009558 3055077.6550023896 8.379492402781485e-07 0.04599896761086367
99490517.90799966 1222031062.0009558 3055077.6550023896 0.0 0.04599896761086367
99490517.90799966 1222031062.0009558 3055077.6550023896 0.0 0.04599896761086367
99490517.90799966 1222031062.0009558 3055077.6550023896 0.0 0.04599896761086367
99490517.90799966 1222031062.0009558 3055077.6550023896 0.0 0.04599896761086367
99490517.90799966 1222031062.0009558 3055077.6550023896 2.49969202069554e-07 0.045999217580065734
99490517.90799966 1222031062.0009558 3055077.6550023896 0.0 0.045999217580065734
99490517.90799966 1222031062.0009558 3055077.6550023896 9.893848523822782e-05 0.04609815606530396
99490517.90799966 1222031062.0009558 3055077.6550023896 1.360659992180151e-07 0.046098292131303176
99490517.90799966 1222031062.0009558 3055077.6550023896 0.0 0.046098292131303176
99490517.90799966 1222031062.0009558 3055077.6550023896 0.0026048763737536117 0.048703168505056786
99490517.90799966 1222031062.0009558 3055077.6550023896 0.0 0.048703168505056786
99490517.90799966 1222031062.0009558 3055077.6550023896 4.810659536799098e-08 0.04870321661165215
99490517.90799966 1222031062.0009558 3055077.6550023896 0.0 0.04870321661165215
99490517.90799966 1222031062.0009558 3055077.6550023896 9.17721950808421e-07 0.04870413433360296
99490517.90799966 1222031062.0009558 3055077.6550023896 0.0 0.04870413433360296
99490517.90799966 1222031062.0009558 3055077.6550023896 1.796353683846281e-05 0.048722097870441426
99490517.90799966 1222031062.0009558 3055077.6550023896 7.606320591947875e-07 0.04872285850250062
99490517.90799966 1222031062.0009558 3055077.6550023896 0.0 0.04872285850250062
99490517.90799966 1222031062.0009558 3055077.6550023896 1.360659992180151e-07 0.048722994568499836
99490517.90799966 1222031062.0009558 3055077.6550023896 0.0 0.048722994568499836
99490517.90799966 1222031062.0009558 3055077.6550023896 3.6145958468260373e-05 0.048759140526968094
99490517.90799966 1222031062.0009558 3055077.6550023896 0.00010489161346380105 0.0488640321404319
99490517.90799966 1222031062.0009558 3055077.6550023896 0.0 0.0488640321404319
99490517.90799966 1222031062.0009558 3055077.6550023896 0.0 0.0488640321404319
99490517.90799966 1222031062.0009558 3055077.6550023896 2.136199274004732e-05 0.048885394133171944
99490517.90799966 1222031062.0009558 3055077.6550023896 0.0 0.048885394133171944
99490517.90799966 1222031062.0009558 3055077.6550023896 0.0 0.048885394133171944
99490517.90799966 1222031062.0009558 3055077.6550023896 0.0 0.048885394133171944
99490517.90799966 1222031062.0009558 3055077.6550023896 0.0 0.048885394133171944
99490517.90799966 1222031062.0009558 3055077.6550023896 0.0025022052044685736 0.05138759933764052
99490517.90799966 1222031062.0009558 3055077.6550023896 0.0 0.05138759933764052
99490517.90799966 1222031062.0009558 3055077.6550023896 3.0669954556377766e-06 0.051390666333096156
99490517.90799966 1222031062.0009558 3055077.6550023896 3.2732392198365177e-09 0.05139066960633538
99490517.90799966 1222031062.0009558 3055077.6550023896 9.480313441452713e-06 0.05140014991977683
99490517.90799966 1222031062.0009558 3055077.6550023896 3.6105178817821663e-07 0.051400510971565005
99490517.90799966 1222031062.0009558 3055077.6550023896 3.659592701086416e-08 0.051400547567492016
99490517.90799966 1222031062.0009558 3055077.6550023896 0.0 0.051400547567492016
99490517.90799966 1222031062.0009558 3055077.6550023896 2.7445286192648135e-05 0.05142799285368466
99490517.90799966 1222031062.0009558 3055077.6550023896 1.636619609918259e-06 0.05142962947329458
99490517.90799966 1222031062.0009558 3055077.6550023896 0.0 0.05142962947329458
99490517.90799966 1222031062.0009558 3055077.6550023896 0.0 0.05142962947329458
99490517.90799966 1222031062.0009558 3055077.6550023896 0.0 0.05142962947329458
99490517.90799966 1222031062.0009558 3055077.6550023896 1.2599887853783195e-06 0.05143088946207996
99490517.90799966 1222031062.0009558 3055077.6550023896 0.0 0.05143088946207996
99490517.90799966 1222031062.0009558 3055077.6550023896 1.636619609918259e-06 0.051432526081689876
99490517.90799966 1222031062.0009558 3055077.6550023896 8.379492402781485e-07 0.051433364030930157
99490517.90799966 1222031062.0009558 3055077.6550023896 0.0 0.051433364030930157
99490517.90799966 1222031062.0009558 3055077.6550023896 0.002858944300216403 0.05429230833114656
99490517.90799966 1222031062.0009558 3055077.6550023896 1.4381619355908496e-05 0.05430668995050247
99490517.90799966 1222031062.0009558 3055077.6550023896 0.0 0.05430668995050247
99490517.90799966 1222031062.0009558 3055077.6550023896 0.0 0.05430668995050247
99490517.90799966 1222031062.0009558 3055077.6550023896 0.0 0.05430668995050247
99490517.90799966 1222031062.0009558 3055077.6550023896 0.0 0.05430668995050247
99490517.90799966 1222031062.0009558 3055077.6550023896 2.4820392637202104e-06 0.05430917198976619
99490517.90799966 1222031062.0009558 3055077.6550023896 1.7008249902251888e-08 0.054309188998016095
99490517.90799966 1222031062.0009558 3055077.6550023896 0.0042026105080720825 0.058511799506088175
99490517.90799966 1222031062.0009558 3055077.6550023896 9.99876808278216e-07 0.058512799382896455
99490517.90799966 1222031062.0009558 3055077.6550023896 1.010448947163533e-05 0.05852290387236809
99490517.90799966 1222031062.0009558 3055077.6550023896 0.0 0.05852290387236809
99490517.90799966 1222031062.0009558 3055077.6550023896 0.0002892612429086323 0.05881216511527672
99490517.90799966 1222031062.0009558 3055077.6550023896 1.9015801479869688e-07 0.05881235527329152
99490517.90799966 1222031062.0009558 3055077.6550023896 0.0 0.05881235527329152
99490517.90799966 1222031062.0009558 3055077.6550023896 6.640436588330291e-05 0.05887875963917482
99490517.90799966 1222031062.0009558 3055077.6550023896 0.0 0.05887875963917482
99490517.90799966 1222031062.0009558 3055077.6550023896 0.0 0.05887875963917482
99490517.90799966 1222031062.0009558 3055077.6550023896 0.0 0.05887875963917482
99490517.90799966 1222031062.0009558 3055077.6550023896 3.4699092552796754e-05 0.05891345873172762
99490517.90799966 1222031062.0009558 3055077.6550023896 0.0 0.05891345873172762
99490517.90799966 1222031062.0009558 3055077.6550023896 0.0 0.05891345873172762
99490517.90799966 1222031062.0009558 3055077.6550023896 0.0 0.05891345873172762
99490517.90799966 1222031062.0009558 3055077.6550023896 0.0 0.05891345873172762
99490517.90799966 1222031062.0009558 3055077.6550023896 0.0 0.05891345873172762
99490517.90799966 1222031062.0009558 3055077.6550023896 0.0 0.05891345873172762
99490517.90799966 1222031062.0009558 3055077.6550023896 0.0 0.05891345873172762
99490517.90799966 1222031062.0009558 3055077.6550023896 0.0 0.05891345873172762
99490517.90799966 1222031062.0009558 3055077.6550023896 6.062123870117353e-08 0.05891351935296632
99490517.90799966 1222031062.0009558 3055077.6550023896 0.0 0.05891351935296632
99490517.90799966 1222031062.0009558 3055077.6550023896 0.0 0.05891351935296632
99490517.90799966 1222031062.0009558 3055077.6550023896 6.062123870117353e-08 0.05891357997420502
99490517.90799966 1222031062.0009558 3055077.6550023896 0.00026561746353321165 0.05917919743773824
99490517.90799966 1222031062.0009558 3055077.6550023896 0.0 0.05917919743773824
99490517.90799966 1222031062.0009558 3055077.6550023896 2.618591375869214e-08 0.059179223623651994
99490517.90799966 1222031062.0009558 3055077.6550023896 3.0398648588338833e-06 0.05918226348851083
99490517.90799966 1222031062.0009558 3055077.6550023896 6.136952558869762e-07 0.05918287718376671
99490517.90799966 1222031062.0009558 3055077.6550023896 0.0002811983539087619 0.05946407553767547
99490517.90799966 1222031062.0009558 3055077.6550023896 0.0 0.05946407553767547
99490517.90799966 1222031062.0009558 3055077.6550023896 3.659592701086416e-08 0.05946411213360248
99490517.90799966 1222031062.0009558 3055077.6550023896 5.332676310817152e-06 0.0594694448099133
99490517.90799966 1222031062.0009558 3055077.6550023896 3.6105178817821663e-07 0.059469805861701475
99490517.90799966 1222031062.0009558 3055077.6550023896 0.0 0.059469805861701475
99490517.90799966 1222031062.0009558 3055077.6550023896 3.918700777478835e-05 0.059508992869476265
99490517.90799966 1222031062.0009558 3055077.6550023896 0.0018145912446530584 0.061323584114129324
99490517.90799966 1222031062.0009558 3055077.6550023896 0.0 0.061323584114129324
99490517.90799966 1222031062.0009558 3055077.6550023896 0.0 0.061323584114129324
99490517.90799966 1222031062.0009558 3055077.6550023896 4.588609754042105e-05 0.06136947021166975
99490517.90799966 1222031062.0009558 3055077.6550023896 0.0 0.06136947021166975
99490517.90799966 1222031062.0009558 3055077.6550023896 2.618591375869214e-08 0.0613694963975835
99490517.90799966 1222031062.0009558 3055077.6550023896 1.0350891261275994e-07 0.06136959990649612
99490517.90799966 1222031062.0009558 3055077.6550023896 1.7008249902251888e-08 0.061369616914746024
99490517.90799966 1222031062.0009558 3055077.6550023896 0.0 0.061369616914746024
99490517.90799966 1222031062.0009558 3055077.6550023896 7.406494876134932e-08 0.06136969097969479
99490517.90799966 1222031062.0009558 3055077.6550023896 1.19417169754007e-07 0.061369810396864545
99490517.90799966 1222031062.0009558 3055077.6550023896 7.406494876134932e-08 0.06136988446181331
99490517.90799966 1222031062.0009558 3055077.6550023896 0.000791717112906271 0.06216160157471958
99490517.90799966 1222031062.0009558 3055077.6550023896 0.0 0.06216160157471958
99490517.90799966 1222031062.0009558 3055077.6550023896 1.0350891261275994e-07 0.062161705083632196
99490517.90799966 1222031062.0009558 3055077.6550023896 0.00011960857262846556 0.06228131365626066
99490517.90799966 1222031062.0009558 3055077.6550023896 0.001226133710839017 0.06350744736709968
99490517.90799966 1222031062.0009558 3055077.6550023896 0.0008856401200780234 0.0643930874871777
99490517.90799966 1222031062.0009558 3055077.6550023896 0.0038148985104513866 0.06820798599762909
99490517.90799966 1222031062.0009558 3055077.6550023896 0.0014725080917806907 0.06968049408940978
99490517.90799966 1222031062.0009558 3055077.6550023896 3.659592701086416e-08 0.06968053068533679
99490517.90799966 1222031062.0009558 3055077.6550023896 0.0003307092543380199 0.07001123993967481
99490517.90799966 1222031062.0009558 3055077.6550023896 0.0 0.07001123993967481
99490517.90799966 1222031062.0009558 3055077.6550023896 0.0008470816006960008 0.07085832154037082
99490517.90799966 1222031062.0009558 3055077.6550023896 0.000490777551654357 0.07134909909202518
99490517.90799966 1222031062.0009558 3055077.6550023896 0.0003470162191771266 0.0716961153112023
99490517.90799966 1222031062.0009558 3055077.6550023896 7.268617974645484e-05 0.07176880149094876
99490517.90799966 1222031062.0009558 3055077.6550023896 0.002209302921193114 0.07397810441214188
99490517.90799966 1222031062.0009558 3055077.6550023896 9.99876808278216e-07 0.07397910428895016
99490517.90799966 1222031062.0009558 3055077.6550023896 9.727567548268427e-05 0.07407637996443284
99490517.90799966 1222031062.0009558 3055077.6550023896 0.0001628005571887448 0.07423918052162158
99490517.90799966 1222031062.0009558 3055077.6550023896 0.0 0.07423918052162158
99490517.90799966 1222031062.0009558 3055077.6550023896 0.00011746840970347788 0.07435664893132506
99490517.90799966 1222031062.0009558 3055077.6550023896 4.806448366510647e-05 0.07440471341499016
99490517.90799966 1222031062.0009558 3055077.6550023896 1.836890989443204e-06 0.0744065503059796
99490517.90799966 1222031062.0009558 3055077.6550023896 0.0041921109608167775 0.07859866126679638
99490517.90799966 1222031062.0009558 3055077.6550023896 4.810659536799098e-08 0.07859870937339175
99490517.90799966 1222031062.0009558 3055077.6550023896 0.018152510155339547 0.0967512195287313
99490517.90799966 1222031062.0009558 3055077.6550023896 3.4699092552796754e-05 0.09678591862128409
99490517.90799966 1222031062.0009558 3055077.6550023896 2.2943048770210524e-07 0.0967861480517718
99490517.90799966 1222031062.0009558 3055077.6550023896 0.000425151402278035 0.09721129945404983
99490517.90799966 1222031062.0009558 3055077.6550023896 0.0 0.09721129945404983
99490517.90799966 1222031062.0009558 3055077.6550023896 1.0382838634566107e-05 0.0972216822926844
99490517.90799966 1222031062.0009558 3055077.6550023896 0.0 0.0972216822926844
99490517.90799966 1222031062.0009558 3055077.6550023896 0.00010091704272054341 0.09732259933540494
99490517.90799966 1222031062.0009558 3055077.6550023896 0.001302639821607642 0.09862523915701257
99490517.90799966 1222031062.0009558 3055077.6550023896 0.0005568375797635261 0.09918207673677609
99490517.90799966 1222031062.0009558 3055077.6550023896 6.062123870117353e-08 0.09918213735801479
99490517.90799966 1222031062.0009558 3055077.6550023896 5.8403467319434355e-06 0.09918797770474673
99490517.90799966 1222031062.0009558 3055077.6550023896 0.0 0.09918797770474673
99490517.90799966 1222031062.0009558 3055077.6550023896 0.004374929207447715 0.10356290691219444
99490517.90799966 1222031062.0009558 3055077.6550023896 0.0006073557776202156 0.10417026268981466
99490517.90799966 1222031062.0009558 3055077.6550023896 0.0681498161707102 0.17232007886052486
99490517.90799966 1222031062.0009558 3055077.6550023896 0.0025166767215364077 0.17483675558206127
99490517.90799966 1222031062.0009558 3055077.6550023896 6.175189393345832e-05 0.17489850747599472
99490517.90799966 1222031062.0009558 3055077.6550023896 0.0 0.17489850747599472
99490517.90799966 1222031062.0009558 3055077.6550023896 0.006707519061479818 0.18160602653747454
99490517.90799966 1222031062.0009558 3055077.6550023896 0.0 0.18160602653747454
99490517.90799966 1222031062.0009558 3055077.6550023896 0.00028004371457540693 0.18188607025204995
99490517.90799966 1222031062.0009558 3055077.6550023896 0.0 0.18188607025204995
99490517.90799966 1222031062.0009558 3055077.6550023896 0.00047254020703426416 0.18235861045908422
99490517.90799966 1222031062.0009558 3055077.6550023896 0.0012153308096507602 0.18357394126873497
99490517.90799966 1222031062.0009558 3055077.6550023896 6.299943926891598e-05 0.18363694070800388
99490517.90799966 1222031062.0009558 3055077.6550023896 0.0025166767215364077 0.18615361742954029
99490517.90799966 1222031062.0009558 3055077.6550023896 0.0003033700301264868 0.18645698745966677
99490517.90799966 1222031062.0009558 3055077.6550023896 0.011183940190608439 0.19764092765027522
99490517.90799966 1222031062.0009558 3055077.6550023896 1.851623719033733e-05 0.19765944388746556
99490517.90799966 1222031062.0009558 3055077.6550023896 0.0005893459716220748 0.19824878985908764
99490517.90799966 1222031062.0009558 3055077.6550023896 0.001078487295709904 0.19932727715479753
99490517.90799966 1222031062.0009558 3055077.6550023896 0.022803871338771115 0.22213114849356866
99490517.90799966 1222031062.0009558 3055077.6550023896 0.0013834740897530062 0.22351462258332166
99490517.90799966 1222031062.0009558 3055077.6550023896 0.018774329604180053 0.2422889521875017
99490517.90799966 1222031062.0009558 3055077.6550023896 0.00019779740373226506 0.24248674959123398
99490517.90799966 1222031062.0009558 3055077.6550023896 0.03105458426497951 0.2735413338562135
99490517.90799966 1222031062.0009558 3055077.6550023896 0.0154933763430829 0.2890347101992964
99490517.90799966 1222031062.0009558 3055077.6550023896 0.00047667993879862476 0.289511390138095
99490517.90799966 1222031062.0009558 3055077.6550023896 0.0 0.289511390138095
99490517.90799966 1222031062.0009558 3055077.6550023896 9.796751943697088e-06 0.2895211868900387
99490517.90799966 1222031062.0009558 3055077.6550023896 0.015214063588484542 0.30473525047852323
99490517.90799966 1222031062.0009558 3055077.6550023896 0.00026511635054317367 0.3050003668290664
99490517.90799966 1222031062.0009558 3055077.6550023896 0.00027139781248060584 0.305271764641547
99490517.90799966 1222031062.0009558 3055077.6550023896 0.0006562562200575135 0.3059280208616045
99490517.90799966 1222031062.0009558 3055077.6550023896 0.0009677843097070461 0.30689580517131154
99490517.90799966 1222031062.0009558 3055077.6550023896 0.00118671313871763 0.3080825183100292
99490517.90799966 1222031062.0009558 3055077.6550023896 0.050927196687613106 0.3590097149976423
99490517.90799966 1222031062.0009558 3055077.6550023896 0.0003433048355235244 0.3593530198331658
99490517.90799966 1222031062.0009558 3055077.6550023896 0.03512066302151768 0.3944736828546835
99490517.90799966 1222031062.0009558 3055077.6550023896 0.0003839526943788349 0.39485763554906234
99490517.90799966 1222031062.0009558 3055077.6550023896 0.013593430206228685 0.408451065755291
99490517.90799966 1222031062.0009558 3055077.6550023896 0.000553873086695114 0.40900493884198613
99490517.90799966 1222031062.0009558 3055077.6550023896 0.0006631194791897866 0.4096680583211759
99490517.90799966 1222031062.0009558 3055077.6550023896 0.0005077324769254275 0.41017579079810135
99490517.90799966 1222031062.0009558 3055077.6550023896 2.2943048770210524e-07 0.41017602022858907
99490517.90799966 1222031062.0009558 3055077.6550023896 0.005288608512185779 0.41546462874077483
99490517.90799966 1222031062.0009558 3055077.6550023896 1.636619609918259e-06 0.4154662653603848
99490517.90799966 1222031062.0009558 3055077.6550023896 1.3249140814433273e-05 0.4154795145011992
99490517.90799966 1222031062.0009558 3055077.6550023896 0.00010739202396794085 0.4155869065251671
99490517.90799966 1222031062.0009558 3055077.6550023896 0.0001641670933161078 0.41575107361848324
99490517.90799966 1222031062.0009558 3055077.6550023896 6.607598045820632e-05 0.41581714959894145
99490517.90799966 1222031062.0009558 3055077.6550023896 0.002877976037735208 0.41869512563667666
99490517.90799966 1222031062.0009558 3055077.6550023896 0.0008832946912236797 0.4195784203279003
99490517.90799966 1222031062.0009558 3055077.6550023896 0.0008920257361857851 0.4204704460640861
99490517.90799966 1222031062.0009558 3055077.6550023896 0.0003975298168400292 0.42086797588092617
99490517.90799966 1222031062.0009558 3055077.6550023896 0.00032131809365009757 0.4211892939745763
99490517.90799966 1222031062.0009558 3055077.6550023896 0.00045727699365257066 0.42164657096822883
99490517.90799966 1222031062.0009558 3055077.6550023896 0.0009677843097070461 0.4226143552779359
99490517.90799966 1222031062.0009558 3055077.6550023896 0.0 0.4226143552779359
99490517.90799966 1222031062.0009558 3055077.6550023896 0.0 0.4226143552779359
99490517.90799966 1222031062.0009558 3055077.6550023896 6.0762905658996045e-05 0.4226751181835949
99490517.90799966 1222031062.0009558 3055077.6550023896 1.9074492552256933e-05 0.42269419267614716
99490517.90799966 1222031062.0009558 3055077.6550023896 0.0017598817335736131 0.42445407440972077
99490517.90799966 1222031062.0009558 3055077.6550023896 0.00016038872177198937 0.42461446313149276
99490517.90799966 1222031062.0009558 3055077.6550023896 0.004705095065465475 0.4293195581969582
99490517.90799966 1222031062.0009558 3055077.6550023896 0.009542569008541541 0.4388621272054998
99490517.90799966 1222031062.0009558 3055077.6550023896 0.0011193611813164164 0.43998148838681617
99490517.90799966 1222031062.0009558 3055077.6550023896 0.000824222608633287 0.44080571099544946
99490517.90799966 1222031062.0009558 3055077.6550023896 0.004768662479042842 0.4455743734744923
99490517.90799966 1222031062.0009558 3055077.6550023896 0.005330020982523235 0.4509043944570155
99490517.90799966 1222031062.0009558 3055077.6550023896 0.0035316694696582787 0.4544360639266738
99490517.90799966 1222031062.0009558 3055077.6550023896 1.851623719033733e-05 0.45445458016386414
99490517.90799966 1222031062.0009558 3055077.6550023896 0.0007000674385917362 0.4551546476024559
99490517.90799966 1222031062.0009558 3055077.6550023896 0.0030221557511653577 0.45817680335362126
99490517.90799966 1222031062.0009558 3055077.6550023896 0.0030448109262220936 0.4612216142798434
99490517.90799966 1222031062.0009558 3055077.6550023896 0.0004399704333934033 0.46166158471323676
99490517.90799966 1222031062.0009558 3055077.6550023896 0.0038422120936751148 0.4655037968069119
99490517.90799966 1222031062.0009558 3055077.6550023896 0.00019397382426402564 0.4656977706311759
99490517.90799966 1222031062.0009558 3055077.6550023896 0.004768662479042842 0.47046643311021874
99490517.90799966 1222031062.0009558 3055077.6550023896 0.00021263746245060546 0.47067907057266933
99490517.90799966 1222031062.0009558 3055077.6550023896 0.003135621163450829 0.4738146917361202
99490517.90799966 1222031062.0009558 3055077.6550023896 6.062123870117353e-08 0.47381475235735887
99490517.90799966 1222031062.0009558 3055077.6550023896 0.0009450089568828194 0.4747597613142417
99490517.90799966 1222031062.0009558 3055077.6550023896 0.0012834890130762494 0.4760432503273179
99490517.90799966 1222031062.0009558 3055077.6550023896 0.0022524325121828274 0.47829568283950075
99490517.90799966 1222031062.0009558 3055077.6550023896 0.0007229657107127195 0.4790186485502135
99490517.90799966 1222031062.0009558 3055077.6550023896 0.004080791443421824 0.4830994399936353
99490517.90799966 1222031062.0009558 3055077.6550023896 0.007743046003306504 0.4908424859969418
99490517.90799966 1222031062.0009558 3055077.6550023896 0.00043223697431087386 0.4912747229712527
99490517.90799966 1222031062.0009558 3055077.6550023896 0.0 0.4912747229712527
99490517.90799966 1222031062.0009558 3055077.6550023896 0.0014373322069203183 0.492712055178173
99490517.90799966 1222031062.0009558 3055077.6550023896 0.0038694146843079756 0.496581469862481
99490517.90799966 1222031062.0009558 3055077.6550023896 0.0 0.496581469862481
99490517.90799966 1222031062.0009558 3055077.6550023896 2.553021677803459e-05 0.496607000079259
99490517.90799966 1222031062.0009558 3055077.6550023896 0.0009360455165147425 0.4975430455957737
99490517.90799966 1222031062.0009558 3055077.6550023896 0.0015235749412362335 0.49906662053700995
99490517.90799966 1222031062.0009558 3055077.6550023896 0.004361091940774916 0.5034277124777848
99490517.90799966 1222031062.0009558 3055077.6550023896 0.003699181224954137 0.507126893702739
99490517.90799966 1222031062.0009558 3055077.6550023896 0.0004884384867674301 0.5076153321895064
99490517.90799966 1222031062.0009558 3055077.6550023896 0.014744992717723063 0.5223603249072295
99490517.90799966 1222031062.0009558 3055077.6550023896 0.0010172201279205727 0.5233775450351501
99490517.90799966 1222031062.0009558 3055077.6550023896 0.012824543131808709 0.5362020881669588
99490517.90799966 1222031062.0009558 3055077.6550023896 0.0008389292711374312 0.5370410174380962
99490517.90799966 1222031062.0009558 3055077.6550023896 0.0019245483224615573 0.5389655657605578
99490517.90799966 1222031062.0009558 3055077.6550023896 0.008831613643654472 0.5477971794042122
99490517.90799966 1222031062.0009558 3055077.6550023896 0.0003572749039394193 0.5481544543081517
99490517.90799966 1222031062.0009558 3055077.6550023896 0.006499459188094025 0.5546539134962457
99490517.90799966 1222031062.0009558 3055077.6550023896 0.0005191419317283054 0.555173055427974
99490517.90799966 1222031062.0009558 3055077.6550023896 0.005655388680092043 0.5608284441080661
99490517.90799966 1222031062.0009558 3055077.6550023896 0.005242405304422953 0.5660708494124891
99490517.90799966 1222031062.0009558 3055077.6550023896 0.0001568405304576866 0.5662276899429468
99490517.90799966 1222031062.0009558 3055077.6550023896 0.009859844979841062 0.5760875349227879
99490517.90799966 1222031062.0009558 3055077.6550023896 0.0011668451360579515 0.5772543800588458
99490517.90799966 1222031062.0009558 3055077.6550023896 0.0581322185360559 0.6353865985949017
99490517.90799966 1222031062.0009558 3055077.6550023896 0.0006377708181361354 0.6360243694130377
99490517.90799966 1222031062.0009558 3055077.6550023896 2.3073869831368125e-05 0.6360474432828691
99490517.90799966 1222031062.0009558 3055077.6550023896 0.0071068387870604115 0.6431542820699295
99490517.90799966 1222031062.0009558 3055077.6550023896 0.08141406630457798 0.7245683483745076
99490517.90799966 1222031062.0009558 3055077.6550023896 0.0 0.7245683483745076
99490517.90799966 1222031062.0009558 3055077.6550023896 0.0002286212095528589 0.7247969695840604
99490517.90799966 1222031062.0009558 3055077.6550023896 0.012877183421293315 0.7376741530053537
99490517.90799966 1222031062.0009558 3055077.6550023896 0.006167330429573405 0.7438414834349271
99490517.90799966 1222031062.0009558 3055077.6550023896 0.0001568405304576866 0.7439983239653848
99490517.90799966 1222031062.0009558 3055077.6550023896 0.0016274334340772346 0.745625757399462
99490517.90799966 1222031062.0009558 3055077.6550023896 0.0014963075423259913 0.747122064941788
99490517.90799966 1222031062.0009558 3055077.6550023896 7.606320591947875e-07 0.7471228255738472
99490517.90799966 1222031062.0009558 3055077.6550023896 0.004471811798350174 0.7515946373721974
99490517.90799966 1222031062.0009558 3055077.6550023896 0.06112049566587011 0.8127151330380675
99490517.90799966 1222031062.0009558 3055077.6550023896 0.00026760806902392293 0.8129827411070915
99490517.90799966 1222031062.0009558 3055077.6550023896 0.005788490131140865 0.8187712312382324
99490517.90799966 1222031062.0009558 3055077.6550023896 0.00027312598638571176 0.8190443572246181
99490517.90799966 1222031062.0009558 3055077.6550023896 0.0006420690651749042 0.819686426289793
99490517.90799966 1222031062.0009558 3055077.6550023896 0.006512036695810012 0.8261984629856031
99490517.90799966 1222031062.0009558 3055077.6550023896 0.001171019014745526 0.8273694820003485
99490517.90799966 1222031062.0009558 3055077.6550023896 2.6349067447822195e-06 0.8273721169070933
99490517.90799966 1222031062.0009558 3055077.6550023896 0.0147374047530516 0.842109521660145
99490517.90799966 1222031062.0009558 3055077.6550023896 0.006356126198249907 0.8484656478583948
99490517.90799966 1222031062.0009558 3055077.6550023896 0.00011960857262846556 0.8485852564310233
99490517.90799966 1222031062.0009558 3055077.6550023896 0.008646726709571935 0.8572319831405952
99490517.90799966 1222031062.0009558 3055077.6550023896 0.0020054515829316393 0.8592374347235269
99490517.90799966 1222031062.0009558 3055077.6550023896 0.014426553233402245 0.8736639879569291
99490517.90799966 1222031062.0009558 3055077.6550023896 0.0027360223823719126 0.876400010339301
99490517.90799966 1222031062.0009558 3055077.6550023896 0.007600488759501533 0.8840004990988025
99490517.90799966 1222031062.0009558 3055077.6550023896 0.0172390475569024 0.9012395466557049
99490517.90799966 1222031062.0009558 3055077.6550023896 0.024010587711827975 0.9252501343675329
99490517.90799966 1222031062.0009558 3055077.6550023896 0.00019091915372078372 0.9254410535212537
99490517.90799966 1222031062.0009558 3055077.6550023896 0.007077238189062424 0.9325182917103162
99490517.90799966 1222031062.0009558 3055077.6550023896 2.0207450949737155e-05 0.932538499161266
99490517.90799966 1222031062.0009558 3055077.6550023896 0.004614901855540416 0.9371534010168063
99490517.90799966 1222031062.0009558 3055077.6550023896 0.0007569099212282143 0.9379103109380346
99490517.90799966 1222031062.0009558 3055077.6550023896 0.0005364138055055069 0.9384467247435401
99490517.90799966 1222031062.0009558 3055077.6550023896 0.00039318361511111105 0.9388399083586512
99490517.90799966 1222031062.0009558 3055077.6550023896 0.013746179067896429 0.9525860874265476
99490517.90799966 1222031062.0009558 3055077.6550023896 0.0051378914211943575 0.957723978847742
99490517.90799966 1222031062.0009558 3055077.6550023896 0.006735380475927487 0.9644593593236694
99490517.90799966 1222031062.0009558 3055077.6550023896 0.010145149698881573 0.974604509022551
99490517.90799966 1222031062.0009558 3055077.6550023896 0.0027968966550533637 0.9774014056776044
99490517.90799966 1222031062.0009558 3055077.6550023896 0.0010162518271488092 0.9784176575047532
99490517.90799966 1222031062.0009558 3055077.6550023896 0.0010172201279205727 0.9794348776326738
99490517.90799966 1222031062.0009558 3055077.6550023896 0.0067693118239475205 0.9862041894566212
99490517.90799966 1222031062.0009558 3055077.6550023896 0.003561218640698983 0.9897654080973203
99490517.90799966 1222031062.0009558 3055077.6550023896 0.006499459188094025 0.9962648672854143
99490517.90799966 1222031062.0009558 3055077.6550023896 0.0027994505942963693 0.9990643178797106
99490517.90799966 1222031062.0009558 3055077.6550023896 4.365638410364055e-05 0.9991079742638143
99490517.90799966 1222031062.0009558 3055077.6550023896 0.0008920257361857851 1.0
1901's generation extracting best parents:
2660990.5975031178
0
3860543.0498830085
5914624.0
0
0
0
0
0
0
0
0
161800.582050869
0
0
0
0
0
0
3159806.435527341
0
0
0
0
0
0
0
0
0
0
2951475.018381148
47642.5230230306
0
6984193.174391441
0
6929928.3424866665
0
0
0
0
0
0
0
0
0
0
0
2770435.477358749
0
0
0
2327281.7636788203
118873.897016965
0
0
48818.84881887323
0
270637.8901484417
4417420.756957617
0
169791.14817916747
0
4194304.0
2118452.143406596
0
0
0
97296.80512740386
0
6370824.084827959
0
0
0
0
0
0
0
0
0
0
128180.80979616255
0
0
0
0
0
0
44171.48401401067
137568.84577548798
0
0
0
0
0
0
0
0
0
0
0
0
0
120905.90218843744
0
0
3183239.841399325
0
0
0
0
0
0
0
0
0
0
44171.48401401067
128180.80979616255
0
0
0
0
0
0
0
3057772.4833610496
0
0
0
0
0
0
0
0
0
0
0
0
0
0
0
0
0
3493718.7393950303
0
0
0
0
0
0
0
5135720.582355703
0
0
0
353486.2238673524
0
0
81148.1977618727
0
0
0
0
0
0
0
0
0
0
0
0
0
0
0
0
324592.7910474908
0
0
0
0
343633.12306004495
0
0
0
0
0
47887.74072766432
2217486.865801013
0
0
56074.23650840018
0
0
0
0
0
0
0
0
967502.904289181
0
0
146165.39103358221
1498373.4808117766
1082279.736489601
4661924.478152772
1799450.6272037583
0
404136.9812922346
0
1035160.0281000035
599745.4126544029
424064.5988525805
88824.76942835258
2699836.795067435
0
118873.897016965
198947.33779570914
0
143550.04546150446
58736.292017797656
0
5122889.809472774
0
22182931.263112724
0
0
519548.2196370227
0
0
0
123323.7608897815
1591866.3246039222
680472.8189604636
0
0
0
5346299.385556331
742207.6259376484
83281192.23026289
3075457.12673222
75462.73252407444
0
8196796.642091837
0
342222.11792927707
0
577458.8110402334
1485172.0
76987.27167525812
3075457.12673222
370727.60009473265
13667122.308484402
0
720199.0835873092
1317944.9753309127
27867039.109851625
1690648.311151672
22942813.944552135
241714.5713439717
37949666.58933108
18933387.14651808
582517.691844634
0
0
18592058.284385838
323980.4154080922
331656.557010411
801965.4855416161
1182662.4877791635
1450200.3171975932
62234616.2528954
419529.172744876
42918541.13036295
469202.118869896
16611593.951153513
676850.1163477775
810352.6013878157
620464.857989556
0
6462843.876653682
0
0
131236.38909997485
200617.28739069324
80746.90057209626
3516976.113806859
1079413.5495758797
1090083.1577232995
485793.7842500663
392660.6912233513
558806.6901818552
1182662.4877791635
0
0
74254.15813272682
0
2150630.1438750457
196000.0
5749772.319666232
11661315.739725428
1367894.1331667448
1007225.6297533339
5827453.673588835
6513451.201760246
4315809.792642859
0
855504.1554545483
3693168.2021288984
3720853.529763299
537657.5359687614
4695302.525266716
237042.038465754
5827453.673588835
259849.58405970174
3831826.4604044897
0
1154830.2991799272
1568463.4417161276
2752542.4949482614
883486.5552525404
4986853.901409185
9462242.730542904
528207.008753197
0
1756464.603271014
4728544.935986969
0
0
1143876.696627744
1861855.9034769582
5329389.81586898
4520514.360864701
596887.0027065424
18018839.110035475
1243074.5932115256
15671990.06304126
1025197.6281517628
2351857.830369855
10792506.200137205
436601.030287378
7942541.014058411
634407.5661591687
6911060.634761063
6406382.121603426
191664.0
12049036.831879966
1425921.0008075482
71039376.75408804
779375.75020012
0
8684777.75042102
99490517.90799966
0
279382.2195058232
15736318.131904172
7536669.354562399
191664.0
1988774.2077812655
1828534.2950286714
0
5464692.921006267
74691144.22858807
327025.3727893296
7073714.742340123
333768.4392029899
784628.3415936491
7957911.119169904
1431021.610212788
0
18009566.38150958
7767383.648259432
146165.39103358221
10566568.623730222
2450724.127681449
17629696.16882787
3343504.3375883335
9288033.350499986
21066651.59384642
29341684.00075224
233309.13617773307
8648604.900213676
0
5639553.415556235
924967.4348775746
655514.3324138687
480482.5907356061
16798257.80479678
6278662.909887741
8230844.15597817
12397688.060682926
3417894.5896817828
1241891.2995910712
1243074.5932115256
8272309.317234215
4351919.797510979
7942541.014058411
3421015.582767199
53349.457429293514
1090083.1577232995
