0 17 169 1156 2197.0 2539732.0
1 13 163 676 2081.044689573004 1406786.2101513506
2 4 73 64 110.30412503619254 7059.464002316323
3 0 50 0 1.0 0.0
4 4 70 64 585.6620185738528 37482.36918872658
5 0 50 0 1.0 0.0
6 0 50 0 1.0 0.0
7 3 74 36 117.57550765359255 4232.718275529332
8 0 50 0 1.0 0.0
9 0 50 0 1.0 0.0
10 0 50 0 1.0 0.0
11 1 56 4 14.696938456699069 58.787753826796276
12 25 268 2500 4387.349085723633 10968372.714309081
13 0 50 0 1.0 0.0
14 0 50 0 1.0 0.0
15 8 137 256 1603.5438877685885 410507.23526875867
16 2 24 16 117.57550765359255 1881.2081224574808
17 2 61 16 36.4828726939094 583.7259631025504
18 0 50 0 1.0 0.0
19 4 79 64 156.16977940690063 9994.86588204164
20 4 96 64 311.9871792237623 19967.17947032079
21 5 109 100 453.18759912424787 45318.759912424786
22 0 50 0 1.0 0.0
23 1 57 4 18.520259177452132 74.08103670980853
24 11 196 484 2744.0 1328096.0
25 4 130 64 715.5417527999327 45794.672179195695
26 5 81 100 172.60069524773067 17260.069524773065
27 0 50 0 1.0 0.0
28 0 50 0 1.0 0.0
29 1 56 4 14.696938456699069 58.787753826796276
30 18 268 1296 4387.349085723633 5686004.415097828
31 1 7 4 18.520259177452132 74.08103670980853
32 0 50 0 1.0 0.0
33 2 58 16 22.627416997969522 362.03867196751236
34 0 50 0 1.0 0.0
35 0 50 0 1.0 0.0
36 0 5 0 11.180339887498949 0.0
37 15 342 900 6324.68876704617 5692219.890341553
38 8 387 256 1603.5438877685885 410507.23526875867
39 3 22 36 103.18914671611545 3714.809281780156
40 0 50 0 1.0 0.0
41 0 10 0 31.622776601683793 0.0
42 0 50 0 1.0 0.0
43 4 90 64 252.98221281347034 16190.861620062102
44 4 72 64 610.9402589451771 39100.176572491335
45 0 50 0 1.0 0.0
46 0 50 0 1.0 0.0
47 3 29 36 156.16977940690063 5622.112058648423
48 2 26 16 132.5745073534124 2121.1921176545984
49 0 50 0 1.0 0.0
50 0 50 0 1.0 0.0
51 1 23 4 110.30412503619254 441.2165001447702
52 2 18 16 76.36753236814714 1221.8805178903542
53 3 26 36 132.5745073534124 4772.682264722846
54 0 50 0 1.0 0.0
55 1 20 4 89.44271909999159 357.77087639996637
56 0 50 0 1.0 0.0
57 2 50 16 353.5533905932738 5656.85424949238
58 0 50 0 1.0 0.0
59 4 97 64 955.3392067742221 61141.70923355022
60 2 85 16 207.06279240848656 3313.004678535785
61 6 53 144 385.84582413186746 55561.79867498892
62 0 50 0 1.0 0.0
63 0 50 0 1.0 0.0
64 1 19 4 82.8190799272728 331.2763197090912
65 1 11 4 36.4828726939094 145.9314907756376
66 3 41 36 262.5280937347468 9451.011374450885
67 1 56 4 14.696938456699069 58.787753826796276
68 0 50 0 1.0 0.0
69 0 50 0 1.0 0.0
70 1 57 4 18.520259177452132 74.08103670980853
71 1 7 4 18.520259177452132 74.08103670980853
72 33 655 4356 16763.393898611343 73021343.82235101
73 5 118 100 560.7423650840018 56074.23650840018
74 1 11 4 36.4828726939094 145.9314907756376
75 1 18 4 76.36753236814714 305.47012947258855
76 0 50 0 1.0 0.0
77 2 14 16 52.38320341483518 838.1312546373629
78 0 50 0 1.0 0.0
79 0 50 0 1.0 0.0
80 1 27 4 140.29611541307906 561.1844616523163
81 21 300 1764 5196.152422706632 9166012.8736545
82 1 57 4 18.520259177452132 74.08103670980853
83 1 55 4 11.180339887498949 44.721359549995796
84 17 320 1156 5724.334022399462 6617330.129893778
85 3 42 36 272.19110933313016 9798.879935992685
86 0 50 0 1.0 0.0
87 0 10 0 31.622776601683793 0.0
88 1 53 4 5.196152422706632 20.784609690826528
89 1 6 4 14.696938456699069 58.787753826796276
90 0 50 0 1.0 0.0
91 1 55 4 11.180339887498949 44.721359549995796
92 0 50 0 1.0 0.0
93 0 50 0 1.0 0.0
94 5 74 100 636.5720697611544 63657.206976115434
95 0 50 0 1.0 0.0
96 14 197 784 2765.0267629807854 2167780.9821769358
97 2 41 16 262.5280937347468 4200.449499755949
98 0 50 0 1.0 0.0
99 0 50 0 1.0 0.0
100 0 50 0 1.0 0.0
101 1 55 4 11.180339887498949 44.721359549995796
102 1 11 4 36.4828726939094 145.9314907756376
103 0 50 0 1.0 0.0
104 1 9 4 27.0 108.0
105 0 50 0 1.0 0.0
106 6 61 144 476.42523023030594 68605.23315316405
107 2 55 16 407.8909167902615 6526.254668644184
108 0 50 0 1.0 0.0
109 0 50 0 1.0 0.0
110 0 50 0 1.0 0.0
111 0 50 0 1.0 0.0
112 2 18 16 76.36753236814714 1221.8805178903542
113 7 313 196 500.0469977912076 98009.2115670767
114 0 50 0 1.0 0.0
115 16 201 1024 2849.6668226303227 2918058.8263734505
116 0 50 0 1.0 0.0
117 0 50 0 1.0 0.0
118 27 356 2916 6716.994566024302 19586756.154526863
119 2 97 16 322.21576621884907 5155.452259501585
120 1 19 4 82.8190799272728 331.2763197090912
121 0 6 0 14.696938456699069 0.0
122 0 5 0 11.180339887498949 0.0
123 1 50 4 1.0 4.0
124 22 312 1936 5511.018780588576 10669332.359219484
125 3 22 36 103.18914671611545 3714.809281780156
126 2 22 16 103.18914671611545 1651.0263474578471
127 1 55 4 11.180339887498949 44.721359549995796
128 0 50 0 1.0 0.0
129 0 50 0 1.0 0.0
130 2 63 16 46.87216658103186 749.9546652965098
131 6 73 144 623.7122734081797 89814.56737077788
132 1 11 4 36.4828726939094 145.9314907756376
133 0 50 0 1.0 0.0
134 0 50 0 1.0 0.0
135 1 51 4 1.0 4.0
136 0 50 0 1.0 0.0
137 1 51 4 1.0 4.0
138 6 58 144 441.7148401401067 63606.936980175364
139 3 77 36 140.29611541307906 5050.660154870846
140 2 63 16 46.87216658103186 749.9546652965098
141 0 50 0 1.0 0.0
142 1 52 4 2.8284271247461903 11.313708498984761
143 1 53 4 5.196152422706632 20.784609690826528
144 1 18 4 76.36753236814714 305.47012947258855
145 16 195 1024 2723.0268085349435 2788379.451939782
146 1 19 4 82.8190799272728 331.2763197090912
147 11 130 484 1482.2280526288794 717398.3774723776
148 0 7 0 18.520259177452132 0.0
149 0 50 0 1.0 0.0
150 11 377 484 1431.21731403725 692709.179994029
151 0 50 0 1.0 0.0
152 1 10 4 31.622776601683793 126.49110640673517
153 0 50 0 1.0 0.0
154 0 50 0 1.0 0.0
155 0 50 0 1.0 0.0
156 1 18 4 76.36753236814714 305.47012947258855
157 0 50 0 1.0 0.0
158 1 8 4 22.627416997969522 90.50966799187809
159 15 220 900 3263.127334322092 2936814.6008898825
160 0 50 0 1.0 0.0
161 1 54 4 8.0 32.0
162 1 53 4 5.196152422706632 20.784609690826528
163 1 37 4 225.06221362103412 900.2488544841365
164 7 105 196 1075.929830425758 210882.24676344855
165 0 50 0 1.0 0.0
166 0 50 0 1.0 0.0
167 2 79 16 156.16977940690063 2498.71647051041
168 3 41 36 262.5280937347468 9451.011374450885
169 0 50 0 1.0 0.0
170 10 184 400 2495.8974337900986 998358.9735160394
171 1 55 4 11.180339887498949 44.721359549995796
172 2 79 16 156.16977940690063 2498.71647051041
173 8 79 256 702.1673589679315 179754.84389579046
174 1 8 4 22.627416997969522 90.50966799187809
175 0 50 0 1.0 0.0
176 0 50 0 1.0 0.0
177 0 50 0 1.0 0.0
178 1 54 4 8.0 32.0
179 1 52 4 2.8284271247461903 11.313708498984761
180 0 50 0 1.0 0.0
181 1 53 4 5.196152422706632 20.784609690826528
182 0 50 0 1.0 0.0
183 13 271 676 4461.2230385848225 3015786.77408334
184 1 19 4 82.8190799272728 331.2763197090912
185 0 50 0 1.0 0.0
186 1 16 4 64.0 256.0
187 3 26 36 132.5745073534124 4772.682264722846
188 1 14 4 52.38320341483518 209.53281365934072
189 0 50 0 1.0 0.0
190 0 50 0 1.0 0.0
191 3 86 36 216.0 7776.0
192 1 52 4 2.8284271247461903 11.313708498984761
193 5 115 100 524.0467536394058 52404.67536394058
194 0 50 0 1.0 0.0
195 1 19 4 82.8190799272728 331.2763197090912
196 0 50 0 1.0 0.0
197 2 18 16 76.36753236814714 1221.8805178903542
198 12 433 576 2475.578114299769 1425932.993836667
199 0 50 0 1.0 0.0
200 1 27 4 140.29611541307906 561.1844616523163
201 17 305 1156 5326.596004954759 6157544.981727702
202 4 56 64 419.06562731868144 26820.200148395612
203 3 31 36 172.60069524773067 6213.625028918304
204 5 64 100 512.0 51200.0
205 5 102 100 374.9773326482549 37497.73326482549
206 8 145 256 1746.0312139248829 446983.99076477
207 6 319 144 573.1570465413472 82534.614701954
208 4 80 64 164.31676725154983 10516.27310409919
209 0 50 0 1.0 0.0
210 10 393 400 1710.0312862634999 684012.5145054
211 2 27 16 140.29611541307906 2244.737846609265
212 10 83 400 756.1659870689768 302466.39482759073
213 12 197 576 2765.0267629807854 1592655.4154769324
214 2 16 16 64.0 1024.0
215 7 119 196 1298.13674164165 254434.80136176338
216 6 72 144 610.9402589451771 87975.39728810551
217 7 63 196 500.0469977912076 98009.2115670767
218 8 138 256 1621.132937176961 415010.031917302
219 24 298 2304 5144.277597486356 11852415.584608564
220 1 12 4 41.569219381653056 166.27687752661222
221 17 251 1156 3976.5878589564695 4596935.564953679
222 10 155 400 1929.7344376882536 771893.7750753014
223 1 55 4 11.180339887498949 44.721359549995796
224 0 50 0 1.0 0.0
225 2 70 16 89.44271909999159 1431.0835055998655
226 2 71 16 96.23408959407264 1539.7454335051623
227 1 52 4 2.8284271247461903 11.313708498984761
228 0 50 0 1.0 0.0
229 7 80 196 715.5417527999327 140246.18354878682
230 5 62 100 488.18848818873226 48818.84881887323
231 10 183 400 2475.578114299769 990231.2457199076
232 8 75 256 649.519052838329 166276.87752661222
233 6 89 144 839.6243207530378 120905.90218843744
234 0 50 0 1.0 0.0
235 0 50 0 1.0 0.0
236 0 50 0 1.0 0.0
237 9 108 324 1122.3689233046325 363647.53115070093
238 0 50 0 1.0 0.0
239 0 50 0 1.0 0.0
240 14 172 784 2255.7588523598884 1768514.9402501525
241 8 82 256 742.5415813272682 190090.64481978066
242 13 215 676 3152.518834202264 2131102.7319207303
243 25 504 2500 11314.771937604399 28286929.844010998
244 3 40 36 252.98221281347034 9107.359661284932
245 18 207 1296 2978.2113759771987 3859761.9432664495
246 1 56 4 14.696938456699069 58.787753826796276
247 0 50 0 1.0 0.0
248 11 144 484 1728.0 836352.0
249 5 28 100 148.16207341961706 14816.207341961706
250 4 117 64 548.4186357154541 35098.79268578906
251 4 78 64 148.16207341961706 9482.372698855492
252 15 229 900 3465.3988226465362 3118858.9403818827
253 21 379 1764 7378.3425645601465 13015396.283884099
254 0 50 0 1.0 0.0
255 16 341 1024 6296.969191603212 6448096.452201689
256 0 50 0 1.0 0.0
257 0 50 0 1.0 0.0
258 5 141 100 868.0846732894205 86808.46732894205
259 17 190 1156 2618.969262897142 3027528.4679090963
260 2 67 16 70.09279563550022 1121.4847301680036
261 1 13 4 46.87216658103186 187.48866632412745
262 26 411 2704 8332.258457345164 22530426.868661325
263 20 328 1600 5940.332650618146 9504532.240989033
264 1 54 4 8.0 32.0
265 4 51 64 364.21284985568536 23309.622390763863
266 4 81 64 172.60069524773067 11046.444495854763
267 14 209 784 3021.4779496134006 2368838.712496906
268 6 288 144 234.2477321128211 33731.67342424624
269 14 281 784 3465.3988226465362 2716872.6769548845
270 1 53 4 5.196152422706632 20.784609690826528
271 0 50 0 1.0 0.0
272 5 83 100 756.1659870689768 75616.59870689768
273 4 106 64 419.06562731868144 26820.200148395612
274 5 82 100 181.01933598375618 18101.933598375617
275 10 425 400 2315.032397181517 926012.9588726067
276 26 456 2704 9737.495365852556 26330187.469265312
277 0 50 0 1.0 0.0
278 15 122 900 1347.5340440968457 1212780.6396871612
279 6 67 144 548.4186357154541 78972.28354302539
280 7 108 196 1122.3689233046325 219984.30896770797
281 10 374 400 1380.8055619818454 552322.2247927381
282 5 52 100 374.9773326482549 37497.73326482549
283 12 140 576 1656.5023392678925 954145.347418306
284 20 335 1600 6131.506747937247 9810410.796699597
285 3 58 36 441.7148401401067 15901.734245043841
286 18 238 1296 3671.68517168888 4758503.982508789
287 4 48 64 332.55375505322445 21283.440323406365
288 17 293 1156 5015.352131206741 5797747.063674993
289 10 227 400 3420.0998523434955 1368039.9409373982
290 2 72 16 103.18914671611545 1651.0263474578471
291 18 235 1296 3602.4817834376345 4668816.391335174
292 7 350 196 1000.0 196000.0
293 16 521 1024 4461.2230385848225 4568292.391510858
294 5 59 100 453.18759912424787 45318.759912424786
295 0 50 0 1.0 0.0
296 8 74 256 636.5720697611544 162962.4498588555
297 12 514 576 4289.492277647787 2470747.5519251255
298 29 655 3364 16763.393898611343 56392057.07492856
299 11 219 484 1967.204361524242 952126.9109777331
300 12 242 576 3764.636503037179 2168430.6257494153
301 0 50 0 1.0 0.0
302 7 77 196 675.6722578291934 132431.7625345219
303 15 470 900 3263.127334322092 2936814.6008898825
304 1 12 4 41.569219381653056 166.27687752661222
305 19 228 1444 3442.724502483462 4971294.181586119
306 20 237 1600 3648.568623446735 5837709.797514776
307 6 69 144 573.1570465413472 82534.614701954
308 8 122 256 1347.5340440968457 344968.7152887925
309 22 369 1936 7088.258530838163 13722868.515702683
310 9 329 324 702.1673589679315 227502.2243056098
311 4 42 64 272.19110933313016 17420.23099732033
312 6 55 144 407.8909167902615 58736.292017797656
313 13 249 676 3929.1537256768156 2656107.9185575275
314 8 422 256 2255.7588523598884 577474.2662041314
315 11 118 484 1281.8080979616254 620395.1194134267
316 20 319 1600 5697.522180737868 9116035.48918059
317 11 168 484 2177.5288746650413 1053923.97533788
318 21 351 1764 6575.982892313514 11600033.822041038
319 20 274 1600 4535.5070278856365 7256811.244617019
320 1 57 4 18.520259177452132 74.08103670980853
321 21 629 1764 7378.3425645601465 13015396.283884099
322 9 356 324 1091.336794944622 353593.1215620575
323 12 119 576 1298.13674164165 747726.7631855904
324 9 376 324 1414.3464922005498 458248.26347297814
325 13 208 676 2999.818661186039 2027877.4149617625
326 3 83 36 189.57056733575496 6824.5404240871785
327 20 336 1600 6158.981734020649 9854370.77443304
328 9 143 324 1710.0312862634999 554050.136749374
329 15 501 900 3976.5878589564695 3578929.0730608227
330 13 272 676 4485.938920672014 3032494.7103742817
331 20 468 1600 10124.387981502881 16199020.77040461
332 21 380 1764 7407.563702054813 13066942.37042469
333 9 160 324 2023.8577025077627 655729.8956125152
334 16 219 1024 3240.9040405417745 3318685.737514777
335 0 50 0 1.0 0.0
336 16 220 1024 3263.127334322092 3341442.390345822
337 19 249 1444 3929.1537256768156 5673697.979877322
338 9 374 324 1380.8055619818454 447381.0020821179
339 16 227 1024 3420.0998523434955 3502182.2487997394
340 23 487 2116 10747.153250977675 22740976.27906876
341 27 328 2916 5940.332650618146 17322010.009202514
342 17 250 1156 3952.847075210474 4569491.218943308
343 8 162 256 2061.9233739399724 527852.3837286329
344 12 449 576 2807.240459953511 1616970.5049332224
345 20 293 1600 5015.352131206741 8024563.409930786
346 30 612 3600 15140.043857268049 54504157.88616498
347 12 225 576 3375.0 1944000.0
348 5 92 100 272.19110933313016 27219.110933313015
349 15 239 900 3694.850335263933 3325365.30173754
350 14 170 784 2216.5288177689004 1737758.5931308179
351 10 142 400 1692.125290869444 676850.1163477775
352 16 220 1024 3263.127334322092 3341442.390345822
353 2 30 16 164.31676725154983 2629.0682760247973
354 17 180 1156 2414.953415699773 2791686.1485489374
355 9 114 324 1217.1869207315694 394368.5623170285
356 16 333 1024 6076.6797677679215 6222520.082194352
357 23 504 2116 11314.771937604399 23942057.419970907
358 14 157 784 1967.204361524242 1542288.2194350057
359 9 126 324 1414.3464922005498 458248.26347297814
360 17 233 1156 3556.5906427363834 4111418.7830032595
361 12 236 576 3625.500792993983 2088288.456764534
362 7 303 196 385.84582413186746 75625.78152984602
363 18 213 1296 3108.6326576165284 4028787.9242710206
364 9 207 324 2978.2113759771987 964940.4858166124
365 15 261 900 4216.584043986317 3794925.639587685
366 17 295 1156 5066.791391008712 5857210.848006071
367 7 80 196 715.5417527999327 140246.18354878682
368 10 136 400 1586.0189153979218 634407.5661591687
369 7 76 196 662.5526394181824 129860.31732596374
370 13 204 676 2913.702798845483 1969663.0920195465
371 13 189 676 2598.3204190399615 1756464.603271014
372 8 323 256 623.7122734081797 159670.341992494
373 10 124 400 1380.8055619818454 552322.2247927381
374 18 192 1296 2660.4300404257956 3447917.332391831
375 14 247 784 3881.9097104389225 3043417.2129841154
376 10 105 400 1075.929830425758 430371.9321703032
377 10 194 400 2702.1073257737194 1080842.9303094877
378 13 186 676 2536.7017956393693 1714810.4138522136
379 7 62 196 488.18848818873226 95684.94368499152
380 18 499 1296 3929.1537256768156 5092183.228477153
381 19 328 1444 5940.332650618146 8577840.347492602
382 15 194 900 2702.1073257737194 2431896.5931963474
383 7 109 196 1137.99340947125 223046.708256365
384 25 350 2500 6547.900426854398 16369751.067135993
385 13 420 676 2216.5288177689004 1498373.4808117766
386 16 304 1024 5300.421115345459 5427631.22211375
387 22 338 1936 6214.054393067379 12030409.304978447
388 13 192 676 2660.4300404257956 1798450.7073278378
389 16 193 1024 2681.2416899638124 2745591.490522944
390 10 179 400 2394.8567806864776 957942.712274591
391 22 398 1936 7940.075062617481 15371985.321227444
392 36 696 5184 18361.7410939159 95187265.83086003
393 12 209 576 3021.4779496134006 1740371.2989773187
394 12 224 576 3352.5250185494515 1931054.410684484
395 21 407 1764 8210.91608774563 14484055.978783293
396 15 175 900 2315.032397181517 2083529.1574633652
397 11 150 484 1837.1173070873836 889164.7766302937
398 9 345 324 925.9454627568516 300006.32993321994
399 14 182 784 2455.3142365082317 1924966.3614224538
1801's generation fitness ratios and roulette cutoffs:
95187265.83086003 943593902.9595027 2358984.7573987567 0.002691551939912228 0.002691551939912228
95187265.83086003 943593902.9595027 2358984.7573987567 0.001490880987826526 0.004182432927738754
95187265.83086003 943593902.9595027 2358984.7573987567 7.481464197866168e-06 0.00418991439193662
95187265.83086003 943593902.9595027 2358984.7573987567 0.0 0.00418991439193662
95187265.83086003 943593902.9595027 2358984.7573987567 3.9722987898889866e-05 0.00422963737983551
95187265.83086003 943593902.9595027 2358984.7573987567 0.0 0.00422963737983551
95187265.83086003 943593902.9595027 2358984.7573987567 0.0 0.00422963737983551
95187265.83086003 943593902.9595027 2358984.7573987567 4.4857414426415515e-06 0.004234123121278152
95187265.83086003 943593902.9595027 2358984.7573987567 0.0 0.004234123121278152
95187265.83086003 943593902.9595027 2358984.7573987567 0.0 0.004234123121278152
95187265.83086003 943593902.9595027 2358984.7573987567 0.0 0.004234123121278152
95187265.83086003 943593902.9595027 2358984.7573987567 6.230196448113266e-08 0.004234185423242633
95187265.83086003 943593902.9595027 2358984.7573987567 0.011624039409228595 0.015858224832471228
95187265.83086003 943593902.9595027 2358984.7573987567 0.0 0.015858224832471228
95187265.83086003 943593902.9595027 2358984.7573987567 0.0 0.015858224832471228
95187265.83086003 943593902.9595027 2358984.7573987567 0.000435046510984479 0.016293271343455706
95187265.83086003 943593902.9595027 2358984.7573987567 1.993662863396245e-06 0.0162952650063191
95187265.83086003 943593902.9595027 2358984.7573987567 6.1861989704654e-07 0.01629588362621615
95187265.83086003 943593902.9595027 2358984.7573987567 0.0 0.01629588362621615
95187265.83086003 943593902.9595027 2358984.7573987567 1.0592338346712062e-05 0.01630647596456286
95187265.83086003 943593902.9595027 2358984.7573987567 2.1160776270062168e-05 0.016327636740832922
95187265.83086003 943593902.9595027 2358984.7573987567 4.8027821894870575e-05 0.016375664562727793
95187265.83086003 943593902.9595027 2358984.7573987567 0.0 0.016375664562727793
95187265.83086003 943593902.9595027 2358984.7573987567 7.850944826737392e-08 0.016375743072176062
95187265.83086003 943593902.9595027 2358984.7573987567 0.0014074868392372384 0.0177832299114133
95187265.83086003 943593902.9595027 2358984.7573987567 4.8532183215220626e-05 0.01783176209462852
95187265.83086003 943593902.9595027 2358984.7573987567 1.829184087629044e-05 0.01785005393550481
95187265.83086003 943593902.9595027 2358984.7573987567 0.0 0.01785005393550481
95187265.83086003 943593902.9595027 2358984.7573987567 0.0 0.01785005393550481
95187265.83086003 943593902.9595027 2358984.7573987567 6.230196448113266e-08 0.01785011623746929
95187265.83086003 943593902.9595027 2358984.7573987567 0.0060259020297441035 0.023876018267213393
95187265.83086003 943593902.9595027 2358984.7573987567 7.850944826737392e-08 0.02387609677666166
95187265.83086003 943593902.9595027 2358984.7573987567 0.0 0.02387609677666166
95187265.83086003 943593902.9595027 2358984.7573987567 3.8368059695172743e-07 0.023876480457258615
95187265.83086003 943593902.9595027 2358984.7573987567 0.0 0.023876480457258615
95187265.83086003 943593902.9595027 2358984.7573987567 0.0 0.023876480457258615
95187265.83086003 943593902.9595027 2358984.7573987567 0.0 0.023876480457258615
95187265.83086003 943593902.9595027 2358984.7573987567 0.006032489053276399 0.029908969510535014
95187265.83086003 943593902.9595027 2358984.7573987567 0.000435046510984479 0.030344016021519492
95187265.83086003 943593902.9595027 2358984.7573987567 3.936872917606791e-06 0.030347952894437098
95187265.83086003 943593902.9595027 2358984.7573987567 0.0 0.030347952894437098
95187265.83086003 943593902.9595027 2358984.7573987567 0.0 0.030347952894437098
95187265.83086003 943593902.9595027 2358984.7573987567 0.0 0.030347952894437098
95187265.83086003 943593902.9595027 2358984.7573987567 1.7158717928635223e-05 0.030365111612365735
95187265.83086003 943593902.9595027 2358984.7573987567 4.1437504470786565e-05 0.03040654911683652
95187265.83086003 943593902.9595027 2358984.7573987567 0.0 0.03040654911683652
95187265.83086003 943593902.9595027 2358984.7573987567 0.0 0.03040654911683652
95187265.83086003 943593902.9595027 2358984.7573987567 5.958190320025535e-06 0.030412507307156545
95187265.83086003 943593902.9595027 2358984.7573987567 2.2479926067788887e-06 0.030414755299763323
95187265.83086003 943593902.9595027 2358984.7573987567 0.0 0.030414755299763323
95187265.83086003 943593902.9595027 2358984.7573987567 0.0 0.030414755299763323
95187265.83086003 943593902.9595027 2358984.7573987567 4.675915123666355e-07 0.03041522289127569
95187265.83086003 943593902.9595027 2358984.7573987567 1.2949220147120802e-06 0.030416517813290404
95187265.83086003 943593902.9595027 2358984.7573987567 5.0579833652525e-06 0.030421575796655657
95187265.83086003 943593902.9595027 2358984.7573987567 0.0 0.030421575796655657
95187265.83086003 943593902.9595027 2358984.7573987567 3.7915768136891114e-07 0.030421954954337027
95187265.83086003 943593902.9595027 2358984.7573987567 0.0 0.030421954954337027
95187265.83086003 943593902.9595027 2358984.7573987567 5.995009327370741e-06 0.030427949963664398
95187265.83086003 943593902.9595027 2358984.7573987567 0.0 0.030427949963664398
95187265.83086003 943593902.9595027 2358984.7573987567 6.479663448628101e-05 0.03049274659815068
95187265.83086003 943593902.9595027 2358984.7573987567 3.511049264037024e-06 0.030496257647414718
95187265.83086003 943593902.9595027 2358984.7573987567 5.888316838496309e-05 0.03055514081579968
95187265.83086003 943593902.9595027 2358984.7573987567 0.0 0.03055514081579968
95187265.83086003 943593902.9595027 2358984.7573987567 0.0 0.03055514081579968
95187265.83086003 943593902.9595027 2358984.7573987567 3.510793347329513e-07 0.03055549189513441
95187265.83086003 943593902.9595027 2358984.7573987567 1.54654974261635e-07 0.030555646550108673
95187265.83086003 943593902.9595027 2358984.7573987567 1.0015973338539582e-05 0.030565662523447213
95187265.83086003 943593902.9595027 2358984.7573987567 6.230196448113266e-08 0.030565724825411693
95187265.83086003 943593902.9595027 2358984.7573987567 0.0 0.030565724825411693
95187265.83086003 943593902.9595027 2358984.7573987567 0.0 0.030565724825411693
95187265.83086003 943593902.9595027 2358984.7573987567 7.850944826737392e-08 0.03056580333485996
95187265.83086003 943593902.9595027 2358984.7573987567 7.850944826737392e-08 0.03056588184430823
95187265.83086003 943593902.9595027 2358984.7573987567 0.07738640912507565 0.10795229096938389
95187265.83086003 943593902.9595027 2358984.7573987567 5.9426238694981034e-05 0.10801171720807887
95187265.83086003 943593902.9595027 2358984.7573987567 1.54654974261635e-07 0.10801187186305312
95187265.83086003 943593902.9595027 2358984.7573987567 3.2373050367802004e-07 0.1080121955935568
95187265.83086003 943593902.9595027 2358984.7573987567 0.0 0.1080121955935568
95187265.83086003 943593902.9595027 2358984.7573987567 8.882330121131929e-07 0.10801308382656892
95187265.83086003 943593902.9595027 2358984.7573987567 0.0 0.10801308382656892
95187265.83086003 943593902.9595027 2358984.7573987567 0.0 0.10801308382656892
95187265.83086003 943593902.9595027 2358984.7573987567 5.947309111390065e-07 0.10801367855748006
95187265.83086003 943593902.9595027 2358984.7573987567 0.009713938215270439 0.11772761677275051
95187265.83086003 943593902.9595027 2358984.7573987567 7.850944826737392e-08 0.11772769528219877
95187265.83086003 943593902.9595027 2358984.7573987567 4.739471017111389e-08 0.11772774267690894
95187265.83086003 943593902.9595027 2358984.7573987567 0.0070129004745993805 0.12474064315150832
95187265.83086003 943593902.9595027 2358984.7573987567 1.0384636765094946e-05 0.12475102778827342
95187265.83086003 943593902.9595027 2358984.7573987567 0.0 0.12475102778827342
95187265.83086003 943593902.9595027 2358984.7573987567 0.0 0.12475102778827342
95187265.83086003 943593902.9595027 2358984.7573987567 2.2027070782926164e-08 0.1247510498153442
95187265.83086003 943593902.9595027 2358984.7573987567 6.230196448113266e-08 0.12475111211730867
95187265.83086003 943593902.9595027 2358984.7573987567 0.0 0.12475111211730867
95187265.83086003 943593902.9595027 2358984.7573987567 4.739471017111389e-08 0.12475115951201884
95187265.83086003 943593902.9595027 2358984.7573987567 0.0 0.12475115951201884
95187265.83086003 943593902.9595027 2358984.7573987567 0.0 0.12475115951201884
95187265.83086003 943593902.9595027 2358984.7573987567 6.746250349484029e-05 0.12481862201551368
95187265.83086003 943593902.9595027 2358984.7573987567 0.0 0.12481862201551368
95187265.83086003 943593902.9595027 2358984.7573987567 0.0022973664575172367 0.1271159884730309
95187265.83086003 943593902.9595027 2358984.7573987567 4.451543706017592e-06 0.12712044001673692
95187265.83086003 943593902.9595027 2358984.7573987567 0.0 0.12712044001673692
95187265.83086003 943593902.9595027 2358984.7573987567 0.0 0.12712044001673692
95187265.83086003 943593902.9595027 2358984.7573987567 0.0 0.12712044001673692
95187265.83086003 943593902.9595027 2358984.7573987567 4.739471017111389e-08 0.1271204874114471
95187265.83086003 943593902.9595027 2358984.7573987567 1.54654974261635e-07 0.12712064206642137
95187265.83086003 943593902.9595027 2358984.7573987567 0.0 0.12712064206642137
95187265.83086003 943593902.9595027 2358984.7573987567 1.1445601721383225e-07 0.1271207565224386
95187265.83086003 943593902.9595027 2358984.7573987567 0.0 0.1271207565224386
95187265.83086003 943593902.9595027 2358984.7573987567 7.270631246979185e-05 0.12719346283490837
95187265.83086003 943593902.9595027 2358984.7573987567 6.916380710149924e-06 0.12720037921561853
95187265.83086003 943593902.9595027 2358984.7573987567 0.0 0.12720037921561853
95187265.83086003 943593902.9595027 2358984.7573987567 0.0 0.12720037921561853
95187265.83086003 943593902.9595027 2358984.7573987567 0.0 0.12720037921561853
95187265.83086003 943593902.9595027 2358984.7573987567 0.0 0.12720037921561853
95187265.83086003 943593902.9595027 2358984.7573987567 1.2949220147120802e-06 0.12720167413763322
95187265.83086003 943593902.9595027 2358984.7573987567 0.00010386800005773572 0.12730554213769096
95187265.83086003 943593902.9595027 2358984.7573987567 0.0 0.12730554213769096
95187265.83086003 943593902.9595027 2358984.7573987567 0.003092494363540507 0.13039803650123147
95187265.83086003 943593902.9595027 2358984.7573987567 0.0 0.13039803650123147
95187265.83086003 943593902.9595027 2358984.7573987567 0.0 0.13039803650123147
95187265.83086003 943593902.9595027 2358984.7573987567 0.02075761203320057 0.15115564853443203
95187265.83086003 943593902.9595027 2358984.7573987567 5.463634560727813e-06 0.15116111216899275
95187265.83086003 943593902.9595027 2358984.7573987567 3.510793347329513e-07 0.1511614632483275
95187265.83086003 943593902.9595027 2358984.7573987567 0.0 0.1511614632483275
95187265.83086003 943593902.9595027 2358984.7573987567 0.0 0.1511614632483275
95187265.83086003 943593902.9595027 2358984.7573987567 4.239111748660454e-09 0.15116146748743925
95187265.83086003 943593902.9595027 2358984.7573987567 0.011307123038582619 0.16246859052602186
95187265.83086003 943593902.9595027 2358984.7573987567 3.936872917606791e-06 0.16247252739893947
95187265.83086003 943593902.9595027 2358984.7573987567 1.7497212967141292e-06 0.16247427712023618
95187265.83086003 943593902.9595027 2358984.7573987567 4.739471017111389e-08 0.16247432451494637
95187265.83086003 943593902.9595027 2358984.7573987567 0.0 0.16247432451494637
95187265.83086003 943593902.9595027 2358984.7573987567 0.0 0.16247432451494637
95187265.83086003 943593902.9595027 2358984.7573987567 7.947854081552882e-07 0.16247511930035452
95187265.83086003 943593902.9595027 2358984.7573987567 9.518349693558009e-05 0.1625703027972901
95187265.83086003 943593902.9595027 2358984.7573987567 1.54654974261635e-07 0.16257045745226437
95187265.83086003 943593902.9595027 2358984.7573987567 0.0 0.16257045745226437
95187265.83086003 943593902.9595027 2358984.7573987567 0.0 0.16257045745226437
95187265.83086003 943593902.9595027 2358984.7573987567 4.239111748660454e-09 0.16257046169137612
95187265.83086003 943593902.9595027 2358984.7573987567 0.0 0.16257046169137612
95187265.83086003 943593902.9595027 2358984.7573987567 4.239111748660454e-09 0.16257046593048788
95187265.83086003 943593902.9595027 2358984.7573987567 6.740922846224162e-05 0.16263787515895012
95187265.83086003 943593902.9595027 2358984.7573987567 5.352578200251057e-06 0.16264322773715037
95187265.83086003 943593902.9595027 2358984.7573987567 7.947854081552882e-07 0.16264402252255852
95187265.83086003 943593902.9595027 2358984.7573987567 0.0 0.16264402252255852
95187265.83086003 943593902.9595027 2358984.7573987567 1.1990018654741482e-08 0.16264403451257717
95187265.83086003 943593902.9595027 2358984.7573987567 2.2027070782926164e-08 0.16264405653964795
95187265.83086003 943593902.9595027 2358984.7573987567 3.2373050367802004e-07 0.16264438027015163
95187265.83086003 943593902.9595027 2358984.7573987567 0.002955063023610332 0.16559944329376197
95187265.83086003 943593902.9595027 2358984.7573987567 3.510793347329513e-07 0.16559979437309671
95187265.83086003 943593902.9595027 2358984.7573987567 0.0007602829726032757 0.1663600773457
95187265.83086003 943593902.9595027 2358984.7573987567 0.0 0.1663600773457
95187265.83086003 943593902.9595027 2358984.7573987567 0.0 0.1663600773457
95187265.83086003 943593902.9595027 2358984.7573987567 0.0007341179058294093 0.1670941952515294
95187265.83086003 943593902.9595027 2358984.7573987567 0.0 0.1670941952515294
95187265.83086003 943593902.9595027 2358984.7573987567 1.3405248381746268e-07 0.16709432930401322
95187265.83086003 943593902.9595027 2358984.7573987567 0.0 0.16709432930401322
95187265.83086003 943593902.9595027 2358984.7573987567 0.0 0.16709432930401322
95187265.83086003 943593902.9595027 2358984.7573987567 0.0 0.16709432930401322
95187265.83086003 943593902.9595027 2358984.7573987567 3.2373050367802004e-07 0.1670946530345169
95187265.83086003 943593902.9595027 2358984.7573987567 0.0 0.1670946530345169
95187265.83086003 943593902.9595027 2358984.7573987567 9.592014923793186e-08 0.16709474895466614
95187265.83086003 943593902.9595027 2358984.7573987567 0.0031123713195674654 0.1702071202742336
95187265.83086003 943593902.9595027 2358984.7573987567 0.0 0.1702071202742336
95187265.83086003 943593902.9595027 2358984.7573987567 3.391289398928363e-08 0.1702071541871276
95187265.83086003 943593902.9595027 2358984.7573987567 2.2027070782926164e-08 0.17020717621419837
95187265.83086003 943593902.9595027 2358984.7573987567 9.540638739404546e-07 0.1702081302780723
95187265.83086003 943593902.9595027 2358984.7573987567 0.00022348835245971193 0.17043161863053202
95187265.83086003 943593902.9595027 2358984.7573987567 0.0 0.17043161863053202
95187265.83086003 943593902.9595027 2358984.7573987567 0.0 0.17043161863053202
95187265.83086003 943593902.9595027 2358984.7573987567 2.6480845866780155e-06 0.1704342667151187
95187265.83086003 943593902.9595027 2358984.7573987567 1.0015973338539582e-05 0.17044428268845724
95187265.83086003 943593902.9595027 2358984.7573987567 0.0 0.17044428268845724
95187265.83086003 943593902.9595027 2358984.7573987567 0.0010580388135031085 0.17150232150196035
95187265.83086003 943593902.9595027 2358984.7573987567 4.739471017111389e-08 0.17150236889667053
95187265.83086003 943593902.9595027 2358984.7573987567 2.6480845866780155e-06 0.1715050169812572
95187265.83086003 943593902.9595027 2358984.7573987567 0.00019050021765931778 0.17169551719891651
95187265.83086003 943593902.9595027 2358984.7573987567 9.592014923793186e-08 0.17169561311906575
95187265.83086003 943593902.9595027 2358984.7573987567 0.0 0.17169561311906575
95187265.83086003 943593902.9595027 2358984.7573987567 0.0 0.17169561311906575
95187265.83086003 943593902.9595027 2358984.7573987567 0.0 0.17169561311906575
95187265.83086003 943593902.9595027 2358984.7573987567 3.391289398928363e-08 0.17169564703195975
95187265.83086003 943593902.9595027 2358984.7573987567 1.1990018654741482e-08 0.1716956590219784
95187265.83086003 943593902.9595027 2358984.7573987567 0.0 0.1716956590219784
95187265.83086003 943593902.9595027 2358984.7573987567 2.2027070782926164e-08 0.17169568104904917
95187265.83086003 943593902.9595027 2358984.7573987567 0.0 0.17169568104904917
95187265.83086003 943593902.9595027 2358984.7573987567 0.003196064286367874 0.17489174533541704
95187265.83086003 943593902.9595027 2358984.7573987567 3.510793347329513e-07 0.17489209641475179
95187265.83086003 943593902.9595027 2358984.7573987567 0.0 0.17489209641475179
95187265.83086003 943593902.9595027 2358984.7573987567 2.7130315191426904e-07 0.1748923677179037
95187265.83086003 943593902.9595027 2358984.7573987567 5.0579833652525e-06 0.17489742570126895
95187265.83086003 943593902.9595027 2358984.7573987567 2.220582530282982e-07 0.174897647759522
95187265.83086003 943593902.9595027 2358984.7573987567 0.0 0.174897647759522
95187265.83086003 943593902.9595027 2358984.7573987567 0.0 0.174897647759522
95187265.83086003 943593902.9595027 2358984.7573987567 8.240833239395922e-06 0.17490588859276138
95187265.83086003 943593902.9595027 2358984.7573987567 1.1990018654741482e-08 0.17490590058278002
95187265.83086003 943593902.9595027 2358984.7573987567 5.5537318755004386e-05 0.17496143790153504
95187265.83086003 943593902.9595027 2358984.7573987567 0.0 0.17496143790153504
95187265.83086003 943593902.9595027 2358984.7573987567 3.510793347329513e-07 0.17496178898086978
95187265.83086003 943593902.9595027 2358984.7573987567 0.0 0.17496178898086978
95187265.83086003 943593902.9595027 2358984.7573987567 1.2949220147120802e-06 0.17496308390288448
95187265.83086003 943593902.9595027 2358984.7573987567 0.0015111723267438972 0.17647425622962837
95187265.83086003 943593902.9595027 2358984.7573987567 0.0 0.17647425622962837
95187265.83086003 943593902.9595027 2358984.7573987567 5.947309111390065e-07 0.1764748509605395
95187265.83086003 943593902.9595027 2358984.7573987567 0.00652563031873678 0.1830004812792763
95187265.83086003 943593902.9595027 2358984.7573987567 2.842345638762217e-05 0.1830289047356639
95187265.83086003 943593902.9595027 2358984.7573987567 6.585062715464559e-06 0.18303548979837939
95187265.83086003 943593902.9595027 2358984.7573987567 5.4260630382853805e-05 0.18308975042876224
95187265.83086003 943593902.9595027 2358984.7573987567 3.973927040776441e-05 0.18312948969917
95187265.83086003 943593902.9595027 2358984.7573987567 0.0004737037716785181 0.18360319347084852
95187265.83086003 943593902.9595027 2358984.7573987567 8.746836371355425e-05 0.1836906618345621
95187265.83086003 943593902.9595027 2358984.7573987567 1.1144914216927203e-05 0.183701806748779
95187265.83086003 943593902.9595027 2358984.7573987567 0.0 0.183701806748779
95187265.83086003 943593902.9595027 2358984.7573987567 0.0007249013716176551 0.18442670812039666
95187265.83086003 943593902.9595027 2358984.7573987567 2.378923644556026e-06 0.1844290870440412
95187265.83086003 943593902.9595027 2358984.7573987567 0.00032054721197215285 0.18474963425601337
95187265.83086003 943593902.9595027 2358984.7573987567 0.0016878610708289902 0.18643749532684237
95187265.83086003 943593902.9595027 2358984.7573987567 1.0852126076570762e-06 0.18643858053945003
95187265.83086003 943593902.9595027 2358984.7573987567 0.00026964438893018497 0.1867082249283802
95187265.83086003 943593902.9595027 2358984.7573987567 9.323438505926977e-05 0.18680145931343947
95187265.83086003 943593902.9595027 2358984.7573987567 0.00010386800005773572 0.1869053273134972
95187265.83086003 943593902.9595027 2358984.7573987567 0.0004398184755281462 0.18734514578902536
95187265.83086003 943593902.9595027 2358984.7573987567 0.012560928538680106 0.19990607432770546
95187265.83086003 943593902.9595027 2358984.7573987567 1.762165662634093e-07 0.19990625054427172
95187265.83086003 943593902.9595027 2358984.7573987567 0.0048717308903075554 0.2047779814345793
95187265.83086003 943593902.9595027 2358984.7573987567 0.000818035992659895 0.20559601742723918
95187265.83086003 943593902.9595027 2358984.7573987567 4.739471017111389e-08 0.20559606482194936
95187265.83086003 943593902.9595027 2358984.7573987567 0.0 0.20559606482194936
95187265.83086003 943593902.9595027 2358984.7573987567 1.5166307254756446e-06 0.20559758145267484
95187265.83086003 943593902.9595027 2358984.7573987567 1.6317882392795041e-06 0.20559921324091412
95187265.83086003 943593902.9595027 2358984.7573987567 1.1990018654741482e-08 0.20559922523093277
95187265.83086003 943593902.9595027 2358984.7573987567 0.0 0.20559922523093277
95187265.83086003 943593902.9595027 2358984.7573987567 0.00014862981109661316 0.2057478550420294
95187265.83086003 943593902.9595027 2358984.7573987567 5.173713889604101e-05 0.20579959218092542
95187265.83086003 943593902.9595027 2358984.7573987567 0.0010494252269054843 0.2068490174078309
95187265.83086003 943593902.9595027 2358984.7573987567 0.00017621656626340933 0.2070252339740943
95187265.83086003 943593902.9595027 2358984.7573987567 0.0001281334076123492 0.20715336738170667
95187265.83086003 943593902.9595027 2358984.7573987567 0.0 0.20715336738170667
95187265.83086003 943593902.9595027 2358984.7573987567 0.0 0.20715336738170667
95187265.83086003 943593902.9595027 2358984.7573987567 0.0 0.20715336738170667
95187265.83086003 943593902.9595027 2358984.7573987567 0.00038538563041807616 0.20753875301212474
95187265.83086003 943593902.9595027 2358984.7573987567 0.0 0.20753875301212474
95187265.83086003 943593902.9595027 2358984.7573987567 0.0 0.20753875301212474
95187265.83086003 943593902.9595027 2358984.7573987567 0.0018742331152239904 0.20941298612734874
95187265.83086003 943593902.9595027 2358984.7573987567 0.0002014538714414934 0.20961443999879023
95187265.83086003 943593902.9595027 2358984.7573987567 0.002258495657121889 0.21187293565591211
95187265.83086003 943593902.9595027 2358984.7573987567 0.02997786415882026 0.24185079981473237
95187265.83086003 943593902.9595027 2358984.7573987567 9.651778834857312e-06 0.24186045159356723
95187265.83086003 943593902.9595027 2358984.7573987567 0.004090490550183327 0.24595094214375054
95187265.83086003 943593902.9595027 2358984.7573987567 6.230196448113266e-08 0.24595100444571502
95187265.83086003 943593902.9595027 2358984.7573987567 0.0 0.24595100444571502
95187265.83086003 943593902.9595027 2358984.7573987567 0.000886347397303917 0.24683735184301894
95187265.83086003 943593902.9595027 2358984.7573987567 1.5701889653474785e-05 0.2468530537326724
95187265.83086003 943593902.9595027 2358984.7573987567 3.7196926109531505e-05 0.24689025065878195
95187265.83086003 943593902.9595027 2358984.7573987567 1.0049209378223862e-05 0.24690029986816017
95187265.83086003 943593902.9595027 2358984.7573987567 0.0033052978941468833 0.25020559776230705
95187265.83086003 943593902.9595027 2358984.7573987567 0.013793429825121174 0.2639990275874282
95187265.83086003 943593902.9595027 2358984.7573987567 0.0 0.2639990275874282
95187265.83086003 943593902.9595027 2358984.7573987567 0.006833550356755992 0.2708325779441842
95187265.83086003 943593902.9595027 2358984.7573987567 0.0 0.2708325779441842
95187265.83086003 943593902.9595027 2358984.7573987567 0.0 0.2708325779441842
95187265.83086003 943593902.9595027 2358984.7573987567 9.199769843433135e-05 0.2709245756426185
95187265.83086003 943593902.9595027 2358984.7573987567 0.0032085078744293585 0.27413308351704785
95187265.83086003 943593902.9595027 2358984.7573987567 1.1885247738996207e-06 0.2741342720418217
95187265.83086003 943593902.9595027 2358984.7573987567 1.9869635203882206e-07 0.27413447073817376
95187265.83086003 943593902.9595027 2358984.7573987567 0.023877249310319346 0.29801172004849313
95187265.83086003 943593902.9595027 2358984.7573987567 0.010072693572074671 0.3080844136205678
95187265.83086003 943593902.9595027 2358984.7573987567 3.391289398928363e-08 0.3080844475334618
95187265.83086003 943593902.9595027 2358984.7573987567 2.4703023533381468e-05 0.30810915055699517
95187265.83086003 943593902.9595027 2358984.7573987567 1.1706778160825882e-05 0.308120857335156
95187265.83086003 943593902.9595027 2358984.7573987567 0.0025104430042068343 0.3106313003393628
95187265.83086003 943593902.9595027 2358984.7573987567 3.574808327867496e-05 0.3106670484226415
95187265.83086003 943593902.9595027 2358984.7573987567 0.0028792817211235073 0.313546330143765
95187265.83086003 943593902.9595027 2358984.7573987567 2.2027070782926164e-08 0.31354635217083576
95187265.83086003 943593902.9595027 2358984.7573987567 0.0 0.31354635217083576
95187265.83086003 943593902.9595027 2358984.7573987567 8.013680299303821e-05 0.3136264889738288
95187265.83086003 943593902.9595027 2358984.7573987567 2.842345638762217e-05 0.3136549124302164
95187265.83086003 943593902.9595027 2358984.7573987567 1.9184029847586372e-05 0.313674096460064
95187265.83086003 943593902.9595027 2358984.7573987567 0.0009813681033421743 0.31465546456340615
95187265.83086003 943593902.9595027 2358984.7573987567 0.027904151761348712 0.34255961632475485
95187265.83086003 943593902.9595027 2358984.7573987567 0.0 0.34255961632475485
95187265.83086003 943593902.9595027 2358984.7573987567 0.0012852781645614464 0.34384489448931627
95187265.83086003 943593902.9595027 2358984.7573987567 8.369308374644588e-05 0.3439285875730627
95187265.83086003 943593902.9595027 2358984.7573987567 0.0002331345171664905 0.3441617220902292
95187265.83086003 943593902.9595027 2358984.7573987567 0.0005853389080412941 0.3447470609982705
95187265.83086003 943593902.9595027 2358984.7573987567 3.973927040776441e-05 0.3447868002686783
95187265.83086003 943593902.9595027 2358984.7573987567 0.0010111821880426628 0.34579798245672094
95187265.83086003 943593902.9595027 2358984.7573987567 0.010396856916868655 0.3561948393735896
95187265.83086003 943593902.9595027 2358984.7573987567 1.6852307115560404e-05 0.35621169168070516
95187265.83086003 943593902.9595027 2358984.7573987567 0.005042957534575141 0.3612546492152803
95187265.83086003 943593902.9595027 2358984.7573987567 2.255572048171639e-05 0.361277204935762
95187265.83086003 943593902.9595027 2358984.7573987567 0.006144324423346578 0.36742152935910855
95187265.83086003 943593902.9595027 2358984.7573987567 0.0014498185465661195 0.36887134790567466
95187265.83086003 943593902.9595027 2358984.7573987567 1.7497212967141292e-06 0.3688730976269714
95187265.83086003 943593902.9595027 2358984.7573987567 0.00494790860421186 0.37382100623118325
95187265.83086003 943593902.9595027 2358984.7573987567 0.00020771647568436222 0.3740287227068676
95187265.83086003 943593902.9595027 2358984.7573987567 0.00484137548704246 0.37887009819391004
95187265.83086003 943593902.9595027 2358984.7573987567 4.8027821894870575e-05 0.37891812601580493
95187265.83086003 943593902.9595027 2358984.7573987567 0.0 0.37891812601580493
95187265.83086003 943593902.9595027 2358984.7573987567 0.00017270400894679112 0.37909083002475175
95187265.83086003 943593902.9595027 2358984.7573987567 0.0026184437438349635 0.3817092737685867
95187265.83086003 943593902.9595027 2358984.7573987567 0.05976305791936513 0.44147233168795186
95187265.83086003 943593902.9595027 2358984.7573987567 0.0010090430936353736 0.4424813747815872
95187265.83086003 943593902.9595027 2358984.7573987567 0.0022980549354423715 0.4447794297170296
95187265.83086003 943593902.9595027 2358984.7573987567 0.0 0.4447794297170296
95187265.83086003 943593902.9595027 2358984.7573987567 0.00014034826011397576 0.4449197779771436
95187265.83086003 943593902.9595027 2358984.7573987567 0.0031123713195674654 0.4480321492967111
95187265.83086003 943593902.9595027 2358984.7573987567 1.762165662634093e-07 0.4480323255132774
95187265.83086003 943593902.9595027 2358984.7573987567 0.0052684678928022685 0.45330079340607965
95187265.83086003 943593902.9595027 2358984.7573987567 0.0061866760469787814 0.4594874694530584
95187265.83086003 943593902.9595027 2358984.7573987567 8.746836371355425e-05 0.45957493781677194
95187265.83086003 943593902.9595027 2358984.7573987567 0.00036559023347525584 0.4599405280502472
95187265.83086003 943593902.9595027 2358984.7573987567 0.014543193287559472 0.4744837213378067
95187265.83086003 943593902.9595027 2358984.7573987567 0.0002411018379750741 0.4747248231757818
95187265.83086003 943593902.9595027 2358984.7573987567 1.8461576471279907e-05 0.4747432847522531
95187265.83086003 943593902.9595027 2358984.7573987567 6.224742639134931e-05 0.4748055321786444
95187265.83086003 943593902.9595027 2358984.7573987567 0.0028148845708168197 0.4776204167494612
95187265.83086003 943593902.9595027 2358984.7573987567 0.000611994486603752 0.47823241123606497
95187265.83086003 943593902.9595027 2358984.7573987567 0.0006574810598792656 0.47888989229594425
95187265.83086003 943593902.9595027 2358984.7573987567 0.00966097328584777 0.488550865581792
95187265.83086003 943593902.9595027 2358984.7573987567 0.0011169253765124342 0.4896677909583044
95187265.83086003 943593902.9595027 2358984.7573987567 0.012293459914968198 0.5019612508732726
95187265.83086003 943593902.9595027 2358984.7573987567 0.007690608451216823 0.5096518593244894
95187265.83086003 943593902.9595027 2358984.7573987567 7.850944826737392e-08 0.5096519378339377
95187265.83086003 943593902.9595027 2358984.7573987567 0.013793429825121174 0.5234453676590589
95187265.83086003 943593902.9595027 2358984.7573987567 0.0003747301889648105 0.5238200978480237
95187265.83086003 943593902.9595027 2358984.7573987567 0.0007924243266519723 0.5246125221746757
95187265.83086003 943593902.9595027 2358984.7573987567 0.0004856413993728882 0.5250981635740486
95187265.83086003 943593902.9595027 2358984.7573987567 0.0021490997436518994 0.5272472633177004
95187265.83086003 943593902.9595027 2358984.7573987567 7.232497372739039e-06 0.5272544958150732
95187265.83086003 943593902.9595027 2358984.7573987567 0.010443444731388828 0.537697940546462
95187265.83086003 943593902.9595027 2358984.7573987567 0.0005871701110103006 0.5382851106574723
95187265.83086003 943593902.9595027 2358984.7573987567 0.0037928700703086502 0.5420779807277809
95187265.83086003 943593902.9595027 2358984.7573987567 0.0032137709886245745 0.5452917517164054
95187265.83086003 943593902.9595027 2358984.7573987567 0.017167364816154225 0.5624591165325596
95187265.83086003 943593902.9595027 2358984.7573987567 0.013848057230384096 0.5763071737629437
95187265.83086003 943593902.9595027 2358984.7573987567 0.0006949280761097265 0.5770021018390534
95187265.83086003 943593902.9595027 2358984.7573987567 0.0035170699250026936 0.5805191717640561
95187265.83086003 943593902.9595027 2358984.7573987567 0.0 0.5805191717640561
95187265.83086003 943593902.9595027 2358984.7573987567 0.003541186923596761 0.5840603586876528
95187265.83086003 943593902.9595027 2358984.7573987567 0.00601285994121226 0.5900732186288651
95187265.83086003 943593902.9595027 2358984.7573987567 0.0004741245155134482 0.5905473431443785
95187265.83086003 943593902.9595027 2358984.7573987567 0.0037115354792092658 0.5942588786235877
95187265.83086003 943593902.9595027 2358984.7573987567 0.024100384930152267 0.61835926355374
95187265.83086003 943593902.9595027 2358984.7573987567 0.01835748403510609 0.6367167475888461
95187265.83086003 943593902.9595027 2358984.7573987567 0.004842645977905839 0.641559393566752
95187265.83086003 943593902.9595027 2358984.7573987567 0.0005594063103556185 0.6421187998771076
95187265.83086003 943593902.9595027 2358984.7573987567 0.0017136296661749623 0.6438324295432826
95187265.83086003 943593902.9595027 2358984.7573987567 0.008504255257227098 0.6523366848005097
95187265.83086003 943593902.9595027 2358984.7573987567 0.05776230401152157 0.7100989888120313
95187265.83086003 943593902.9595027 2358984.7573987567 0.0020602083098489807 0.7121591971218802
95187265.83086003 943593902.9595027 2358984.7573987567 2.8846213236374855e-05 0.7121880433351166
95187265.83086003 943593902.9595027 2358984.7573987567 0.003524148779795855 0.7157121921149125
95187265.83086003 943593902.9595027 2358984.7573987567 0.0018416382171191278 0.7175538303320317
95187265.83086003 943593902.9595027 2358984.7573987567 0.0007173108200730147 0.7182711411521047
95187265.83086003 943593902.9595027 2358984.7573987567 0.003541186923596761 0.7218123280757014
95187265.83086003 943593902.9595027 2358984.7573987567 2.786228554231801e-06 0.7218151143042556
95187265.83086003 943593902.9595027 2358984.7573987567 0.0029585673877216136 0.7247736816919772
95187265.83086003 943593902.9595027 2358984.7573987567 0.000417943101455112 0.7251916247934324
95187265.83086003 943593902.9595027 2358984.7573987567 0.0065944894966764225 0.7317861142901088
95187265.83086003 943593902.9595027 2358984.7573987567 0.025373264224025468 0.7571593785141342
95187265.83086003 943593902.9595027 2358984.7573987567 0.0016344830277068862 0.758793861541841
95187265.83086003 943593902.9595027 2358984.7573987567 0.0004856413993728882 0.7592795029412139
95187265.83086003 943593902.9595027 2358984.7573987567 0.0043571909166730954 0.763636693857887
95187265.83086003 943593902.9595027 2358984.7573987567 0.002213122032915636 0.7658498158908027
95187265.83086003 943593902.9595027 2358984.7573987567 8.014653474619976e-05 0.7659299624255489
95187265.83086003 943593902.9595027 2358984.7573987567 0.0042696205556596615 0.7701995829812086
95187265.83086003 943593902.9595027 2358984.7573987567 0.0010226226375458318 0.7712222056187544
95187265.83086003 943593902.9595027 2358984.7573987567 0.004021778466017235 0.7752439840847717
95187265.83086003 943593902.9595027 2358984.7573987567 0.006207342830040998 0.7814513269148127
95187265.83086003 943593902.9595027 2358984.7573987567 0.00014862981109661316 0.7815999567259093
95187265.83086003 943593902.9595027 2358984.7573987567 0.0006723311417861041 0.7822722878676954
95187265.83086003 943593902.9595027 2358984.7573987567 0.0001376230992153169 0.7824099109669107
95187265.83086003 943593902.9595027 2358984.7573987567 0.002087405488570734 0.7844973164554815
95187265.83086003 943593902.9595027 2358984.7573987567 0.0018614624339580946 0.7863587788894396
95187265.83086003 943593902.9595027 2358984.7573987567 0.0001692151056632535 0.7865279939951029
95187265.83086003 943593902.9595027 2358984.7573987567 0.0005853389080412941 0.7871133329031441
95187265.83086003 943593902.9595027 2358984.7573987567 0.0036540267180380556 0.7907673596211822
95187265.83086003 943593902.9595027 2358984.7573987567 0.0032253464159091045 0.7939927060370913
95187265.83086003 943593902.9595027 2358984.7573987567 0.00045609867848920806 0.7944488047155804
95187265.83086003 943593902.9595027 2358984.7573987567 0.0011454534910828853 0.7955942582066633
95187265.83086003 943593902.9595027 2358984.7573987567 0.0018173182430215535 0.7974115764496849
95187265.83086003 943593902.9595027 2358984.7573987567 0.00010140479223624036 0.797512981241921
95187265.83086003 943593902.9595027 2358984.7573987567 0.005396583437542304 0.8029095646794634
95187265.83086003 943593902.9595027 2358984.7573987567 0.00909060594879739 0.8120001706282608
95187265.83086003 943593902.9595027 2358984.7573987567 0.002577270354936492 0.8145774409831973
95187265.83086003 943593902.9595027 2358984.7573987567 0.00023637998036739937 0.8148138209635647
95187265.83086003 943593902.9595027 2358984.7573987567 0.0173483010178358 0.8321621219814005
95187265.83086003 943593902.9595027 2358984.7573987567 0.0015879431565976154 0.8337500651379981
95187265.83086003 943593902.9595027 2358984.7573987567 0.005752083820264674 0.8395021489582628
95187265.83086003 943593902.9595027 2358984.7573987567 0.012749562356482044 0.8522517113147449
95187265.83086003 943593902.9595027 2358984.7573987567 0.0019059583807050351 0.8541576696954499
95187265.83086003 943593902.9595027 2358984.7573987567 0.002909717286124495 0.8570673869815745
95187265.83086003 943593902.9595027 2358984.7573987567 0.0010152065515367198 0.8580825935331112
95187265.83086003 943593902.9595027 2358984.7573987567 0.016290890893862826 0.874373484426974
95187265.83086003 943593902.9595027 2358984.7573987567 0.10087736422661614 0.9752508486535902
95187265.83086003 943593902.9595027 2358984.7573987567 0.0018444071051315516 0.9770952557587218
95187265.83086003 943593902.9595027 2358984.7573987567 0.0020464888599087965 0.9791417446186306
95187265.83086003 943593902.9595027 2358984.7573987567 0.015349882966978985 0.9944916275856096
95187265.83086003 943593902.9595027 2358984.7573987567 0.002208078232519892 0.9966997058181295
95187265.83086003 943593902.9595027 2358984.7573987567 0.0009423172127771316 0.9976420230309067
95187265.83086003 943593902.9595027 2358984.7573987567 0.00031794008947310423 0.9979599631203797
95187265.83086003 943593902.9595027 2358984.7573987567 0.002040036879620522 1.0000000000000002
1801's generation extracting best parents:
2539732.0
1406786.2101513506
0
0
37482.36918872658
0
0
0
0
0
0
0
10968372.714309081
0
0
410507.23526875867
0
0
0
0
19967.17947032079
45318.759912424786
0
0
1328096.0
45794.672179195695
17260.069524773065
0
0
0
5686004.415097828
0
0
0
0
0
0
5692219.890341553
410507.23526875867
0
0
0
0
16190.861620062102
39100.176572491335
0
0
0
0
0
0
0
0
0
0
0
0
0
0
61141.70923355022
0
55561.79867498892
0
0
0
0
0
0
0
0
0
0
73021343.82235101
56074.23650840018
0
0
0
0
0
0
0
9166012.8736545
0
0
6617330.129893778
0
0
0
0
0
0
0
0
0
63657.206976115434
0
2167780.9821769358
0
0
0
0
0
0
0
0
0
68605.23315316405
0
0
0
0
0
0
98009.2115670767
0
2918058.8263734505
0
0
19586756.154526863
0
0
0
0
0
10669332.359219484
0
0
0
0
0
0
89814.56737077788
0
0
0
0
0
0
63606.936980175364
0
0
0
0
0
0
2788379.451939782
0
717398.3774723776
0
0
692709.179994029
0
0
0
0
0
0
0
0
2936814.6008898825
0
0
0
0
210882.24676344855
0
0
0
0
0
998358.9735160394
0
0
179754.84389579046
0
0
0
0
0
0
0
0
0
3015786.77408334
0
0
0
0
0
0
0
0
0
52404.67536394058
0
0
0
0
1425932.993836667
0
0
6157544.981727702
26820.200148395612
0
51200.0
37497.73326482549
446983.99076477
82534.614701954
0
0
684012.5145054
0
302466.39482759073
1592655.4154769324
0
254434.80136176338
87975.39728810551
98009.2115670767
415010.031917302
11852415.584608564
0
4596935.564953679
771893.7750753014
0
0
0
0
0
0
140246.18354878682
48818.84881887323
990231.2457199076
166276.87752661222
120905.90218843744
0
0
0
363647.53115070093
0
0
1768514.9402501525
190090.64481978066
2131102.7319207303
28286929.844010998
0
3859761.9432664495
0
0
836352.0
14816.207341961706
35098.79268578906
0
3118858.9403818827
13015396.283884099
0
6448096.452201689
0
0
86808.46732894205
3027528.4679090963
0
0
22530426.868661325
9504532.240989033
0
23309.622390763863
0
2368838.712496906
33731.67342424624
2716872.6769548845
0
0
75616.59870689768
26820.200148395612
18101.933598375617
926012.9588726067
26330187.469265312
0
1212780.6396871612
78972.28354302539
219984.30896770797
552322.2247927381
37497.73326482549
954145.347418306
9810410.796699597
15901.734245043841
4758503.982508789
21283.440323406365
5797747.063674993
1368039.9409373982
0
4668816.391335174
196000.0
4568292.391510858
45318.759912424786
0
162962.4498588555
2470747.5519251255
56392057.07492856
952126.9109777331
2168430.6257494153
0
132431.7625345219
2936814.6008898825
0
4971294.181586119
5837709.797514776
82534.614701954
344968.7152887925
13722868.515702683
227502.2243056098
17420.23099732033
58736.292017797656
2656107.9185575275
577474.2662041314
620395.1194134267
9116035.48918059
1053923.97533788
11600033.822041038
7256811.244617019
0
13015396.283884099
353593.1215620575
747726.7631855904
458248.26347297814
2027877.4149617625
0
9854370.77443304
554050.136749374
3578929.0730608227
3032494.7103742817
16199020.77040461
13066942.37042469
655729.8956125152
3318685.737514777
0
3341442.390345822
5673697.979877322
447381.0020821179
3502182.2487997394
22740976.27906876
17322010.009202514
4569491.218943308
527852.3837286329
1616970.5049332224
8024563.409930786
54504157.88616498
1944000.0
27219.110933313015
3325365.30173754
1737758.5931308179
676850.1163477775
3341442.390345822
0
2791686.1485489374
394368.5623170285
6222520.082194352
23942057.419970907
1542288.2194350057
458248.26347297814
4111418.7830032595
2088288.456764534
75625.78152984602
4028787.9242710206
964940.4858166124
3794925.639587685
5857210.848006071
140246.18354878682
634407.5661591687
129860.31732596374
1969663.0920195465
1756464.603271014
159670.341992494
552322.2247927381
3447917.332391831
3043417.2129841154
430371.9321703032
1080842.9303094877
1714810.4138522136
95684.94368499152
5092183.228477153
8577840.347492602
2431896.5931963474
223046.708256365
16369751.067135993
1498373.4808117766
5427631.22211375
12030409.304978447
1798450.7073278378
2745591.490522944
957942.712274591
15371985.321227444
95187265.83086003
1740371.2989773187
1931054.410684484
14484055.978783293
2083529.1574633652
889164.7766302937
300006.32993321994
1924966.3614224538
