0 3 35 36 207.06279240848656 7454.260526705516
1 6 28 144 148.16207341961706 21335.33857242486
2 1 8 4 22.627416997969522 90.50966799187809
3 2 44 16 291.8629815512752 4669.807704820403
4 0 50 0 1.0 0.0
5 0 50 0 1.0 0.0
6 0 50 0 1.0 0.0
7 0 50 0 1.0 0.0
8 2 34 16 198.25236442474022 3172.0378307958435
9 1 18 4 76.36753236814714 305.47012947258855
10 5 105 100 1075.929830425758 107592.9830425758
11 1 51 4 1.0 4.0
12 2 61 16 36.4828726939094 583.7259631025504
13 1 61 4 36.4828726939094 145.9314907756376
14 1 54 4 8.0 32.0
15 3 20 36 89.44271909999159 3219.937887599697
16 0 50 0 1.0 0.0
17 0 50 0 1.0 0.0
18 1 53 4 5.196152422706632 20.784609690826528
19 0 50 0 1.0 0.0
20 5 56 100 419.06562731868144 41906.56273186814
21 0 50 0 1.0 0.0
22 0 50 0 1.0 0.0
23 6 299 144 343.0 49392.0
24 2 85 16 207.06279240848656 3313.004678535785
25 8 115 256 1233.2376088978149 315708.8278778406
26 0 50 0 1.0 0.0
27 2 22 16 103.18914671611545 1651.0263474578471
28 1 10 4 31.622776601683793 126.49110640673517
29 9 116 324 1249.358235255205 404792.0682226864
30 1 10 4 31.622776601683793 126.49110640673517
31 1 13 4 46.87216658103186 187.48866632412745
32 0 50 0 1.0 0.0
33 0 50 0 1.0 0.0
34 1 22 4 103.18914671611545 412.7565868644618
35 0 50 0 1.0 0.0
36 0 50 0 1.0 0.0
37 4 53 64 385.84582413186746 24694.132744439517
38 0 50 0 1.0 0.0
39 12 143 576 1710.0312862634999 984978.0208877759
40 0 50 0 1.0 0.0
41 2 73 16 110.30412503619254 1764.8660005790807
42 1 54 4 8.0 32.0
43 1 57 4 18.520259177452132 74.08103670980853
44 0 50 0 1.0 0.0
45 6 307 144 430.34056281043274 61969.04104470232
46 1 7 4 18.520259177452132 74.08103670980853
47 0 50 0 1.0 0.0
48 0 50 0 1.0 0.0
49 14 177 784 2354.8318411300625 1846188.1634459689
50 1 10 4 31.622776601683793 126.49110640673517
51 1 18 4 76.36753236814714 305.47012947258855
52 0 50 0 1.0 0.0
53 1 54 4 8.0 32.0
54 2 69 16 82.8190799272728 1325.1052788363647
55 2 82 16 181.01933598375618 2896.309375740099
56 2 13 16 46.87216658103186 749.9546652965098
57 0 50 0 1.0 0.0
58 6 65 144 524.0467536394058 75462.73252407444
59 7 87 196 811.4819776187269 159050.46761327048
60 0 50 0 1.0 0.0
61 13 183 676 2475.578114299769 1673490.8052666439
62 2 62 16 41.569219381653056 665.1075101064489
63 1 56 4 14.696938456699069 58.787753826796276
64 1 65 4 58.09475019311125 232.379000772445
65 2 67 16 70.09279563550022 1121.4847301680036
66 0 50 0 1.0 0.0
67 1 19 4 82.8190799272728 331.2763197090912
68 0 50 0 1.0 0.0
69 13 150 676 1837.1173070873836 1241891.2995910712
70 0 50 0 1.0 0.0
71 2 18 16 76.36753236814714 1221.8805178903542
72 0 50 0 1.0 0.0
73 0 50 0 1.0 0.0
74 2 66 16 536.1865347059734 8578.984555295574
75 7 106 196 1091.336794944622 213902.01180914592
76 4 58 64 441.7148401401067 28269.749768966827
77 4 52 64 374.9773326482549 23998.549289488314
78 7 80 196 715.5417527999327 140246.18354878682
79 1 53 4 5.196152422706632 20.784609690826528
80 0 50 0 1.0 0.0
81 1 16 4 64.0 256.0
82 0 50 0 1.0 0.0
83 0 50 0 1.0 0.0
84 9 137 324 1603.5438877685885 519548.2196370227
85 0 50 0 1.0 0.0
86 1 12 4 41.569219381653056 166.27687752661222
87 0 50 0 1.0 0.0
88 8 97 256 955.3392067742221 244566.83693420087
89 0 50 0 1.0 0.0
90 0 50 0 1.0 0.0
91 0 50 0 1.0 0.0
92 14 269 784 4411.928036584459 3458951.5806822157
93 10 110 400 1153.6897329871667 461475.8931948667
94 0 50 0 1.0 0.0
95 2 44 16 291.8629815512752 4669.807704820403
96 1 54 4 8.0 32.0
97 0 50 0 1.0 0.0
98 1 12 4 41.569219381653056 166.27687752661222
99 2 33 16 189.57056733575496 3033.1290773720793
100 0 50 0 1.0 0.0
101 0 50 0 1.0 0.0
102 0 6 0 14.696938456699069 0.0
103 0 50 0 1.0 0.0
104 1 56 4 14.696938456699069 58.787753826796276
105 0 50 0 1.0 0.0
106 1 8 4 22.627416997969522 90.50966799187809
107 3 94 36 291.8629815512752 10507.067335845906
108 0 50 0 1.0 0.0
109 3 16 36 64.0 2304.0
110 1 10 4 31.622776601683793 126.49110640673517
111 1 15 4 58.09475019311125 232.379000772445
112 3 42 36 272.19110933313016 9798.879935992685
113 0 50 0 1.0 0.0
114 2 74 16 117.57550765359255 1881.2081224574808
115 0 50 0 1.0 0.0
116 1 51 4 1.0 4.0
117 0 50 0 1.0 0.0
118 7 65 196 524.0467536394058 102713.16371332353
119 1 9 4 27.0 108.0
120 0 50 0 1.0 0.0
121 7 91 196 868.0846732894205 170144.5959647264
122 3 84 36 198.25236442474022 7137.085119290648
123 0 50 0 1.0 0.0
124 3 23 36 110.30412503619254 3970.9485013029316
125 1 12 4 41.569219381653056 166.27687752661222
126 0 50 0 1.0 0.0
127 1 17 4 70.09279563550022 280.3711825420009
128 5 42 100 272.19110933313016 27219.110933313015
129 6 280 144 164.31676725154983 23661.614484223177
130 5 81 100 172.60069524773067 17260.069524773065
131 0 50 0 1.0 0.0
132 1 55 4 11.180339887498949 44.721359549995796
133 0 50 0 1.0 0.0
134 0 50 0 1.0 0.0
135 0 50 0 1.0 0.0
136 9 129 324 1465.1583532164707 474711.3064421365
137 0 50 0 1.0 0.0
138 7 85 196 783.6612788698955 153597.6106584995
139 1 21 4 96.23408959407264 384.93635837629057
140 0 50 0 1.0 0.0
141 3 18 36 76.36753236814714 2749.231165253297
142 2 19 16 82.8190799272728 1325.1052788363647
143 0 50 0 1.0 0.0
144 1 55 4 11.180339887498949 44.721359549995796
145 0 50 0 1.0 0.0
146 0 50 0 1.0 0.0
147 0 50 0 1.0 0.0
148 3 79 36 156.16977940690063 5622.112058648423
149 3 76 36 132.5745073534124 4772.682264722846
150 0 50 0 1.0 0.0
151 0 50 0 1.0 0.0
152 3 43 36 281.96985654498604 10150.914835619498
153 7 320 196 585.6620185738528 114789.75564047515
154 3 32 36 181.01933598375618 6516.696095415223
155 5 62 100 488.18848818873226 48818.84881887323
156 0 50 0 1.0 0.0
157 2 45 16 301.8691769624716 4829.906831399546
158 3 47 36 322.21576621884907 11599.767583878567
159 2 10 16 31.622776601683793 505.9644256269407
160 0 50 0 1.0 0.0
161 1 9 4 27.0 108.0
162 4 60 64 464.75800154489 29744.51209887296
163 3 21 36 96.23408959407264 3464.427225386615
164 0 5 0 11.180339887498949 0.0
165 3 95 36 301.8691769624716 10867.290370648978
166 1 37 4 225.06221362103412 900.2488544841365
167 0 50 0 1.0 0.0
168 0 50 0 1.0 0.0
169 0 50 0 1.0 0.0
170 0 50 0 1.0 0.0
171 1 12 4 41.569219381653056 166.27687752661222
172 4 50 64 353.5533905932738 22627.41699796952
173 4 77 64 140.29611541307906 8978.95138643706
174 0 50 0 1.0 0.0
175 11 134 484 1551.1621449738902 750762.4781673629
176 11 131 484 1499.363531636007 725691.9493118274
177 13 194 676 2702.1073257737194 1826624.5522230342
178 1 14 4 52.38320341483518 209.53281365934072
179 3 30 36 164.31676725154983 5915.403621055794
180 3 61 36 476.42523023030594 17151.308288291013
181 0 50 0 1.0 0.0
182 2 75 16 125.0 2000.0
183 13 183 676 2475.578114299769 1673490.8052666439
184 0 50 0 1.0 0.0
185 2 31 16 172.60069524773067 2761.6111239636907
186 3 66 36 536.1865347059734 19302.715249415043
187 1 54 4 8.0 32.0
188 0 50 0 1.0 0.0
189 0 50 0 1.0 0.0
190 0 50 0 1.0 0.0
191 0 50 0 1.0 0.0
192 0 6 0 14.696938456699069 0.0
193 2 13 16 46.87216658103186 749.9546652965098
194 1 8 4 22.627416997969522 90.50966799187809
195 0 50 0 1.0 0.0
196 9 151 324 1855.5190648441207 601188.1770094951
197 0 50 0 1.0 0.0
198 7 322 196 610.9402589451771 119744.29075325471
199 4 53 64 385.84582413186746 24694.132744439517
200 1 39 4 243.55492193753753 974.2196877501501
201 9 104 324 1060.5960588272992 343633.12306004495
202 9 87 324 811.4819776187269 262920.1607484675
203 4 73 64 110.30412503619254 7059.464002316323
204 0 50 0 1.0 0.0
205 4 41 64 262.5280937347468 16801.797999023795
206 3 36 36 216.0 7776.0
207 6 112 144 1185.2965873569365 170682.70857939887
208 4 111 64 476.42523023030594 30491.21473473958
209 5 118 100 560.7423650840018 56074.23650840018
210 7 88 196 825.5131737289236 161800.582050869
211 3 39 36 243.55492193753753 8767.977189751351
212 3 105 36 407.8909167902615 14684.073004449414
213 10 110 400 1153.6897329871667 461475.8931948667
214 0 50 0 1.0 0.0
215 2 19 16 82.8190799272728 1325.1052788363647
216 4 54 64 396.81733833087486 25396.30965317599
217 1 51 4 1.0 4.0
218 9 120 324 1314.5341380123987 425909.06071601715
219 5 63 100 500.0469977912076 50004.69977912076
220 7 70 196 585.6620185738528 114789.75564047515
221 4 118 64 560.7423650840018 35887.511365376115
222 0 50 0 1.0 0.0
223 0 50 0 1.0 0.0
224 0 50 0 1.0 0.0
225 3 32 36 181.01933598375618 6516.696095415223
226 0 50 0 1.0 0.0
227 7 98 196 970.1505037879432 190149.49874243687
228 0 50 0 1.0 0.0
229 10 132 400 1516.5645386860397 606625.8154744159
230 13 162 676 2061.9233739399724 1393860.2007834213
231 6 71 144 598.2566338955214 86148.95528095508
232 1 54 4 8.0 32.0
233 11 182 484 2455.3142365082317 1188372.090469984
234 12 130 576 1482.2280526288794 853763.3583142345
235 0 50 0 1.0 0.0
236 9 104 324 1060.5960588272992 343633.12306004495
237 0 50 0 1.0 0.0
238 1 54 4 8.0 32.0
239 9 357 324 1106.8166063083802 358608.58044391515
240 4 30 64 164.31676725154983 10516.27310409919
241 0 50 0 1.0 0.0
242 0 50 0 1.0 0.0
243 1 56 4 14.696938456699069 58.787753826796276
244 7 110 196 1153.6897329871667 226123.18766548467
245 4 80 64 164.31676725154983 10516.27310409919
246 11 115 484 1233.2376088978149 596887.0027065424
247 0 50 0 1.0 0.0
248 5 52 100 374.9773326482549 37497.73326482549
249 1 53 4 5.196152422706632 20.784609690826528
250 9 102 324 1030.1495037129318 333768.4392029899
251 3 75 36 125.0 4500.0
252 0 50 0 1.0 0.0
253 1 53 4 5.196152422706632 20.784609690826528
254 2 9 16 27.0 432.0
255 13 171 676 2236.1151580363658 1511613.8468325832
256 2 25 16 125.0 2000.0
257 1 52 4 2.8284271247461903 11.313708498984761
258 0 50 0 1.0 0.0
259 0 50 0 1.0 0.0
260 12 141 576 1674.2822342723464 964386.5669408715
261 0 50 0 1.0 0.0
262 0 50 0 1.0 0.0
263 12 154 576 1911.089741482592 1100787.691093973
264 10 109 400 1137.99340947125 455197.3637885
265 2 77 16 140.29611541307906 2244.737846609265
266 9 88 324 825.5131737289236 267466.2682881712
267 5 95 100 301.8691769624716 30186.91769624716
268 6 37 144 225.06221362103412 32408.958761428912
269 7 94 196 911.3638131942698 178627.3073860769
270 0 50 0 1.0 0.0
271 13 152 676 1873.9818569025688 1266811.7352661365
272 7 311 196 476.42523023030594 93379.34512513997
273 9 124 324 1380.8055619818454 447381.0020821179
274 10 108 400 1122.3689233046325 448947.569321853
275 5 104 100 396.81733833087486 39681.733833087485
276 8 123 256 1364.1359902883582 349218.8135138197
277 7 125 196 1397.5424859373686 273918.32724372426
278 9 108 324 1122.3689233046325 363647.53115070093
279 10 157 400 1967.204361524242 786881.7446096968
280 5 84 100 198.25236442474022 19825.236442474023
281 10 176 400 2334.9038524102016 933961.5409640806
282 10 108 400 1122.3689233046325 448947.569321853
283 0 50 0 1.0 0.0
284 11 208 484 2999.818661186039 1451912.232014043
285 12 166 576 2138.760388636371 1231925.9838545497
286 10 132 400 1516.5645386860397 606625.8154744159
287 3 38 36 234.2477321128211 8432.91835606156
288 15 265 900 4313.8874579664225 3882498.7121697804
289 8 117 256 1265.5484976878602 323980.4154080922
290 11 102 484 1030.1495037129318 498592.35979705903
291 9 125 324 1397.5424859373686 452803.7654437074
292 9 398 324 1800.497708968273 583361.2577057205
293 12 139 576 1638.785831034672 943940.638675971
294 16 210 1024 3043.189116699782 3116225.655500577
295 2 17 16 70.09279563550022 1121.4847301680036
296 13 95 676 925.9454627568516 625939.1328236316
297 7 96 196 940.6040612287404 184358.39600083313
298 8 97 256 955.3392067742221 244566.83693420087
299 4 35 64 207.06279240848656 13252.01871414314
300 7 62 196 488.18848818873226 95684.94368499152
301 8 110 256 1153.6897329871667 295344.5716447147
302 4 55 64 407.8909167902615 26105.018674576735
303 1 53 4 5.196152422706632 20.784609690826528
304 12 159 576 2004.9137138540402 1154830.2991799272
305 1 54 4 8.0 32.0
306 13 158 676 1986.0292042162926 1342555.7420502137
307 6 125 144 1397.5424859373686 201246.11797498108
308 4 105 64 407.8909167902615 26105.018674576735
309 16 286 1024 4836.6988742323 4952779.647213875
310 0 50 0 1.0 0.0
311 3 29 36 156.16977940690063 5622.112058648423
312 12 125 576 1397.5424859373686 804984.4718999243
313 4 53 64 385.84582413186746 24694.132744439517
314 12 175 576 2315.032397181517 1333458.6607765537
315 12 232 576 3533.7187211208534 2035421.9833656116
316 3 31 36 172.60069524773067 6213.625028918304
317 10 126 400 1414.3464922005498 565738.59688022
318 11 416 484 2138.760388636371 1035160.0281000035
319 6 58 144 441.7148401401067 63606.936980175364
320 0 50 0 1.0 0.0
321 14 190 784 2618.969262897142 2053271.9021113594
322 9 350 324 1000.0 324000.0
323 6 48 144 332.55375505322445 47887.74072766432
324 13 200 676 2828.42712474619 1912016.7363284247
325 3 22 36 103.18914671611545 3714.809281780156
326 8 95 256 925.9454627568516 237042.038465754
327 15 143 900 1710.0312862634999 1539028.1576371498
328 5 28 100 148.16207341961706 14816.207341961706
329 9 105 324 1075.929830425758 348601.26505794557
330 10 99 400 985.0375627355537 394015.02509422146
331 17 159 1156 2004.9137138540402 2317680.2532152706
332 4 49 64 343.0 21952.0
333 10 160 400 2023.8577025077627 809543.081003105
334 12 442 576 2660.4300404257956 1532407.7032852583
335 8 361 256 1169.4575665666541 299381.13704106346
336 2 62 16 41.569219381653056 665.1075101064489
337 10 68 400 560.7423650840018 224296.94603360072
338 10 158 400 1986.0292042162926 794411.681686517
339 6 111 144 1169.4575665666541 168401.8895855982
340 5 59 100 453.18759912424787 45318.759912424786
341 0 50 0 1.0 0.0
342 12 107 576 1106.8166063083802 637526.365233627
343 3 45 36 301.8691769624716 10867.290370648978
344 7 55 196 407.8909167902615 79946.61969089125
345 13 131 676 1499.363531636007 1013569.7473859409
346 8 79 256 702.1673589679315 179754.84389579046
347 8 330 256 715.5417527999327 183178.68871678278
348 15 438 900 2577.7261297507926 2319953.5167757133
349 6 87 144 811.4819776187269 116853.40477709667
350 10 104 400 1060.5960588272992 424238.4235309197
351 5 52 100 374.9773326482549 37497.73326482549
352 8 346 256 940.6040612287404 240794.63967455755
353 11 144 484 1728.0 836352.0
354 7 93 196 896.8595207723448 175784.46607137957
355 0 50 0 1.0 0.0
356 5 57 100 430.34056281043274 43034.056281043275
357 7 73 196 623.7122734081797 122247.60558800322
358 19 224 1444 3352.5250185494515 4841046.126785408
359 3 21 36 96.23408959407264 3464.427225386615
360 12 127 576 1431.21731403725 824381.172885456
361 9 105 324 1075.929830425758 348601.26505794557
362 9 153 324 1892.505482158506 613171.776219356
363 15 180 900 2414.953415699773 2173458.0741297957
364 4 54 64 396.81733833087486 25396.30965317599
365 13 178 676 2374.8162034144875 1605375.7535081937
366 8 109 256 1137.99340947125 291326.31282464
367 10 115 400 1233.2376088978149 493295.043559126
368 8 91 256 868.0846732894205 222229.67636209165
369 16 164 1024 2100.2247498779743 2150630.1438750457
370 11 145 484 1746.0312139248829 845079.1075396433
371 10 93 400 896.8595207723448 358743.80830893794
372 12 136 576 1586.0189153979218 913546.895269203
373 6 311 144 476.42523023030594 68605.23315316405
374 6 65 144 524.0467536394058 75462.73252407444
375 8 69 256 573.1570465413472 146728.20391458488
376 10 113 400 1201.2064768390153 480482.5907356061
377 10 384 400 1551.1621449738902 620464.857989556
378 14 173 784 2275.4597337681016 1783960.4312741917
379 7 84 196 769.8727167525811 150895.0524835059
380 5 46 100 311.9871792237623 31198.717922376232
381 12 160 576 2023.8577025077627 1165742.0366444713
382 10 121 400 1331.0 532400.0
383 5 68 100 560.7423650840018 56074.23650840018
384 4 22 64 103.18914671611545 6604.1053898313885
385 6 70 144 585.6620185738528 84335.33067463481
386 8 317 256 548.4186357154541 140395.17074315625
387 5 133 100 756.1659870689768 75616.59870689768
388 11 332 484 742.5415813272682 359390.1253623978
389 12 106 576 1091.336794944622 628609.9938881022
390 9 92 324 882.4330002895404 285908.2920938111
391 9 78 324 688.877347573572 223196.26061383734
392 10 132 400 1516.5645386860397 606625.8154744159
393 8 96 256 940.6040612287404 240794.63967455755
394 12 131 576 1499.363531636007 863633.3942223401
395 8 109 256 1137.99340947125 291326.31282464
396 11 123 484 1364.1359902883582 660241.8192995654
397 7 56 196 419.06562731868144 82136.86295446157
398 8 347 256 955.3392067742221 244566.83693420087
399 9 153 324 1892.505482158506 613171.776219356
1201's generation fitness ratios and roulette cutoffs:
4952779.647213875 111557839.19026342 278894.59797565854 6.681969264385063e-05 6.681969264385063e-05
4952779.647213875 111557839.19026342 278894.59797565854 0.0001912491199837346 0.0002580688126275852
4952779.647213875 111557839.19026342 278894.59797565854 8.113250368493837e-07 0.0002588801376644346
4952779.647213875 111557839.19026342 278894.59797565854 4.1859969130954415e-05 0.000300740106795389
4952779.647213875 111557839.19026342 278894.59797565854 0.0 0.000300740106795389
4952779.647213875 111557839.19026342 278894.59797565854 0.0 0.000300740106795389
4952779.647213875 111557839.19026342 278894.59797565854 0.0 0.000300740106795389
4952779.647213875 111557839.19026342 278894.59797565854 0.0 0.000300740106795389
4952779.647213875 111557839.19026342 278894.59797565854 2.843402000092427e-05 0.0003291741267963133
4952779.647213875 111557839.19026342 278894.59797565854 2.73822199936667e-06 0.00033191234879567996
4952779.647213875 111557839.19026342 278894.59797565854 0.0009644591883773806 0.0012963715371730605
4952779.647213875 111557839.19026342 278894.59797565854 3.585583970641405e-08 0.001296407393012767
4952779.647213875 111557839.19026342 278894.59797565854 5.232496141369302e-06 0.0013016398891541362
4952779.647213875 111557839.19026342 278894.59797565854 1.3081240353423255e-06 0.0013029480131894785
4952779.647213875 111557839.19026342 278894.59797565854 2.868467176513124e-07 0.0013032348599071298
4952779.647213875 111557839.19026342 278894.59797565854 2.8863394190596046e-05 0.0013320982540977258
4952779.647213875 111557839.19026342 278894.59797565854 0.0 0.0013320982540977258
4952779.647213875 111557839.19026342 278894.59797565854 0.0 0.0013320982540977258
4952779.647213875 111557839.19026342 278894.59797565854 1.8631240835866398e-07 0.0013322845665060844
4952779.647213875 111557839.19026342 278894.59797565854 0.0 0.0013322845665060844
4952779.647213875 111557839.19026342 278894.59797565854 0.00037564874899016223 0.0017079333154962468
4952779.647213875 111557839.19026342 278894.59797565854 0.0 0.0017079333154962468
4952779.647213875 111557839.19026342 278894.59797565854 0.0 0.0017079333154962468
4952779.647213875 111557839.19026342 278894.59797565854 0.0004427479086948006 0.0021506812241910474
4952779.647213875 111557839.19026342 278894.59797565854 2.9697641175044723e-05 0.0021803788653660923
4952779.647213875 111557839.19026342 278894.59797565854 0.0028300012815719285 0.005010380146938021
4952779.647213875 111557839.19026342 278894.59797565854 0.0 0.005010380146938021
4952779.647213875 111557839.19026342 278894.59797565854 1.4799734016378706e-05 0.005025179880954399
4952779.647213875 111557839.19026342 278894.59797565854 1.1338612089017148e-06 0.005026313742163301
4952779.647213875 111557839.19026342 278894.59797565854 0.0036285398781551155 0.008654853620318415
4952779.647213875 111557839.19026342 278894.59797565854 1.1338612089017148e-06 0.008655987481527317
4952779.647213875 111557839.19026342 278894.59797565854 1.6806408916218156e-06 0.008657668122418938
4952779.647213875 111557839.19026342 278894.59797565854 0.0 0.008657668122418938
4952779.647213875 111557839.19026342 278894.59797565854 0.0 0.008657668122418938
4952779.647213875 111557839.19026342 278894.59797565854 3.6999335040946766e-06 0.008661368055923033
4952779.647213875 111557839.19026342 278894.59797565854 0.0 0.008661368055923033
4952779.647213875 111557839.19026342 278894.59797565854 0.0 0.008661368055923033
4952779.647213875 111557839.19026342 278894.59797565854 0.0002213572163433834 0.008882725272266415
4952779.647213875 111557839.19026342 278894.59797565854 0.0 0.008882725272266415
4952779.647213875 111557839.19026342 278894.59797565854 0.00882930350782326 0.017712028780089675
4952779.647213875 111557839.19026342 278894.59797565854 0.0 0.017712028780089675
4952779.647213875 111557839.19026342 278894.59797565854 1.582018810501589e-05 0.017727848968194692
4952779.647213875 111557839.19026342 278894.59797565854 2.868467176513124e-07 0.017728135814912345
4952779.647213875 111557839.19026342 278894.59797565854 6.640594443879673e-07 0.017728799874356733
4952779.647213875 111557839.19026342 278894.59797565854 0.0 0.017728799874356733
4952779.647213875 111557839.19026342 278894.59797565854 0.0005554880006147598 0.018284287874971494
4952779.647213875 111557839.19026342 278894.59797565854 6.640594443879673e-07 0.018284951934415882
4952779.647213875 111557839.19026342 278894.59797565854 0.0 0.018284951934415882
4952779.647213875 111557839.19026342 278894.59797565854 0.0 0.018284951934415882
4952779.647213875 111557839.19026342 278894.59797565854 0.0165491567140994 0.034834108648515286
4952779.647213875 111557839.19026342 278894.59797565854 1.1338612089017148e-06 0.03483524250972419
4952779.647213875 111557839.19026342 278894.59797565854 2.73822199936667e-06 0.034837980731723554
4952779.647213875 111557839.19026342 278894.59797565854 0.0 0.034837980731723554
4952779.647213875 111557839.19026342 278894.59797565854 2.868467176513124e-07 0.034838267578441204
4952779.647213875 111557839.19026342 278894.59797565854 1.1878190618019945e-05 0.034850145769059225
4952779.647213875 111557839.19026342 278894.59797565854 2.596240117918028e-05 0.0348761081702384
4952779.647213875 111557839.19026342 278894.59797565854 6.7225635664872625e-06 0.03488283073380489
4952779.647213875 111557839.19026342 278894.59797565854 0.0 0.03488283073380489
4952779.647213875 111557839.19026342 278894.59797565854 0.0006764449102978027 0.03555927564410269
4952779.647213875 111557839.19026342 278894.59797565854 0.0014257220179929061 0.03698499766209559
4952779.647213875 111557839.19026342 278894.59797565854 0.0 0.03698499766209559
4952779.647213875 111557839.19026342 278894.59797565854 0.015001104515949637 0.05198610217804523
4952779.647213875 111557839.19026342 278894.59797565854 5.9619970674772475e-06 0.05199206417511271
4952779.647213875 111557839.19026342 278894.59797565854 5.26971069478434e-07 0.05199259114618218
4952779.647213875 111557839.19026342 278894.59797565854 2.0830360507083634e-06 0.05199467418223289
4952779.647213875 111557839.19026342 278894.59797565854 1.0052944179523736e-05 0.052004727126412416
4952779.647213875 111557839.19026342 278894.59797565854 0.0 0.052004727126412416
4952779.647213875 111557839.19026342 278894.59797565854 2.969547654504986e-06 0.05200769667406692
4952779.647213875 111557839.19026342 278894.59797565854 0.0 0.05200769667406692
4952779.647213875 111557839.19026342 278894.59797565854 0.011132263842731917 0.06313996051679883
4952779.647213875 111557839.19026342 278894.59797565854 0.0 0.06313996051679883
4952779.647213875 111557839.19026342 278894.59797565854 1.095288799746668e-05 0.0631509134047963
4952779.647213875 111557839.19026342 278894.59797565854 0.0 0.0631509134047963
4952779.647213875 111557839.19026342 278894.59797565854 0.0 0.0631509134047963
4952779.647213875 111557839.19026342 278894.59797565854 7.690167376461997e-05 0.06322781507856091
4952779.647213875 111557839.19026342 278894.59797565854 0.001917409062077055 0.06514522414063798
4952779.647213875 111557839.19026342 278894.59797565854 0.0002534089040641275 0.0653986330447021
4952779.647213875 111557839.19026342 278894.59797565854 0.0002151220341275924 0.06561375507882969
4952779.647213875 111557839.19026342 278894.59797565854 0.0012571611691904057 0.06687091624802009
4952779.647213875 111557839.19026342 278894.59797565854 1.8631240835866398e-07 0.06687110256042846
4952779.647213875 111557839.19026342 278894.59797565854 0.0 0.06687110256042846
4952779.647213875 111557839.19026342 278894.59797565854 2.294773741210499e-06 0.06687339733416967
4952779.647213875 111557839.19026342 278894.59797565854 0.0 0.06687339733416967
4952779.647213875 111557839.19026342 278894.59797565854 0.0 0.06687339733416967
4952779.647213875 111557839.19026342 278894.59797565854 0.004657209420764471 0.07153060675493414
4952779.647213875 111557839.19026342 278894.59797565854 0.0 0.07153060675493414
4952779.647213875 111557839.19026342 278894.59797565854 1.4904992668693119e-06 0.07153209725420101
4952779.647213875 111557839.19026342 278894.59797565854 0.0 0.07153209725420101
4952779.647213875 111557839.19026342 278894.59797565854 0.0021922873256543522 0.07372438457985536
4952779.647213875 111557839.19026342 278894.59797565854 0.0 0.07372438457985536
4952779.647213875 111557839.19026342 278894.59797565854 0.0 0.07372438457985536
4952779.647213875 111557839.19026342 278894.59797565854 0.0 0.07372438457985536
4952779.647213875 111557839.19026342 278894.59797565854 0.031005903357297256 0.10473028793715261
4952779.647213875 111557839.19026342 278894.59797565854 0.004136651413692348 0.10886693935084496
4952779.647213875 111557839.19026342 278894.59797565854 0.0 0.10886693935084496
4952779.647213875 111557839.19026342 278894.59797565854 4.1859969130954415e-05 0.10890879931997592
4952779.647213875 111557839.19026342 278894.59797565854 2.868467176513124e-07 0.10890908616669358
4952779.647213875 111557839.19026342 278894.59797565854 0.0 0.10890908616669358
4952779.647213875 111557839.19026342 278894.59797565854 1.4904992668693119e-06 0.10891057666596045
4952779.647213875 111557839.19026342 278894.59797565854 2.71888475017792e-05 0.10893776551346222
4952779.647213875 111557839.19026342 278894.59797565854 0.0 0.10893776551346222
4952779.647213875 111557839.19026342 278894.59797565854 0.0 0.10893776551346222
4952779.647213875 111557839.19026342 278894.59797565854 0.0 0.10893776551346222
4952779.647213875 111557839.19026342 278894.59797565854 0.0 0.10893776551346222
4952779.647213875 111557839.19026342 278894.59797565854 5.26971069478434e-07 0.1089382924845317
4952779.647213875 111557839.19026342 278894.59797565854 0.0 0.1089382924845317
4952779.647213875 111557839.19026342 278894.59797565854 8.113250368493837e-07 0.10893910380956855
4952779.647213875 111557839.19026342 278894.59797565854 9.418493054464742e-05 0.1090332887401132
4952779.647213875 111557839.19026342 278894.59797565854 0.0 0.1090332887401132
4952779.647213875 111557839.19026342 278894.59797565854 2.065296367089449e-05 0.10905394170378409
4952779.647213875 111557839.19026342 278894.59797565854 1.1338612089017148e-06 0.10905507556499298
4952779.647213875 111557839.19026342 278894.59797565854 2.0830360507083634e-06 0.10905715860104369
4952779.647213875 111557839.19026342 278894.59797565854 8.783676707183761e-05 0.10914499536811553
4952779.647213875 111557839.19026342 278894.59797565854 0.0 0.10914499536811553
4952779.647213875 111557839.19026342 278894.59797565854 1.686307422330989e-05 0.10916185844233885
4952779.647213875 111557839.19026342 278894.59797565854 0.0 0.10916185844233885
4952779.647213875 111557839.19026342 278894.59797565854 3.585583970641405e-08 0.10916189429817855
4952779.647213875 111557839.19026342 278894.59797565854 0.0 0.10916189429817855
4952779.647213875 111557839.19026342 278894.59797565854 0.000920716683460898 0.11008261098163945
4952779.647213875 111557839.19026342 278894.59797565854 9.681076720731792e-07 0.11008357908931152
4952779.647213875 111557839.19026342 278894.59797565854 0.0 0.11008357908931152
4952779.647213875 111557839.19026342 278894.59797565854 0.001525169339955953 0.11160874842926748
4952779.647213875 111557839.19026342 278894.59797565854 6.397654500207961e-05 0.11167272497426955
4952779.647213875 111557839.19026342 278894.59797565854 0.0 0.11167272497426955
4952779.647213875 111557839.19026342 278894.59797565854 3.559542323628575e-05 0.11170832039750585
4952779.647213875 111557839.19026342 278894.59797565854 1.4904992668693119e-06 0.11170981089677272
4952779.647213875 111557839.19026342 278894.59797565854 0.0 0.11170981089677272
4952779.647213875 111557839.19026342 278894.59797565854 2.513236044880934e-06 0.1117123241328176
4952779.647213875 111557839.19026342 278894.59797565854 0.00024399101964399337 0.1119563151524616
4952779.647213875 111557839.19026342 278894.59797565854 0.00021210176403531778 0.11216841691649691
4952779.647213875 111557839.19026342 278894.59797565854 0.00015471857155045627 0.11232313548804737
4952779.647213875 111557839.19026342 278894.59797565854 0.0 0.11232313548804737
4952779.647213875 111557839.19026342 278894.59797565854 4.0088047486938953e-07 0.11232353636852224
4952779.647213875 111557839.19026342 278894.59797565854 0.0 0.11232353636852224
4952779.647213875 111557839.19026342 278894.59797565854 0.0 0.11232353636852224
4952779.647213875 111557839.19026342 278894.59797565854 0.0 0.11232353636852224
4952779.647213875 111557839.19026342 278894.59797565854 0.004255293127652911 0.11657882949617515
4952779.647213875 111557839.19026342 278894.59797565854 0.0 0.11657882949617515
4952779.647213875 111557839.19026342 278894.59797565854 0.0013768428267648379 0.11795567232293999
4952779.647213875 111557839.19026342 278894.59797565854 3.4505540907777564e-06 0.11795912287703077
4952779.647213875 111557839.19026342 278894.59797565854 0.0 0.11795912287703077
4952779.647213875 111557839.19026342 278894.59797565854 2.4643997994300032e-05 0.11798376687502507
4952779.647213875 111557839.19026342 278894.59797565854 1.1878190618019945e-05 0.11799564506564308
4952779.647213875 111557839.19026342 278894.59797565854 0.0 0.11799564506564308
4952779.647213875 111557839.19026342 278894.59797565854 4.0088047486938953e-07 0.11799604594611796
4952779.647213875 111557839.19026342 278894.59797565854 0.0 0.11799604594611796
4952779.647213875 111557839.19026342 278894.59797565854 0.0 0.11799604594611796
4952779.647213875 111557839.19026342 278894.59797565854 0.0 0.11799604594611796
4952779.647213875 111557839.19026342 278894.59797565854 5.0396387196598836e-05 0.11804644233331456
4952779.647213875 111557839.19026342 278894.59797565854 4.278213256338689e-05 0.11808922446587794
4952779.647213875 111557839.19026342 278894.59797565854 0.0 0.11808922446587794
4952779.647213875 111557839.19026342 278894.59797565854 0.0 0.11808922446587794
4952779.647213875 111557839.19026342 278894.59797565854 9.099239380485826e-05 0.1181802168596828
4952779.647213875 111557839.19026342 278894.59797565854 0.0010289707695458287 0.11920918762922864
4952779.647213875 111557839.19026342 278894.59797565854 5.8415402653155625e-05 0.11926760303188179
4952779.647213875 111557839.19026342 278894.59797565854 0.0004376102044752948 0.11970521323635708
4952779.647213875 111557839.19026342 278894.59797565854 0.0 0.11970521323635708
4952779.647213875 111557839.19026342 278894.59797565854 4.329509128589407e-05 0.11974850832764297
4952779.647213875 111557839.19026342 278894.59797565854 0.00010397985177980191 0.11985248817942278
4952779.647213875 111557839.19026342 278894.59797565854 4.535444835606859e-06 0.11985702362425839
4952779.647213875 111557839.19026342 278894.59797565854 0.0 0.11985702362425839
4952779.647213875 111557839.19026342 278894.59797565854 9.681076720731792e-07 0.11985799173193046
4952779.647213875 111557839.19026342 278894.59797565854 0.0002666286144906705 0.12012462034642113
4952779.647213875 111557839.19026342 278894.59797565854 3.105498681699981e-05 0.12015567533323813
4952779.647213875 111557839.19026342 278894.59797565854 0.0 0.12015567533323813
4952779.647213875 111557839.19026342 278894.59797565854 9.741395539326165e-05 0.12025308928863139
4952779.647213875 111557839.19026342 278894.59797565854 8.069794655566515e-06 0.12026115908328695
4952779.647213875 111557839.19026342 278894.59797565854 0.0 0.12026115908328695
4952779.647213875 111557839.19026342 278894.59797565854 0.0 0.12026115908328695
4952779.647213875 111557839.19026342 278894.59797565854 0.0 0.12026115908328695
4952779.647213875 111557839.19026342 278894.59797565854 0.0 0.12026115908328695
4952779.647213875 111557839.19026342 278894.59797565854 1.4904992668693119e-06 0.12026264958255382
4952779.647213875 111557839.19026342 278894.59797565854 0.00020283125921234592 0.12046548084176617
4952779.647213875 111557839.19026342 278894.59797565854 8.048696041094285e-05 0.1205459678021771
4952779.647213875 111557839.19026342 278894.59797565854 0.0 0.1205459678021771
4952779.647213875 111557839.19026342 278894.59797565854 0.006729804768689784 0.1272757725708669
4952779.647213875 111557839.19026342 278894.59797565854 0.006505073552690008 0.1337808461235569
4952779.647213875 111557839.19026342 278894.59797565854 0.01637378928707736 0.15015463541063426
4952779.647213875 111557839.19026342 278894.59797565854 1.878243744950811e-06 0.1501565136543792
4952779.647213875 111557839.19026342 278894.59797565854 5.3025441008829445e-05 0.15020953909538803
4952779.647213875 111557839.19026342 278894.59797565854 0.0001537436401850633 0.1503632827355731
4952779.647213875 111557839.19026342 278894.59797565854 0.0 0.1503632827355731
4952779.647213875 111557839.19026342 278894.59797565854 1.792791985320702e-05 0.15038121065542628
4952779.647213875 111557839.19026342 278894.59797565854 0.015001104515949637 0.16538231517137592
4952779.647213875 111557839.19026342 278894.59797565854 0.0 0.16538231517137592
4952779.647213875 111557839.19026342 278894.59797565854 2.4754971448073006e-05 0.165407070142824
4952779.647213875 111557839.19026342 278894.59797565854 0.00017302876597039495 0.16558009890879438
4952779.647213875 111557839.19026342 278894.59797565854 2.868467176513124e-07 0.16558038575551204
4952779.647213875 111557839.19026342 278894.59797565854 0.0 0.16558038575551204
4952779.647213875 111557839.19026342 278894.59797565854 0.0 0.16558038575551204
4952779.647213875 111557839.19026342 278894.59797565854 0.0 0.16558038575551204
4952779.647213875 111557839.19026342 278894.59797565854 0.0 0.16558038575551204
4952779.647213875 111557839.19026342 278894.59797565854 0.0 0.16558038575551204
4952779.647213875 111557839.19026342 278894.59797565854 6.7225635664872625e-06 0.16558710831907852
4952779.647213875 111557839.19026342 278894.59797565854 8.113250368493837e-07 0.16558791964411537
4952779.647213875 111557839.19026342 278894.59797565854 0.0 0.16558791964411537
4952779.647213875 111557839.19026342 278894.59797565854 0.005389026727060932 0.1709769463711763
4952779.647213875 111557839.19026342 278894.59797565854 0.0 0.1709769463711763
4952779.647213875 111557839.19026342 278894.59797565854 0.0010733830237517345 0.17205032939492804
4952779.647213875 111557839.19026342 278894.59797565854 0.0002213572163433834 0.17227168661127143
4952779.647213875 111557839.19026342 278894.59797565854 8.732866240700532e-06 0.17228041947751213
4952779.647213875 111557839.19026342 278894.59797565854 0.0030803135445638557 0.175360733022076
4952779.647213875 111557839.19026342 278894.59797565854 0.002356805784845416 0.17771753880692143
4952779.647213875 111557839.19026342 278894.59797565854 6.328075242006356e-05 0.1777808195593415
4952779.647213875 111557839.19026342 278894.59797565854 0.0 0.1777808195593415
4952779.647213875 111557839.19026342 278894.59797565854 0.00015061064395813635 0.17793143020329963
4952779.647213875 111557839.19026342 278894.59797565854 6.970375238926891e-05 0.1780011339556889
4952779.647213875 111557839.19026342 278894.59797565854 0.0015299929598698767 0.17953112691555878
4952779.647213875 111557839.19026342 278894.59797565854 0.0002733220269956681 0.17980444894255446
4952779.647213875 111557839.19026342 278894.59797565854 0.0005026472089761868 0.18030709615153065
4952779.647213875 111557839.19026342 278894.59797565854 0.0014503739336051132 0.18175747008513576
4952779.647213875 111557839.19026342 278894.59797565854 7.859579616630477e-05 0.18183606588130208
4952779.647213875 111557839.19026342 278894.59797565854 0.00013162744197120496 0.18196769332327328
4952779.647213875 111557839.19026342 278894.59797565854 0.004136651413692348 0.18610434473696563
4952779.647213875 111557839.19026342 278894.59797565854 0.0 0.18610434473696563
4952779.647213875 111557839.19026342 278894.59797565854 1.1878190618019945e-05 0.18611622292758365
4952779.647213875 111557839.19026342 278894.59797565854 0.0002276515020146835 0.18634387442959832
4952779.647213875 111557839.19026342 278894.59797565854 3.585583970641405e-08 0.18634391028543804
4952779.647213875 111557839.19026342 278894.59797565854 0.0038178317526357196 0.19016174203807376
4952779.647213875 111557839.19026342 278894.59797565854 0.00044824012496187795 0.19060998216303565
4952779.647213875 111557839.19026342 278894.59797565854 0.0010289707695458287 0.19163895293258149
4952779.647213875 111557839.19026342 278894.59797565854 0.00032169421374475955 0.19196064714632624
4952779.647213875 111557839.19026342 278894.59797565854 0.0 0.19196064714632624
4952779.647213875 111557839.19026342 278894.59797565854 0.0 0.19196064714632624
4952779.647213875 111557839.19026342 278894.59797565854 0.0 0.19196064714632624
4952779.647213875 111557839.19026342 278894.59797565854 5.8415402653155625e-05 0.1920190625489794
4952779.647213875 111557839.19026342 278894.59797565854 0.0 0.1920190625489794
4952779.647213875 111557839.19026342 278894.59797565854 0.0017044924867909489 0.19372355503577035
4952779.647213875 111557839.19026342 278894.59797565854 0.0 0.19372355503577035
4952779.647213875 111557839.19026342 278894.59797565854 0.00543776950035584 0.1991613245361262
4952779.647213875 111557839.19026342 278894.59797565854 0.012494506983110113 0.2116558315192363
4952779.647213875 111557839.19026342 278894.59797565854 0.0007722357828572392 0.21242806730209354
4952779.647213875 111557839.19026342 278894.59797565854 2.868467176513124e-07 0.2124283541488112
4952779.647213875 111557839.19026342 278894.59797565854 0.01065251979686698 0.2230808739456782
4952779.647213875 111557839.19026342 278894.59797565854 0.007653100530731233 0.23073397447640942
4952779.647213875 111557839.19026342 278894.59797565854 0.0 0.23073397447640942
4952779.647213875 111557839.19026342 278894.59797565854 0.0030803135445638557 0.2338142880209733
4952779.647213875 111557839.19026342 278894.59797565854 0.0 0.2338142880209733
4952779.647213875 111557839.19026342 278894.59797565854 2.868467176513124e-07 0.23381457486769094
4952779.647213875 111557839.19026342 278894.59797565854 0.003214552944435427 0.23702912781212637
4952779.647213875 111557839.19026342 278894.59797565854 9.426745068236346e-05 0.23712339526280873
4952779.647213875 111557839.19026342 278894.59797565854 0.0 0.23712339526280873
4952779.647213875 111557839.19026342 278894.59797565854 0.0 0.23712339526280873
4952779.647213875 111557839.19026342 278894.59797565854 5.26971069478434e-07 0.2371239222338782
4952779.647213875 111557839.19026342 278894.59797565854 0.00202695919270925 0.23915088142658747
4952779.647213875 111557839.19026342 278894.59797565854 9.426745068236346e-05 0.23924514887726983
4952779.647213875 111557839.19026342 278894.59797565854 0.0053504711729719275 0.24459562005024177
4952779.647213875 111557839.19026342 278894.59797565854 0.0 0.24459562005024177
4952779.647213875 111557839.19026342 278894.59797565854 0.00033612817832436313 0.24493174822856614
4952779.647213875 111557839.19026342 278894.59797565854 1.8631240835866398e-07 0.2449319345409745
4952779.647213875 111557839.19026342 278894.59797565854 0.002991886913780602 0.2479238214547551
4952779.647213875 111557839.19026342 278894.59797565854 4.03378196697158e-05 0.24796415927442483
4952779.647213875 111557839.19026342 278894.59797565854 0.0 0.24796415927442483
4952779.647213875 111557839.19026342 278894.59797565854 1.8631240835866398e-07 0.2479643455868332
4952779.647213875 111557839.19026342 278894.59797565854 3.872430688292717e-06 0.2479682180175215
4952779.647213875 111557839.19026342 278894.59797565854 0.013550045947506254 0.26151826396502775
4952779.647213875 111557839.19026342 278894.59797565854 1.792791985320702e-05 0.261536191884881
4952779.647213875 111557839.19026342 278894.59797565854 1.0141562960617297e-07 0.2615362933005106
4952779.647213875 111557839.19026342 278894.59797565854 0.0 0.2615362933005106
4952779.647213875 111557839.19026342 278894.59797565854 0.0 0.2615362933005106
4952779.647213875 111557839.19026342 278894.59797565854 0.008644722539812707 0.2701810158403233
4952779.647213875 111557839.19026342 278894.59797565854 0.0 0.2701810158403233
4952779.647213875 111557839.19026342 278894.59797565854 0.0 0.2701810158403233
4952779.647213875 111557839.19026342 278894.59797565854 0.009867416750664777 0.28004843259098805
4952779.647213875 111557839.19026342 278894.59797565854 0.0040803709276956745 0.28412880351868375
4952779.647213875 111557839.19026342 278894.59797565854 2.012174010273571e-05 0.2841489252587865
4952779.647213875 111557839.19026342 278894.59797565854 0.0023975569106533504 0.28654648216943984
4952779.647213875 111557839.19026342 278894.59797565854 0.00027059432053683794 0.2868170764899767
4952779.647213875 111557839.19026342 278894.59797565854 0.0002905126076003945 0.28710758909757705
4952779.647213875 111557839.19026342 278894.59797565854 0.0016012080252058806 0.2887087971227829
4952779.647213875 111557839.19026342 278894.59797565854 0.0 0.2887087971227829
4952779.647213875 111557839.19026342 278894.59797565854 0.011355649629476704 0.30006444675225963
4952779.647213875 111557839.19026342 278894.59797565854 0.0008370487076742336 0.3009014954599339
4952779.647213875 111557839.19026342 278894.59797565854 0.0040103053745878265 0.30491180083452174
4952779.647213875 111557839.19026342 278894.59797565854 0.004024348020547142 0.30893614885506887
4952779.647213875 111557839.19026342 278894.59797565854 0.000355705471897943 0.3092918543269668
4952779.647213875 111557839.19026342 278894.59797565854 0.0031303834499539045 0.31242223777692074
4952779.647213875 111557839.19026342 278894.59797565854 0.002455392908575011 0.31487763068549574
4952779.647213875 111557839.19026342 278894.59797565854 0.003259721896643185 0.31813735258213893
4952779.647213875 111557839.19026342 278894.59797565854 0.00705357642565718 0.3251909290077961
4952779.647213875 111557839.19026342 278894.59797565854 0.0001777126250057767 0.3253686416328019
4952779.647213875 111557839.19026342 278894.59797565854 0.008371993826190883 0.33374063545899274
4952779.647213875 111557839.19026342 278894.59797565854 0.004024348020547142 0.33776498347953987
4952779.647213875 111557839.19026342 278894.59797565854 0.0 0.33776498347953987
4952779.647213875 111557839.19026342 278894.59797565854 0.01301488306471934 0.3507798665442592
4952779.647213875 111557839.19026342 278894.59797565854 0.011042935151813787 0.36182280169607295
4952779.647213875 111557839.19026342 278894.59797565854 0.00543776950035584 0.3672605711964288
4952779.647213875 111557839.19026342 278894.59797565854 7.559234220805499e-05 0.36733616353863685
4952779.647213875 111557839.19026342 278894.59797565854 0.03480256287097965 0.4021387264096165
4952779.647213875 111557839.19026342 278894.59797565854 0.002904147460722497 0.405042873870339
4952779.647213875 111557839.19026342 278894.59797565854 0.004469361932931517 0.4095122358032705
4952779.647213875 111557839.19026342 278894.59797565854 0.004058914808052569 0.4135711506113231
4952779.647213875 111557839.19026342 278894.59797565854 0.005229226936807102 0.4188003775481302
4952779.647213875 111557839.19026342 278894.59797565854 0.008461446058183927 0.42726182360631415
4952779.647213875 111557839.19026342 278894.59797565854 0.02793372189816093 0.45519554550447505
4952779.647213875 111557839.19026342 278894.59797565854 1.0052944179523736e-05 0.4552055984486546
4952779.647213875 111557839.19026342 278894.59797565854 0.0056108933031239865 0.4608164917517786
4952779.647213875 111557839.19026342 278894.59797565854 0.0016525812738843691 0.4624690730256629
4952779.647213875 111557839.19026342 278894.59797565854 0.0021922873256543522 0.4646613603513173
4952779.647213875 111557839.19026342 278894.59797565854 0.00011879056470017889 0.46478015091601743
4952779.647213875 111557839.19026342 278894.59797565854 0.0008577160007715777 0.465637866916789
4952779.647213875 111557839.19026342 278894.59797565854 0.002647456904763102 0.4682853238215521
4952779.647213875 111557839.19026342 278894.59797565854 0.00023400434128214217 0.4685193281628342
4952779.647213875 111557839.19026342 278894.59797565854 1.8631240835866398e-07 0.46851951447524254
4952779.647213875 111557839.19026342 278894.59797565854 0.010351852523876411 0.478871366999119
4952779.647213875 111557839.19026342 278894.59797565854 2.868467176513124e-07 0.47887165384583663
4952779.647213875 111557839.19026342 278894.59797565854 0.012034615870969557 0.4909062697168062
4952779.647213875 111557839.19026342 278894.59797565854 0.001803962136912253 0.49271023185371843
4952779.647213875 111557839.19026342 278894.59797565854 0.00023400434128214217 0.49294423619500055
4952779.647213875 111557839.19026342 278894.59797565854 0.04439651828292265 0.5373407544779232
4952779.647213875 111557839.19026342 278894.59797565854 0.0 0.5373407544779232
4952779.647213875 111557839.19026342 278894.59797565854 5.0396387196598836e-05 0.5373911508651198
4952779.647213875 111557839.19026342 278894.59797565854 0.007215848547649012 0.5446069994127688
4952779.647213875 111557839.19026342 278894.59797565854 0.0002213572163433834 0.5448283566291122
4952779.647213875 111557839.19026342 278894.59797565854 0.011953069998983412 0.5567814266280956
4952779.647213875 111557839.19026342 278894.59797565854 0.018245441092617182 0.5750268677207128
4952779.647213875 111557839.19026342 278894.59797565854 5.5698685758164264e-05 0.5750825664064709
4952779.647213875 111557839.19026342 278894.59797565854 0.00507125811136719 0.5801538245178381
4952779.647213875 111557839.19026342 278894.59797565854 0.009279133009510197 0.5894329575273484
4952779.647213875 111557839.19026342 278894.59797565854 0.000570170034144287 0.5900031275614926
4952779.647213875 111557839.19026342 278894.59797565854 0.0 0.5900031275614926
4952779.647213875 111557839.19026342 278894.59797565854 0.018405447048947192 0.6084085746104398
4952779.647213875 111557839.19026342 278894.59797565854 0.0029043230162195378 0.6113128976266594
4952779.647213875 111557839.19026342 278894.59797565854 0.00042926378885836187 0.6117421614155177
4952779.647213875 111557839.19026342 278894.59797565854 0.01713924140344323 0.628881402818961
4952779.647213875 111557839.19026342 278894.59797565854 3.329940153685209e-05 0.6289147022204978
4952779.647213875 111557839.19026342 278894.59797565854 0.002124835333727427 0.6310395375542253
4952779.647213875 111557839.19026342 278894.59797565854 0.013795786730973843 0.6448353242851991
4952779.647213875 111557839.19026342 278894.59797565854 0.00013281188887759345 0.6449681361740767
4952779.647213875 111557839.19026342 278894.59797565854 0.003124847770342713 0.6480929839444194
4952779.647213875 111557839.19026342 278894.59797565854 0.003531934895424278 0.6516249188398436
4952779.647213875 111557839.19026342 278894.59797565854 0.020775592912501965 0.6724005117523456
4952779.647213875 111557839.19026342 278894.59797565854 0.00019677684830880028 0.6725972886006544
4952779.647213875 111557839.19026342 278894.59797565854 0.007256711736970974 0.6798540003376253
4952779.647213875 111557839.19026342 278894.59797565854 0.01373644124346758 0.693590441581093
4952779.647213875 111557839.19026342 278894.59797565854 0.002683640515217087 0.69627408209631
4952779.647213875 111557839.19026342 278894.59797565854 5.9619970674772475e-06 0.6962800440933775
4952779.647213875 111557839.19026342 278894.59797565854 0.002010588835904747 0.6982906329292823
4952779.647213875 111557839.19026342 278894.59797565854 0.0071210744798636426 0.7054117074091459
4952779.647213875 111557839.19026342 278894.59797565854 0.0015095477898096113 0.7069212551989555
4952779.647213875 111557839.19026342 278894.59797565854 0.0004062355477783414 0.7073274907467338
4952779.647213875 111557839.19026342 278894.59797565854 0.0 0.7073274907467338
4952779.647213875 111557839.19026342 278894.59797565854 0.005714760790107427 0.7130422515368413
4952779.647213875 111557839.19026342 278894.59797565854 9.741395539326165e-05 0.7131396654922346
4952779.647213875 111557839.19026342 278894.59797565854 0.0007166382951765604 0.7138563037874112
4952779.647213875 111557839.19026342 278894.59797565854 0.009085598598385218 0.7229419023857964
4952779.647213875 111557839.19026342 278894.59797565854 0.0016113152172947355 0.7245532176030911
4952779.647213875 111557839.19026342 278894.59797565854 0.0016420064250650195 0.7261952240281562
4952779.647213875 111557839.19026342 278894.59797565854 0.02079597035596038 0.7469911943841165
4952779.647213875 111557839.19026342 278894.59797565854 0.0010474692377090739 0.7480386636218256
4952779.647213875 111557839.19026342 278894.59797565854 0.0038028562278566123 0.7518415198496822
4952779.647213875 111557839.19026342 278894.59797565854 0.00033612817832436313 0.7521776480280066
4952779.647213875 111557839.19026342 278894.59797565854 0.002158473500583666 0.7543361215285902
4952779.647213875 111557839.19026342 278894.59797565854 0.0074970258125347 0.761833147341125
4952779.647213875 111557839.19026342 278894.59797565854 0.0015757249095832411 0.7634088722507082
4952779.647213875 111557839.19026342 278894.59797565854 0.0 0.7634088722507082
4952779.647213875 111557839.19026342 278894.59797565854 0.000385755555982472 0.7637946278066907
4952779.647213875 111557839.19026342 278894.59797565854 0.0010958226376140924 0.7648904504443048
4952779.647213875 111557839.19026342 278894.59797565854 0.04339494348334354 0.8082853939276483
4952779.647213875 111557839.19026342 278894.59797565854 3.105498681699981e-05 0.8083164489144653
4952779.647213875 111557839.19026342 278894.59797565854 0.007389719797991629 0.8157061687124569
4952779.647213875 111557839.19026342 278894.59797565854 0.003124847770342713 0.8188310164827997
4952779.647213875 111557839.19026342 278894.59797565854 0.005496447230154603 0.8243274637129543
4952779.647213875 111557839.19026342 278894.59797565854 0.01948279107865233 0.8438102547916067
4952779.647213875 111557839.19026342 278894.59797565854 0.0002276515020146835 0.8440379062936213
4952779.647213875 111557839.19026342 278894.59797565854 0.014390523921588363 0.8584284302152096
4952779.647213875 111557839.19026342 278894.59797565854 0.0026114373937252315 0.8610398676089349
4952779.647213875 111557839.19026342 278894.59797565854 0.004421877002456139 0.865461744611391
4952779.647213875 111557839.19026342 278894.59797565854 0.001992057913411857 0.8674538025248029
4952779.647213875 111557839.19026342 278894.59797565854 0.019278162426641453 0.8867319649514444
4952779.647213875 111557839.19026342 278894.59797565854 0.007575255254795222 0.8943072202062395
4952779.647213875 111557839.19026342 278894.59797565854 0.0032157651215984516 0.897522985327838
4952779.647213875 111557839.19026342 278894.59797565854 0.00818899776026619 0.9057119830881042
4952779.647213875 111557839.19026342 278894.59797565854 0.0006149745607402532 0.9063269576488444
4952779.647213875 111557839.19026342 278894.59797565854 0.0006764449102978027 0.9070034025591422
4952779.647213875 111557839.19026342 278894.59797565854 0.0013152657399928473 0.9083186682991351
4952779.647213875 111557839.19026342 278894.59797565854 0.004307026688784609 0.9126256949879197
4952779.647213875 111557839.19026342 278894.59797565854 0.005561822122884119 0.9181875171108038
4952779.647213875 111557839.19026342 278894.59797565854 0.01599134981658817 0.9341788669273919
4952779.647213875 111557839.19026342 278894.59797565854 0.0013526172035848805 0.9355314841309769
4952779.647213875 111557839.19026342 278894.59797565854 0.00027966405721758733 0.9358111481881944
4952779.647213875 111557839.19026342 278894.59797565854 0.010449664901238203 0.9462608130894327
4952779.647213875 111557839.19026342 278894.59797565854 0.004772412264923709 0.9510332253543564
4952779.647213875 111557839.19026342 278894.59797565854 0.0005026472089761868 0.9515358725633326
4952779.647213875 111557839.19026342 278894.59797565854 5.9198936065514826e-05 0.9515950714993981
4952779.647213875 111557839.19026342 278894.59797565854 0.0007559785245642823 0.9523510500239625
4952779.647213875 111557839.19026342 278894.59797565854 0.0012584966844303104 0.9536095467083928
4952779.647213875 111557839.19026342 278894.59797565854 0.0006778241605946897 0.9542873708689875
4952779.647213875 111557839.19026342 278894.59797565854 0.003221558681765546 0.9575089295507531
4952779.647213875 111557839.19026342 278894.59797565854 0.005634834794675426 0.9631437643454285
4952779.647213875 111557839.19026342 278894.59797565854 0.002562870473012574 0.9657066348184411
4952779.647213875 111557839.19026342 278894.59797565854 0.0020007223359101915 0.9677073571543513
4952779.647213875 111557839.19026342 278894.59797565854 0.00543776950035584 0.9731451266547071
4952779.647213875 111557839.19026342 278894.59797565854 0.002158473500583666 0.9753036001552907
4952779.647213875 111557839.19026342 278894.59797565854 0.007741575137085629 0.9830451752923763
4952779.647213875 111557839.19026342 278894.59797565854 0.0026114373937252315 0.9856566126861016
4952779.647213875 111557839.19026342 278894.59797565854 0.005918381210069101 0.9915749938961707
4952779.647213875 111557839.19026342 278894.59797565854 0.000736271548020718 0.9923112654441913
4952779.647213875 111557839.19026342 278894.59797565854 0.0021922873256543522 0.9945035527698457
4952779.647213875 111557839.19026342 278894.59797565854 0.005496447230154603 1.0000000000000002
1201's generation extracting best parents:
0
21335.33857242486
0
0
0
0
0
0
0
0
107592.9830425758
0
0
0
0
0
0
0
0
0
41906.56273186814
0
0
49392.0
0
315708.8278778406
0
0
0
404792.0682226864
0
0
0
0
0
0
0
24694.132744439517
0
984978.0208877759
0
0
0
0
0
61969.04104470232
0
0
0
1846188.1634459689
0
0
0
0
0
0
0
0
75462.73252407444
159050.46761327048
0
1673490.8052666439
0
0
0
0
0
0
0
1241891.2995910712
0
0
0
0
8578.984555295574
213902.01180914592
28269.749768966827
23998.549289488314
140246.18354878682
0
0
0
0
0
519548.2196370227
0
0
0
244566.83693420087
0
0
0
3458951.5806822157
461475.8931948667
0
0
0
0
0
0
0
0
0
0
0
0
0
10507.067335845906
0
0
0
0
9798.879935992685
0
0
0
0
0
102713.16371332353
0
0
170144.5959647264
0
0
0
0
0
0
27219.110933313015
23661.614484223177
17260.069524773065
0
0
0
0
0
474711.3064421365
0
153597.6106584995
0
0
0
0
0
0
0
0
0
0
0
0
0
10150.914835619498
114789.75564047515
0
48818.84881887323
0
0
11599.767583878567
0
0
0
29744.51209887296
0
0
10867.290370648978
0
0
0
0
0
0
22627.41699796952
8978.95138643706
0
750762.4781673629
725691.9493118274
1826624.5522230342
0
0
17151.308288291013
0
0
1673490.8052666439
0
0
19302.715249415043
0
0
0
0
0
0
0
0
0
601188.1770094951
0
119744.29075325471
24694.132744439517
0
343633.12306004495
262920.1607484675
0
0
16801.797999023795
0
170682.70857939887
30491.21473473958
56074.23650840018
161800.582050869
8767.977189751351
14684.073004449414
461475.8931948667
0
0
25396.30965317599
0
425909.06071601715
50004.69977912076
114789.75564047515
35887.511365376115
0
0
0
0
0
190149.49874243687
0
606625.8154744159
1393860.2007834213
86148.95528095508
0
1188372.090469984
853763.3583142345
0
343633.12306004495
0
0
358608.58044391515
10516.27310409919
0
0
0
226123.18766548467
10516.27310409919
596887.0027065424
0
37497.73326482549
0
333768.4392029899
0
0
0
0
1511613.8468325832
0
0
0
0
964386.5669408715
0
0
1100787.691093973
455197.3637885
0
267466.2682881712
30186.91769624716
32408.958761428912
178627.3073860769
0
1266811.7352661365
93379.34512513997
447381.0020821179
448947.569321853
39681.733833087485
349218.8135138197
273918.32724372426
363647.53115070093
786881.7446096968
19825.236442474023
933961.5409640806
448947.569321853
0
1451912.232014043
1231925.9838545497
606625.8154744159
0
3882498.7121697804
323980.4154080922
498592.35979705903
452803.7654437074
583361.2577057205
943940.638675971
3116225.655500577
0
625939.1328236316
184358.39600083313
244566.83693420087
13252.01871414314
95684.94368499152
295344.5716447147
26105.018674576735
0
1154830.2991799272
0
1342555.7420502137
201246.11797498108
26105.018674576735
4952779.647213875
0
0
804984.4718999243
24694.132744439517
1333458.6607765537
2035421.9833656116
0
565738.59688022
1035160.0281000035
63606.936980175364
0
2053271.9021113594
324000.0
47887.74072766432
1912016.7363284247
0
237042.038465754
1539028.1576371498
14816.207341961706
348601.26505794557
394015.02509422146
2317680.2532152706
21952.0
809543.081003105
1532407.7032852583
299381.13704106346
0
224296.94603360072
794411.681686517
168401.8895855982
45318.759912424786
0
637526.365233627
10867.290370648978
79946.61969089125
1013569.7473859409
179754.84389579046
183178.68871678278
2319953.5167757133
116853.40477709667
424238.4235309197
37497.73326482549
240794.63967455755
836352.0
175784.46607137957
0
43034.056281043275
122247.60558800322
4841046.126785408
0
824381.172885456
348601.26505794557
613171.776219356
2173458.0741297957
25396.30965317599
1605375.7535081937
291326.31282464
493295.043559126
222229.67636209165
2150630.1438750457
845079.1075396433
358743.80830893794
913546.895269203
68605.23315316405
75462.73252407444
146728.20391458488
480482.5907356061
620464.857989556
1783960.4312741917
150895.0524835059
31198.717922376232
1165742.0366444713
532400.0
56074.23650840018
0
84335.33067463481
140395.17074315625
75616.59870689768
359390.1253623978
628609.9938881022
285908.2920938111
223196.26061383734
606625.8154744159
240794.63967455755
863633.3942223401
291326.31282464
660241.8192995654
82136.86295446157
244566.83693420087
613171.776219356
