0 1 15 4 58.09475019311125 232.379000772445
1 1 57 4 18.520259177452132 74.08103670980853
2 0 50 0 1.0 0.0
3 0 50 0 1.0 0.0
4 0 50 0 1.0 0.0
5 0 50 0 1.0 0.0
6 0 50 0 1.0 0.0
7 2 17 16 70.09279563550022 1121.4847301680036
8 1 11 4 36.4828726939094 145.9314907756376
9 0 50 0 1.0 0.0
10 1 53 4 5.196152422706632 20.784609690826528
11 0 50 0 1.0 0.0
12 0 5 0 11.180339887498949 0.0
13 2 21 16 96.23408959407264 1539.7454335051623
14 0 50 0 1.0 0.0
15 0 50 0 1.0 0.0
16 1 13 4 46.87216658103186 187.48866632412745
17 1 7 4 18.520259177452132 74.08103670980853
18 1 18 4 76.36753236814714 305.47012947258855
19 0 50 0 1.0 0.0
20 0 50 0 1.0 0.0
21 1 12 4 41.569219381653056 166.27687752661222
22 0 50 0 1.0 0.0
23 1 13 4 46.87216658103186 187.48866632412745
24 2 21 16 96.23408959407264 1539.7454335051623
25 1 9 4 27.0 108.0
26 1 8 4 22.627416997969522 90.50966799187809
27 0 50 0 1.0 0.0
28 0 11 0 36.4828726939094 0.0
29 0 50 0 1.0 0.0
30 4 41 64 262.5280937347468 16801.797999023795
31 0 11 0 36.4828726939094 0.0
32 4 39 64 243.55492193753753 15587.515004002402
33 1 8 4 22.627416997969522 90.50966799187809
34 0 6 0 14.696938456699069 0.0
35 0 50 0 1.0 0.0
36 1 13 4 46.87216658103186 187.48866632412745
37 4 55 64 407.8909167902615 26105.018674576735
38 2 25 16 125.0 2000.0
39 0 9 0 27.0 0.0
40 0 50 0 1.0 0.0
41 0 50 0 1.0 0.0
42 0 10 0 31.622776601683793 0.0
43 1 29 4 156.16977940690063 624.6791176276025
44 0 50 0 1.0 0.0
45 0 50 0 1.0 0.0
46 0 50 0 1.0 0.0
47 0 50 0 1.0 0.0
48 0 50 0 1.0 0.0
49 0 50 0 1.0 0.0
50 0 10 0 31.622776601683793 0.0
51 1 56 4 14.696938456699069 58.787753826796276
52 0 50 0 1.0 0.0
53 0 50 0 1.0 0.0
54 0 50 0 1.0 0.0
55 3 28 36 148.16207341961706 5333.834643106215
56 1 13 4 46.87216658103186 187.48866632412745
57 0 50 0 1.0 0.0
58 0 50 0 1.0 0.0
59 1 9 4 27.0 108.0
60 1 22 4 103.18914671611545 412.7565868644618
61 0 8 0 22.627416997969522 0.0
62 1 26 4 132.5745073534124 530.2980294136496
63 0 11 0 36.4828726939094 0.0
64 0 50 0 1.0 0.0
65 1 51 4 1.0 4.0
66 0 50 0 1.0 0.0
67 1 18 4 76.36753236814714 305.47012947258855
68 0 50 0 1.0 0.0
69 0 50 0 1.0 0.0
70 0 50 0 1.0 0.0
71 0 12 0 41.569219381653056 0.0
72 0 50 0 1.0 0.0
73 0 50 0 1.0 0.0
74 0 50 0 1.0 0.0
75 0 50 0 1.0 0.0
76 2 26 16 132.5745073534124 2121.1921176545984
77 0 50 0 1.0 0.0
78 0 50 0 1.0 0.0
79 0 50 0 1.0 0.0
80 2 25 16 125.0 2000.0
81 0 50 0 1.0 0.0
82 2 16 16 64.0 1024.0
83 0 50 0 1.0 0.0
84 0 50 0 1.0 0.0
85 0 50 0 1.0 0.0
86 0 50 0 1.0 0.0
87 2 17 16 70.09279563550022 1121.4847301680036
88 1 24 4 117.57550765359255 470.3020306143702
89 3 23 36 110.30412503619254 3970.9485013029316
90 1 24 4 117.57550765359255 470.3020306143702
91 0 11 0 36.4828726939094 0.0
92 1 52 4 2.8284271247461903 11.313708498984761
93 0 6 0 14.696938456699069 0.0
94 0 50 0 1.0 0.0
95 0 50 0 1.0 0.0
96 1 6 4 14.696938456699069 58.787753826796276
97 0 50 0 1.0 0.0
98 0 50 0 1.0 0.0
99 0 50 0 1.0 0.0
100 0 50 0 1.0 0.0
101 1 15 4 58.09475019311125 232.379000772445
102 0 50 0 1.0 0.0
103 4 27 64 140.29611541307906 8978.95138643706
104 2 12 16 41.569219381653056 665.1075101064489
105 0 50 0 1.0 0.0
106 1 56 4 14.696938456699069 58.787753826796276
107 0 50 0 1.0 0.0
108 0 50 0 1.0 0.0
109 0 50 0 1.0 0.0
110 2 21 16 96.23408959407264 1539.7454335051623
111 3 55 36 407.8909167902615 14684.073004449414
112 1 11 4 36.4828726939094 145.9314907756376
113 0 50 0 1.0 0.0
114 1 56 4 14.696938456699069 58.787753826796276
115 1 12 4 41.569219381653056 166.27687752661222
116 0 8 0 22.627416997969522 0.0
117 2 14 16 52.38320341483518 838.1312546373629
118 0 50 0 1.0 0.0
119 4 90 64 853.8149682454624 54644.157967709594
120 0 50 0 1.0 0.0
121 0 50 0 1.0 0.0
122 0 50 0 1.0 0.0
123 0 50 0 1.0 0.0
124 1 9 4 27.0 108.0
125 4 37 64 225.06221362103412 14403.981671746184
126 0 50 0 1.0 0.0
127 0 17 0 70.09279563550022 0.0
128 2 42 16 272.19110933313016 4355.0577493300825
129 3 15 36 58.09475019311125 2091.411006952005
130 0 50 0 1.0 0.0
131 0 5 0 11.180339887498949 0.0
132 1 39 4 243.55492193753753 974.2196877501501
133 0 50 0 1.0 0.0
134 0 50 0 1.0 0.0
135 3 16 36 64.0 2304.0
136 2 11 16 36.4828726939094 583.7259631025504
137 0 50 0 1.0 0.0
138 0 50 0 1.0 0.0
139 0 50 0 1.0 0.0
140 0 50 0 1.0 0.0
141 1 10 4 31.622776601683793 126.49110640673517
142 1 5 4 11.180339887498949 44.721359549995796
143 0 50 0 1.0 0.0
144 0 50 0 1.0 0.0
145 0 50 0 1.0 0.0
146 0 50 0 1.0 0.0
147 0 50 0 1.0 0.0
148 0 50 0 1.0 0.0
149 0 50 0 1.0 0.0
150 0 50 0 1.0 0.0
151 0 6 0 14.696938456699069 0.0
152 1 24 4 117.57550765359255 470.3020306143702
153 2 24 16 117.57550765359255 1881.2081224574808
154 2 14 16 52.38320341483518 838.1312546373629
155 1 11 4 36.4828726939094 145.9314907756376
156 0 50 0 1.0 0.0
157 0 50 0 1.0 0.0
158 4 39 64 243.55492193753753 15587.515004002402
159 4 57 64 430.34056281043274 27541.796019867696
160 0 50 0 1.0 0.0
161 0 50 0 1.0 0.0
162 1 6 4 14.696938456699069 58.787753826796276
163 1 55 4 11.180339887498949 44.721359549995796
164 0 6 0 14.696938456699069 0.0
165 0 50 0 1.0 0.0
166 0 9 0 27.0 0.0
167 1 9 4 27.0 108.0
168 0 50 0 1.0 0.0
169 3 56 36 419.06562731868144 15086.362583472532
170 5 84 100 769.8727167525811 76987.27167525812
171 0 50 0 1.0 0.0
172 5 43 100 281.96985654498604 28196.985654498603
173 3 61 36 476.42523023030594 17151.308288291013
174 0 50 0 1.0 0.0
175 0 50 0 1.0 0.0
176 0 50 0 1.0 0.0
177 1 11 4 36.4828726939094 145.9314907756376
178 4 36 64 216.0 13824.0
179 0 50 0 1.0 0.0
180 2 13 16 46.87216658103186 749.9546652965098
181 0 50 0 1.0 0.0
182 0 50 0 1.0 0.0
183 1 5 4 11.180339887498949 44.721359549995796
184 1 31 4 172.60069524773067 690.4027809909227
185 0 50 0 1.0 0.0
186 0 50 0 1.0 0.0
187 1 11 4 36.4828726939094 145.9314907756376
188 0 50 0 1.0 0.0
189 0 50 0 1.0 0.0
190 0 50 0 1.0 0.0
191 2 39 16 243.55492193753753 3896.8787510006005
192 0 8 0 22.627416997969522 0.0
193 0 11 0 36.4828726939094 0.0
194 0 50 0 1.0 0.0
195 1 28 4 148.16207341961706 592.6482936784682
196 1 55 4 11.180339887498949 44.721359549995796
197 0 50 0 1.0 0.0
198 0 50 0 1.0 0.0
199 1 12 4 41.569219381653056 166.27687752661222
200 1 19 4 82.8190799272728 331.2763197090912
201 0 50 0 1.0 0.0
202 2 66 16 64.0 1024.0
203 2 12 16 41.569219381653056 665.1075101064489
204 0 50 0 1.0 0.0
205 2 22 16 103.18914671611545 1651.0263474578471
206 0 50 0 1.0 0.0
207 0 50 0 1.0 0.0
208 0 50 0 1.0 0.0
209 2 34 16 198.25236442474022 3172.0378307958435
210 1 11 4 36.4828726939094 145.9314907756376
211 0 50 0 1.0 0.0
212 0 50 0 1.0 0.0
213 0 50 0 1.0 0.0
214 3 39 36 243.55492193753753 8767.977189751351
215 1 55 4 11.180339887498949 44.721359549995796
216 1 23 4 110.30412503619254 441.2165001447702
217 1 19 4 82.8190799272728 331.2763197090912
218 0 50 0 1.0 0.0
219 1 12 4 41.569219381653056 166.27687752661222
220 2 25 16 125.0 2000.0
221 0 11 0 36.4828726939094 0.0
222 0 50 0 1.0 0.0
223 0 50 0 1.0 0.0
224 0 50 0 1.0 0.0
225 0 6 0 14.696938456699069 0.0
226 0 50 0 1.0 0.0
227 0 6 0 14.696938456699069 0.0
228 0 50 0 1.0 0.0
229 0 50 0 1.0 0.0
230 1 6 4 14.696938456699069 58.787753826796276
231 1 5 4 11.180339887498949 44.721359549995796
232 2 20 16 89.44271909999159 1431.0835055998655
233 1 11 4 36.4828726939094 145.9314907756376
234 0 50 0 1.0 0.0
235 1 54 4 8.0 32.0
236 0 10 0 31.622776601683793 0.0
237 1 7 4 18.520259177452132 74.08103670980853
238 0 50 0 1.0 0.0
239 0 50 0 1.0 0.0
240 1 18 4 76.36753236814714 305.47012947258855
241 0 50 0 1.0 0.0
242 2 15 16 58.09475019311125 929.51600308978
243 0 50 0 1.0 0.0
244 2 23 16 110.30412503619254 1764.8660005790807
245 2 21 16 96.23408959407264 1539.7454335051623
246 3 44 36 291.8629815512752 10507.067335845906
247 0 10 0 31.622776601683793 0.0
248 1 10 4 31.622776601683793 126.49110640673517
249 1 10 4 31.622776601683793 126.49110640673517
250 2 17 16 70.09279563550022 1121.4847301680036
251 0 50 0 1.0 0.0
252 1 55 4 11.180339887498949 44.721359549995796
253 1 10 4 31.622776601683793 126.49110640673517
254 0 50 0 1.0 0.0
255 0 50 0 1.0 0.0
256 2 25 16 125.0 2000.0
257 0 50 0 1.0 0.0
258 0 50 0 1.0 0.0
259 0 50 0 1.0 0.0
260 0 9 0 27.0 0.0
261 1 9 4 27.0 108.0
262 0 50 0 1.0 0.0
263 3 24 36 117.57550765359255 4232.718275529332
264 0 50 0 1.0 0.0
265 0 50 0 1.0 0.0
266 1 11 4 36.4828726939094 145.9314907756376
267 3 66 36 64.0 2304.0
268 2 23 16 110.30412503619254 1764.8660005790807
269 0 50 0 1.0 0.0
270 0 50 0 1.0 0.0
271 2 24 16 117.57550765359255 1881.2081224574808
272 1 53 4 5.196152422706632 20.784609690826528
273 4 29 64 156.16977940690063 9994.86588204164
274 2 34 16 198.25236442474022 3172.0378307958435
275 1 56 4 14.696938456699069 58.787753826796276
276 0 50 0 1.0 0.0
277 4 81 64 172.60069524773067 11046.444495854763
278 0 50 0 1.0 0.0
279 0 50 0 1.0 0.0
280 1 29 4 156.16977940690063 624.6791176276025
281 1 51 4 1.0 4.0
282 6 58 144 441.7148401401067 63606.936980175364
283 3 19 36 82.8190799272728 2981.4868773818207
284 0 50 0 1.0 0.0
285 0 50 0 1.0 0.0
286 3 22 36 103.18914671611545 3714.809281780156
287 1 19 4 82.8190799272728 331.2763197090912
288 2 28 16 148.16207341961706 2370.593174713873
289 6 78 144 688.877347573572 99198.33805059438
290 3 39 36 243.55492193753753 8767.977189751351
291 0 50 0 1.0 0.0
292 2 74 16 117.57550765359255 1881.2081224574808
293 0 50 0 1.0 0.0
294 1 14 4 52.38320341483518 209.53281365934072
295 0 50 0 1.0 0.0
296 0 50 0 1.0 0.0
297 0 50 0 1.0 0.0
298 0 50 0 1.0 0.0
299 1 8 4 22.627416997969522 90.50966799187809
300 1 29 4 156.16977940690063 624.6791176276025
301 1 53 4 5.196152422706632 20.784609690826528
302 0 50 0 1.0 0.0
303 0 50 0 1.0 0.0
304 1 54 4 8.0 32.0
305 0 50 0 1.0 0.0
306 0 50 0 1.0 0.0
307 0 50 0 1.0 0.0
308 1 56 4 14.696938456699069 58.787753826796276
309 0 50 0 1.0 0.0
310 1 27 4 140.29611541307906 561.1844616523163
311 2 17 16 70.09279563550022 1121.4847301680036
312 0 50 0 1.0 0.0
313 0 50 0 1.0 0.0
314 2 30 16 164.31676725154983 2629.0682760247973
315 1 55 4 11.180339887498949 44.721359549995796
316 3 41 36 262.5280937347468 9451.011374450885
317 3 29 36 156.16977940690063 5622.112058648423
318 2 34 16 198.25236442474022 3172.0378307958435
319 0 50 0 1.0 0.0
320 1 54 4 8.0 32.0
321 0 50 0 1.0 0.0
322 1 55 4 11.180339887498949 44.721359549995796
323 3 41 36 262.5280937347468 9451.011374450885
324 1 20 4 89.44271909999159 357.77087639996637
325 2 15 16 58.09475019311125 929.51600308978
326 0 50 0 1.0 0.0
327 4 24 64 117.57550765359255 7524.832489829923
328 1 24 4 117.57550765359255 470.3020306143702
329 3 58 36 441.7148401401067 15901.734245043841
330 2 22 16 103.18914671611545 1651.0263474578471
331 0 50 0 1.0 0.0
332 1 53 4 5.196152422706632 20.784609690826528
333 0 50 0 1.0 0.0
334 1 11 4 36.4828726939094 145.9314907756376
335 0 50 0 1.0 0.0
336 4 68 64 560.7423650840018 35887.511365376115
337 2 19 16 82.8190799272728 1325.1052788363647
338 1 56 4 14.696938456699069 58.787753826796276
339 0 50 0 1.0 0.0
340 1 14 4 52.38320341483518 209.53281365934072
341 3 38 36 234.2477321128211 8432.91835606156
342 0 50 0 1.0 0.0
343 0 50 0 1.0 0.0
344 2 29 16 156.16977940690063 2498.71647051041
345 2 21 16 96.23408959407264 1539.7454335051623
346 2 29 16 156.16977940690063 2498.71647051041
347 0 50 0 1.0 0.0
348 2 31 16 172.60069524773067 2761.6111239636907
349 3 54 36 396.81733833087486 14285.424179911495
350 1 53 4 5.196152422706632 20.784609690826528
351 1 34 4 198.25236442474022 793.0094576989609
352 0 50 0 1.0 0.0
353 2 33 16 189.57056733575496 3033.1290773720793
354 4 60 64 464.75800154489 29744.51209887296
355 0 50 0 1.0 0.0
356 2 13 16 46.87216658103186 749.9546652965098
357 4 35 64 207.06279240848656 13252.01871414314
358 2 33 16 189.57056733575496 3033.1290773720793
359 1 50 4 1.0 4.0
360 3 22 36 103.18914671611545 3714.809281780156
361 3 42 36 272.19110933313016 9798.879935992685
362 0 50 0 1.0 0.0
363 2 32 16 181.01933598375618 2896.309375740099
364 1 13 4 46.87216658103186 187.48866632412745
365 1 18 4 76.36753236814714 305.47012947258855
366 0 50 0 1.0 0.0
367 1 57 4 18.520259177452132 74.08103670980853
368 2 10 16 31.622776601683793 505.9644256269407
369 3 50 36 353.5533905932738 12727.922061357856
370 0 50 0 1.0 0.0
371 1 8 4 22.627416997969522 90.50966799187809
372 1 7 4 18.520259177452132 74.08103670980853
373 5 64 100 512.0 51200.0
374 6 126 144 1414.3464922005498 203665.89487687917
375 2 32 16 181.01933598375618 2896.309375740099
376 0 50 0 1.0 0.0
377 1 9 4 27.0 108.0
378 2 10 16 31.622776601683793 505.9644256269407
379 4 36 64 216.0 13824.0
380 1 15 4 58.09475019311125 232.379000772445
381 5 90 100 853.8149682454624 85381.49682454624
382 2 36 16 216.0 3456.0
383 2 25 16 125.0 2000.0
384 1 17 4 70.09279563550022 280.3711825420009
385 2 90 16 252.98221281347034 4047.7154050155254
386 1 56 4 14.696938456699069 58.787753826796276
387 1 51 4 1.0 4.0
388 3 27 36 140.29611541307906 5050.660154870846
389 8 326 256 662.5526394181824 169613.4756910547
390 0 50 0 1.0 0.0
391 3 29 36 156.16977940690063 5622.112058648423
392 2 20 16 89.44271909999159 1431.0835055998655
393 2 31 16 172.60069524773067 2761.6111239636907
394 1 25 4 125.0 500.0
395 7 109 196 1137.99340947125 223046.708256365
396 3 33 36 189.57056733575496 6824.5404240871785
397 3 48 36 332.55375505322445 11971.93518191608
398 1 11 4 36.4828726939094 145.9314907756376
399 2 38 16 234.2477321128211 3747.9637138051376
201's generation fitness ratios and roulette cutoffs:
223046.708256365 1663162.5235460196 4157.906308865049 0.00013972116223313585 0.00013972116223313585
223046.708256365 1663162.5235460196 4157.906308865049 4.454227152248522e-05 0.00018426343375562107
223046.708256365 1663162.5235460196 4157.906308865049 0.0 0.00018426343375562107
223046.708256365 1663162.5235460196 4157.906308865049 0.0 0.00018426343375562107
223046.708256365 1663162.5235460196 4157.906308865049 0.0 0.00018426343375562107
223046.708256365 1663162.5235460196 4157.906308865049 0.0 0.00018426343375562107
223046.708256365 1663162.5235460196 4157.906308865049 0.0 0.00018426343375562107
223046.708256365 1663162.5235460196 4157.906308865049 0.0006743085623267246 0.0008585719960823457
223046.708256365 1663162.5235460196 4157.906308865049 8.774337366891714e-05 0.0009463153697512628
223046.708256365 1663162.5235460196 4157.906308865049 0.0 0.0009463153697512628
223046.708256365 1663162.5235460196 4157.906308865049 1.2497040665942723e-05 0.0009588124104172055
223046.708256365 1663162.5235460196 4157.906308865049 0.0 0.0009588124104172055
223046.708256365 1663162.5235460196 4157.906308865049 0.0 0.0009588124104172055
223046.708256365 1663162.5235460196 4157.906308865049 0.000925793728337673 0.0018846061387548785
223046.708256365 1663162.5235460196 4157.906308865049 0.0 0.0018846061387548785
223046.708256365 1663162.5235460196 4157.906308865049 0.0 0.0018846061387548785
223046.708256365 1663162.5235460196 4157.906308865049 0.00011273021347570044 0.001997336352230579
223046.708256365 1663162.5235460196 4157.906308865049 4.454227152248522e-05 0.0020418786237530644
223046.708256365 1663162.5235460196 4157.906308865049 0.00018366823755822575 0.00222554686131129
223046.708256365 1663162.5235460196 4157.906308865049 0.0 0.00222554686131129
223046.708256365 1663162.5235460196 4157.906308865049 0.0 0.00222554686131129
223046.708256365 1663162.5235460196 4157.906308865049 9.997632532754178e-05 0.002325523186638832
223046.708256365 1663162.5235460196 4157.906308865049 0.0 0.002325523186638832
223046.708256365 1663162.5235460196 4157.906308865049 0.00011273021347570044 0.0024382534001145323
223046.708256365 1663162.5235460196 4157.906308865049 0.000925793728337673 0.0033640471284522053
223046.708256365 1663162.5235460196 4157.906308865049 6.493652813300158e-05 0.003428983656585207
223046.708256365 1663162.5235460196 4157.906308865049 5.442021853577059e-05 0.0034834038751209774
223046.708256365 1663162.5235460196 4157.906308865049 0.0 0.0034834038751209774
223046.708256365 1663162.5235460196 4157.906308865049 0.0 0.0034834038751209774
223046.708256365 1663162.5235460196 4157.906308865049 0.0 0.0034834038751209774
223046.708256365 1663162.5235460196 4157.906308865049 0.01010231878193165 0.013585722657052627
223046.708256365 1663162.5235460196 4157.906308865049 0.0 0.013585722657052627
223046.708256365 1663162.5235460196 4157.906308865049 0.009372213949823946 0.022957936606876575
223046.708256365 1663162.5235460196 4157.906308865049 5.442021853577059e-05 0.023012356825412347
223046.708256365 1663162.5235460196 4157.906308865049 0.0 0.023012356825412347
223046.708256365 1663162.5235460196 4157.906308865049 0.0 0.023012356825412347
223046.708256365 1663162.5235460196 4157.906308865049 0.00011273021347570044 0.023125087038888048
223046.708256365 1663162.5235460196 4157.906308865049 0.01569601184790911 0.03882109888679716
223046.708256365 1663162.5235460196 4157.906308865049 0.0012025282987592886 0.04002362718555645
223046.708256365 1663162.5235460196 4157.906308865049 0.0 0.04002362718555645
223046.708256365 1663162.5235460196 4157.906308865049 0.0 0.04002362718555645
223046.708256365 1663162.5235460196 4157.906308865049 0.0 0.04002362718555645
223046.708256365 1663162.5235460196 4157.906308865049 0.0 0.04002362718555645
223046.708256365 1663162.5235460196 4157.906308865049 0.00037559715829558717 0.04039922434385204
223046.708256365 1663162.5235460196 4157.906308865049 0.0 0.04039922434385204
223046.708256365 1663162.5235460196 4157.906308865049 0.0 0.04039922434385204
223046.708256365 1663162.5235460196 4157.906308865049 0.0 0.04039922434385204
223046.708256365 1663162.5235460196 4157.906308865049 0.0 0.04039922434385204
223046.708256365 1663162.5235460196 4157.906308865049 0.0 0.04039922434385204
223046.708256365 1663162.5235460196 4157.906308865049 0.0 0.04039922434385204
223046.708256365 1663162.5235460196 4157.906308865049 0.0 0.04039922434385204
223046.708256365 1663162.5235460196 4157.906308865049 3.534696879860859e-05 0.04043457131265065
223046.708256365 1663162.5235460196 4157.906308865049 0.0 0.04043457131265065
223046.708256365 1663162.5235460196 4157.906308865049 0.0 0.04043457131265065
223046.708256365 1663162.5235460196 4157.906308865049 0.0 0.04043457131265065
223046.708256365 1663162.5235460196 4157.906308865049 0.0032070435496189364 0.043641614862269584
223046.708256365 1663162.5235460196 4157.906308865049 0.00011273021347570044 0.043754345075745285
223046.708256365 1663162.5235460196 4157.906308865049 0.0 0.043754345075745285
223046.708256365 1663162.5235460196 4157.906308865049 0.0 0.043754345075745285
223046.708256365 1663162.5235460196 4157.906308865049 6.493652813300158e-05 0.04381928160387829
223046.708256365 1663162.5235460196 4157.906308865049 0.0002481757381019059 0.0440674573419802
223046.708256365 1663162.5235460196 4157.906308865049 0.0 0.0440674573419802
223046.708256365 1663162.5235460196 4157.906308865049 0.0003188491935730996 0.044386306535553297
223046.708256365 1663162.5235460196 4157.906308865049 0.0 0.044386306535553297
223046.708256365 1663162.5235460196 4157.906308865049 0.0 0.044386306535553297
223046.708256365 1663162.5235460196 4157.906308865049 2.405056597518577e-06 0.04438871159215081
223046.708256365 1663162.5235460196 4157.906308865049 0.0 0.04438871159215081
223046.708256365 1663162.5235460196 4157.906308865049 0.00018366823755822575 0.04457237982970904
223046.708256365 1663162.5235460196 4157.906308865049 0.0 0.04457237982970904
223046.708256365 1663162.5235460196 4157.906308865049 0.0 0.04457237982970904
223046.708256365 1663162.5235460196 4157.906308865049 0.0 0.04457237982970904
223046.708256365 1663162.5235460196 4157.906308865049 0.0 0.04457237982970904
223046.708256365 1663162.5235460196 4157.906308865049 0.0 0.04457237982970904
223046.708256365 1663162.5235460196 4157.906308865049 0.0 0.04457237982970904
223046.708256365 1663162.5235460196 4157.906308865049 0.0 0.04457237982970904
223046.708256365 1663162.5235460196 4157.906308865049 0.0 0.04457237982970904
223046.708256365 1663162.5235460196 4157.906308865049 0.0012753967742923985 0.04584777660400144
223046.708256365 1663162.5235460196 4157.906308865049 0.0 0.04584777660400144
223046.708256365 1663162.5235460196 4157.906308865049 0.0 0.04584777660400144
223046.708256365 1663162.5235460196 4157.906308865049 0.0 0.04584777660400144
223046.708256365 1663162.5235460196 4157.906308865049 0.0012025282987592886 0.04705030490276073
223046.708256365 1663162.5235460196 4157.906308865049 0.0 0.04705030490276073
223046.708256365 1663162.5235460196 4157.906308865049 0.0006156944889647557 0.047665999391725486
223046.708256365 1663162.5235460196 4157.906308865049 0.0 0.047665999391725486
223046.708256365 1663162.5235460196 4157.906308865049 0.0 0.047665999391725486
223046.708256365 1663162.5235460196 4157.906308865049 0.0 0.047665999391725486
223046.708256365 1663162.5235460196 4157.906308865049 0.0 0.047665999391725486
223046.708256365 1663162.5235460196 4157.906308865049 0.0006743085623267246 0.04834030795405221
223046.708256365 1663162.5235460196 4157.906308865049 0.0002827757503888687 0.04862308370444108
223046.708256365 1663162.5235460196 4157.906308865049 0.00238758897286628 0.051010672677307356
223046.708256365 1663162.5235460196 4157.906308865049 0.0002827757503888687 0.051293448427696224
223046.708256365 1663162.5235460196 4157.906308865049 0.0 0.051293448427696224
223046.708256365 1663162.5235460196 4157.906308865049 6.802527316971324e-06 0.05130025095501319
223046.708256365 1663162.5235460196 4157.906308865049 0.0 0.05130025095501319
223046.708256365 1663162.5235460196 4157.906308865049 0.0 0.05130025095501319
223046.708256365 1663162.5235460196 4157.906308865049 0.0 0.05130025095501319
223046.708256365 1663162.5235460196 4157.906308865049 3.534696879860859e-05 0.0513355979238118
223046.708256365 1663162.5235460196 4157.906308865049 0.0 0.0513355979238118
223046.708256365 1663162.5235460196 4157.906308865049 0.0 0.0513355979238118
223046.708256365 1663162.5235460196 4157.906308865049 0.0 0.0513355979238118
223046.708256365 1663162.5235460196 4157.906308865049 0.0 0.0513355979238118
223046.708256365 1663162.5235460196 4157.906308865049 0.00013972116223313585 0.05147531908604494
223046.708256365 1663162.5235460196 4157.906308865049 0.0 0.05147531908604494
223046.708256365 1663162.5235460196 4157.906308865049 0.005398721567687256 0.056874040653732194
223046.708256365 1663162.5235460196 4157.906308865049 0.0003999053013101671 0.057273945955042364
223046.708256365 1663162.5235460196 4157.906308865049 0.0 0.057273945955042364
223046.708256365 1663162.5235460196 4157.906308865049 3.534696879860859e-05 0.057309292923840974
223046.708256365 1663162.5235460196 4157.906308865049 0.0 0.057309292923840974
223046.708256365 1663162.5235460196 4157.906308865049 0.0 0.057309292923840974
223046.708256365 1663162.5235460196 4157.906308865049 0.0 0.057309292923840974
223046.708256365 1663162.5235460196 4157.906308865049 0.000925793728337673 0.05823508665217865
223046.708256365 1663162.5235460196 4157.906308865049 0.008829006664448875 0.06706409331662752
223046.708256365 1663162.5235460196 4157.906308865049 8.774337366891714e-05 0.06715183669029644
223046.708256365 1663162.5235460196 4157.906308865049 0.0 0.06715183669029644
223046.708256365 1663162.5235460196 4157.906308865049 3.534696879860859e-05 0.06718718365909504
223046.708256365 1663162.5235460196 4157.906308865049 9.997632532754178e-05 0.06728715998442258
223046.708256365 1663162.5235460196 4157.906308865049 0.0 0.06728715998442258
223046.708256365 1663162.5235460196 4157.906308865049 0.000503938275888028 0.06779109826031061
223046.708256365 1663162.5235460196 4157.906308865049 0.0 0.06779109826031061
223046.708256365 1663162.5235460196 4157.906308865049 0.032855573159021816 0.10064667141933242
223046.708256365 1663162.5235460196 4157.906308865049 0.0 0.10064667141933242
223046.708256365 1663162.5235460196 4157.906308865049 0.0 0.10064667141933242
223046.708256365 1663162.5235460196 4157.906308865049 0.0 0.10064667141933242
223046.708256365 1663162.5235460196 4157.906308865049 0.0 0.10064667141933242
223046.708256365 1663162.5235460196 4157.906308865049 6.493652813300158e-05 0.10071160794746542
223046.708256365 1663162.5235460196 4157.906308865049 0.008660597787542456 0.10937220573500787
223046.708256365 1663162.5235460196 4157.906308865049 0.0 0.10937220573500787
223046.708256365 1663162.5235460196 4157.906308865049 0.0 0.10937220573500787
223046.708256365 1663162.5235460196 4157.906308865049 0.00261854009315018 0.11199074582815806
223046.708256365 1663162.5235460196 4157.906308865049 0.0012574904600982228 0.11324823628825628
223046.708256365 1663162.5235460196 4157.906308865049 0.0 0.11324823628825628
223046.708256365 1663162.5235460196 4157.906308865049 0.0 0.11324823628825628
223046.708256365 1663162.5235460196 4157.906308865049 0.0005857633718639966 0.11383399966012028
223046.708256365 1663162.5235460196 4157.906308865049 0.0 0.11383399966012028
223046.708256365 1663162.5235460196 4157.906308865049 0.0 0.11383399966012028
223046.708256365 1663162.5235460196 4157.906308865049 0.0013853126001707003 0.11521931226029099
223046.708256365 1663162.5235460196 4157.906308865049 0.00035097349467566857 0.11557028575496665
223046.708256365 1663162.5235460196 4157.906308865049 0.0 0.11557028575496665
223046.708256365 1663162.5235460196 4157.906308865049 0.0 0.11557028575496665
223046.708256365 1663162.5235460196 4157.906308865049 0.0 0.11557028575496665
223046.708256365 1663162.5235460196 4157.906308865049 0.0 0.11557028575496665
223046.708256365 1663162.5235460196 4157.906308865049 7.60545674977357e-05 0.11564634032246439
223046.708256365 1663162.5235460196 4157.906308865049 2.6889350208929452e-05 0.11567322967267332
223046.708256365 1663162.5235460196 4157.906308865049 0.0 0.11567322967267332
223046.708256365 1663162.5235460196 4157.906308865049 0.0 0.11567322967267332
223046.708256365 1663162.5235460196 4157.906308865049 0.0 0.11567322967267332
223046.708256365 1663162.5235460196 4157.906308865049 0.0 0.11567322967267332
223046.708256365 1663162.5235460196 4157.906308865049 0.0 0.11567322967267332
223046.708256365 1663162.5235460196 4157.906308865049 0.0 0.11567322967267332
223046.708256365 1663162.5235460196 4157.906308865049 0.0 0.11567322967267332
223046.708256365 1663162.5235460196 4157.906308865049 0.0 0.11567322967267332
223046.708256365 1663162.5235460196 4157.906308865049 0.0 0.11567322967267332
223046.708256365 1663162.5235460196 4157.906308865049 0.0002827757503888687 0.1159560054230622
223046.708256365 1663162.5235460196 4157.906308865049 0.0011311030015554748 0.11708710842461767
223046.708256365 1663162.5235460196 4157.906308865049 0.000503938275888028 0.1175910467005057
223046.708256365 1663162.5235460196 4157.906308865049 8.774337366891714e-05 0.11767879007417462
223046.708256365 1663162.5235460196 4157.906308865049 0.0 0.11767879007417462
223046.708256365 1663162.5235460196 4157.906308865049 0.0 0.11767879007417462
223046.708256365 1663162.5235460196 4157.906308865049 0.009372213949823946 0.12705100402399855
223046.708256365 1663162.5235460196 4157.906308865049 0.016559894556273422 0.14361089858027198
223046.708256365 1663162.5235460196 4157.906308865049 0.0 0.14361089858027198
223046.708256365 1663162.5235460196 4157.906308865049 0.0 0.14361089858027198
223046.708256365 1663162.5235460196 4157.906308865049 3.534696879860859e-05 0.1436462455490706
223046.708256365 1663162.5235460196 4157.906308865049 2.6889350208929452e-05 0.14367313489927952
223046.708256365 1663162.5235460196 4157.906308865049 0.0 0.14367313489927952
223046.708256365 1663162.5235460196 4157.906308865049 0.0 0.14367313489927952
223046.708256365 1663162.5235460196 4157.906308865049 0.0 0.14367313489927952
223046.708256365 1663162.5235460196 4157.906308865049 6.493652813300158e-05 0.14373807142741252
223046.708256365 1663162.5235460196 4157.906308865049 0.0 0.14373807142741252
223046.708256365 1663162.5235460196 4157.906308865049 0.009070888965984503 0.15280896039339703
223046.708256365 1663162.5235460196 4157.906308865049 0.04628968641688365 0.19909864681028067
223046.708256365 1663162.5235460196 4157.906308865049 0.0 0.19909864681028067
223046.708256365 1663162.5235460196 4157.906308865049 0.016953836594622133 0.2160524834049028
223046.708256365 1663162.5235460196 4157.906308865049 0.010312466788707338 0.22636495019361014
223046.708256365 1663162.5235460196 4157.906308865049 0.0 0.22636495019361014
223046.708256365 1663162.5235460196 4157.906308865049 0.0 0.22636495019361014
223046.708256365 1663162.5235460196 4157.906308865049 0.0 0.22636495019361014
223046.708256365 1663162.5235460196 4157.906308865049 8.774337366891714e-05 0.22645269356727907
223046.708256365 1663162.5235460196 4157.906308865049 0.008311875601024202 0.23476456916830327
223046.708256365 1663162.5235460196 4157.906308865049 0.0 0.23476456916830327
223046.708256365 1663162.5235460196 4157.906308865049 0.00045092085390280177 0.23521549002220607
223046.708256365 1663162.5235460196 4157.906308865049 0.0 0.23521549002220607
223046.708256365 1663162.5235460196 4157.906308865049 0.0 0.23521549002220607
223046.708256365 1663162.5235460196 4157.906308865049 2.6889350208929452e-05 0.235242379372415
223046.708256365 1663162.5235460196 4157.906308865049 0.00041511444084184795 0.23565749381325685
223046.708256365 1663162.5235460196 4157.906308865049 0.0 0.23565749381325685
223046.708256365 1663162.5235460196 4157.906308865049 0.0 0.23565749381325685
223046.708256365 1663162.5235460196 4157.906308865049 8.774337366891714e-05 0.23574523718692578
223046.708256365 1663162.5235460196 4157.906308865049 0.0 0.23574523718692578
223046.708256365 1663162.5235460196 4157.906308865049 0.0 0.23574523718692578
223046.708256365 1663162.5235460196 4157.906308865049 0.0 0.23574523718692578
223046.708256365 1663162.5235460196 4157.906308865049 0.0023430534874559865 0.23808829067438175
223046.708256365 1663162.5235460196 4157.906308865049 0.0 0.23808829067438175
223046.708256365 1663162.5235460196 4157.906308865049 0.0 0.23808829067438175
223046.708256365 1663162.5235460196 4157.906308865049 0.0 0.23808829067438175
223046.708256365 1663162.5235460196 4157.906308865049 0.0003563381721798818 0.23844462884656165
223046.708256365 1663162.5235460196 4157.906308865049 2.6889350208929452e-05 0.23847151819677057
223046.708256365 1663162.5235460196 4157.906308865049 0.0 0.23847151819677057
223046.708256365 1663162.5235460196 4157.906308865049 0.0 0.23847151819677057
223046.708256365 1663162.5235460196 4157.906308865049 9.997632532754178e-05 0.2385714945220981
223046.708256365 1663162.5235460196 4157.906308865049 0.00019918457457950578 0.23877067909667762
223046.708256365 1663162.5235460196 4157.906308865049 0.0 0.23877067909667762
223046.708256365 1663162.5235460196 4157.906308865049 0.0006156944889647557 0.23938637358564238
223046.708256365 1663162.5235460196 4157.906308865049 0.0003999053013101671 0.23978627888695256
223046.708256365 1663162.5235460196 4157.906308865049 0.0 0.23978627888695256
223046.708256365 1663162.5235460196 4157.906308865049 0.0009927029524076235 0.2407789818393602
223046.708256365 1663162.5235460196 4157.906308865049 0.0 0.2407789818393602
223046.708256365 1663162.5235460196 4157.906308865049 0.0 0.2407789818393602
223046.708256365 1663162.5235460196 4157.906308865049 0.0 0.2407789818393602
223046.708256365 1663162.5235460196 4157.906308865049 0.0019072326281335148 0.24268621446749372
223046.708256365 1663162.5235460196 4157.906308865049 8.774337366891714e-05 0.24277395784116265
223046.708256365 1663162.5235460196 4157.906308865049 0.0 0.24277395784116265
223046.708256365 1663162.5235460196 4157.906308865049 0.0 0.24277395784116265
223046.708256365 1663162.5235460196 4157.906308865049 0.0 0.24277395784116265
223046.708256365 1663162.5235460196 4157.906308865049 0.00527187034677597 0.24804582818793863
223046.708256365 1663162.5235460196 4157.906308865049 2.6889350208929452e-05 0.24807271753814755
223046.708256365 1663162.5235460196 4157.906308865049 0.0002652876636518089 0.24833800520179936
223046.708256365 1663162.5235460196 4157.906308865049 0.00019918457457950578 0.24853718977637887
223046.708256365 1663162.5235460196 4157.906308865049 0.0 0.24853718977637887
223046.708256365 1663162.5235460196 4157.906308865049 9.997632532754178e-05 0.2486371661017064
223046.708256365 1663162.5235460196 4157.906308865049 0.0012025282987592886 0.2498396944004657
223046.708256365 1663162.5235460196 4157.906308865049 0.0 0.2498396944004657
223046.708256365 1663162.5235460196 4157.906308865049 0.0 0.2498396944004657
223046.708256365 1663162.5235460196 4157.906308865049 0.0 0.2498396944004657
223046.708256365 1663162.5235460196 4157.906308865049 0.0 0.2498396944004657
223046.708256365 1663162.5235460196 4157.906308865049 0.0 0.2498396944004657
223046.708256365 1663162.5235460196 4157.906308865049 0.0 0.2498396944004657
223046.708256365 1663162.5235460196 4157.906308865049 0.0 0.2498396944004657
223046.708256365 1663162.5235460196 4157.906308865049 0.0 0.2498396944004657
223046.708256365 1663162.5235460196 4157.906308865049 0.0 0.2498396944004657
223046.708256365 1663162.5235460196 4157.906308865049 3.534696879860859e-05 0.2498750413692643
223046.708256365 1663162.5235460196 4157.906308865049 2.6889350208929452e-05 0.24990193071947323
223046.708256365 1663162.5235460196 4157.906308865049 0.0008604592066857425 0.25076238992615896
223046.708256365 1663162.5235460196 4157.906308865049 8.774337366891714e-05 0.25085013329982786
223046.708256365 1663162.5235460196 4157.906308865049 0.0 0.25085013329982786
223046.708256365 1663162.5235460196 4157.906308865049 1.9240452780148615e-05 0.250869373752608
223046.708256365 1663162.5235460196 4157.906308865049 0.0 0.250869373752608
223046.708256365 1663162.5235460196 4157.906308865049 4.454227152248522e-05 0.2509139160241305
223046.708256365 1663162.5235460196 4157.906308865049 0.0 0.2509139160241305
223046.708256365 1663162.5235460196 4157.906308865049 0.0 0.2509139160241305
223046.708256365 1663162.5235460196 4157.906308865049 0.00018366823755822575 0.2510975842616887
223046.708256365 1663162.5235460196 4157.906308865049 0.0 0.2510975842616887
223046.708256365 1663162.5235460196 4157.906308865049 0.0005588846489325434 0.25165646891062127
223046.708256365 1663162.5235460196 4157.906308865049 0.0 0.25165646891062127
223046.708256365 1663162.5235460196 4157.906308865049 0.0010611506546072357 0.2527176195652285
223046.708256365 1663162.5235460196 4157.906308865049 0.000925793728337673 0.25364341329356616
223046.708256365 1663162.5235460196 4157.906308865049 0.006317522904162033 0.2599609361977282
223046.708256365 1663162.5235460196 4157.906308865049 0.0 0.2599609361977282
223046.708256365 1663162.5235460196 4157.906308865049 7.60545674977357e-05 0.26003699076522596
223046.708256365 1663162.5235460196 4157.906308865049 7.60545674977357e-05 0.2601130453327237
223046.708256365 1663162.5235460196 4157.906308865049 0.0006743085623267246 0.2607873538950504
223046.708256365 1663162.5235460196 4157.906308865049 0.0 0.2607873538950504
223046.708256365 1663162.5235460196 4157.906308865049 2.6889350208929452e-05 0.26081424324525937
223046.708256365 1663162.5235460196 4157.906308865049 7.60545674977357e-05 0.26089029781275713
223046.708256365 1663162.5235460196 4157.906308865049 0.0 0.26089029781275713
223046.708256365 1663162.5235460196 4157.906308865049 0.0 0.26089029781275713
223046.708256365 1663162.5235460196 4157.906308865049 0.0012025282987592886 0.2620928261115164
223046.708256365 1663162.5235460196 4157.906308865049 0.0 0.2620928261115164
223046.708256365 1663162.5235460196 4157.906308865049 0.0 0.2620928261115164
223046.708256365 1663162.5235460196 4157.906308865049 0.0 0.2620928261115164
223046.708256365 1663162.5235460196 4157.906308865049 0.0 0.2620928261115164
223046.708256365 1663162.5235460196 4157.906308865049 6.493652813300158e-05 0.2621577626396494
223046.708256365 1663162.5235460196 4157.906308865049 0.0 0.2621577626396494
223046.708256365 1663162.5235460196 4157.906308865049 0.002544981753499818 0.2647027443931492
223046.708256365 1663162.5235460196 4157.906308865049 0.0 0.2647027443931492
223046.708256365 1663162.5235460196 4157.906308865049 0.0 0.2647027443931492
223046.708256365 1663162.5235460196 4157.906308865049 8.774337366891714e-05 0.26479048776681813
223046.708256365 1663162.5235460196 4157.906308865049 0.0013853126001707003 0.26617580036698885
223046.708256365 1663162.5235460196 4157.906308865049 0.0010611506546072357 0.26723695102159606
223046.708256365 1663162.5235460196 4157.906308865049 0.0 0.26723695102159606
223046.708256365 1663162.5235460196 4157.906308865049 0.0 0.26723695102159606
223046.708256365 1663162.5235460196 4157.906308865049 0.0011311030015554748 0.26836805402315156
223046.708256365 1663162.5235460196 4157.906308865049 1.2497040665942723e-05 0.2683805510638175
223046.708256365 1663162.5235460196 4157.906308865049 0.006009554532729395 0.27439010559654686
223046.708256365 1663162.5235460196 4157.906308865049 0.0019072326281335148 0.2762973382246804
223046.708256365 1663162.5235460196 4157.906308865049 3.534696879860859e-05 0.276332685193479
223046.708256365 1663162.5235460196 4157.906308865049 0.0 0.276332685193479
223046.708256365 1663162.5235460196 4157.906308865049 0.006641831053469567 0.2829745162469485
223046.708256365 1663162.5235460196 4157.906308865049 0.0 0.2829745162469485
223046.708256365 1663162.5235460196 4157.906308865049 0.0 0.2829745162469485
223046.708256365 1663162.5235460196 4157.906308865049 0.00037559715829558717 0.28335011340524413
223046.708256365 1663162.5235460196 4157.906308865049 2.405056597518577e-06 0.2833525184618417
223046.708256365 1663162.5235460196 4157.906308865049 0.03824457085802978 0.32159708931987147
223046.708256365 1663162.5235460196 4157.906308865049 0.001792661171215552 0.32338975049108704
223046.708256365 1663162.5235460196 4157.906308865049 0.0 0.32338975049108704
223046.708256365 1663162.5235460196 4157.906308865049 0.0 0.32338975049108704
223046.708256365 1663162.5235460196 4157.906308865049 0.002233581642917153 0.3256233321340042
223046.708256365 1663162.5235460196 4157.906308865049 0.00019918457457950578 0.3258225167085837
223046.708256365 1663162.5235460196 4157.906308865049 0.0014253526887195271 0.3272478693973032
223046.708256365 1663162.5235460196 4157.906308865049 0.05964440434786503 0.3868922737451682
223046.708256365 1663162.5235460196 4157.906308865049 0.00527187034677597 0.39216414409194417
223046.708256365 1663162.5235460196 4157.906308865049 0.0 0.39216414409194417
223046.708256365 1663162.5235460196 4157.906308865049 0.0011311030015554748 0.39329524709349967
223046.708256365 1663162.5235460196 4157.906308865049 0.0 0.39329524709349967
223046.708256365 1663162.5235460196 4157.906308865049 0.000125984568972007 0.39342123166247167
223046.708256365 1663162.5235460196 4157.906308865049 0.0 0.39342123166247167
223046.708256365 1663162.5235460196 4157.906308865049 0.0 0.39342123166247167
223046.708256365 1663162.5235460196 4157.906308865049 0.0 0.39342123166247167
223046.708256365 1663162.5235460196 4157.906308865049 0.0 0.39342123166247167
223046.708256365 1663162.5235460196 4157.906308865049 5.442021853577059e-05 0.3934756518810074
223046.708256365 1663162.5235460196 4157.906308865049 0.00037559715829558717 0.393851249039303
223046.708256365 1663162.5235460196 4157.906308865049 1.2497040665942723e-05 0.39386374607996893
223046.708256365 1663162.5235460196 4157.906308865049 0.0 0.39386374607996893
223046.708256365 1663162.5235460196 4157.906308865049 0.0 0.39386374607996893
223046.708256365 1663162.5235460196 4157.906308865049 1.9240452780148615e-05 0.39388298653274906
223046.708256365 1663162.5235460196 4157.906308865049 0.0 0.39388298653274906
223046.708256365 1663162.5235460196 4157.906308865049 0.0 0.39388298653274906
223046.708256365 1663162.5235460196 4157.906308865049 0.0 0.39388298653274906
223046.708256365 1663162.5235460196 4157.906308865049 3.534696879860859e-05 0.39391833350154765
223046.708256365 1663162.5235460196 4157.906308865049 0.0 0.39391833350154765
223046.708256365 1663162.5235460196 4157.906308865049 0.0003374200979804535 0.3942557535995281
223046.708256365 1663162.5235460196 4157.906308865049 0.0006743085623267246 0.3949300621618548
223046.708256365 1663162.5235460196 4157.906308865049 0.0 0.3949300621618548
223046.708256365 1663162.5235460196 4157.906308865049 0.0 0.3949300621618548
223046.708256365 1663162.5235460196 4157.906308865049 0.0015807645006450574 0.3965108266624998
223046.708256365 1663162.5235460196 4157.906308865049 2.6889350208929452e-05 0.39653771601270876
223046.708256365 1663162.5235460196 4157.906308865049 0.005682554314836554 0.4022202703275453
223046.708256365 1663162.5235460196 4157.906308865049 0.0033803744246602846 0.4056006447522056
223046.708256365 1663162.5235460196 4157.906308865049 0.0019072326281335148 0.4075078773803391
223046.708256365 1663162.5235460196 4157.906308865049 0.0 0.4075078773803391
223046.708256365 1663162.5235460196 4157.906308865049 1.9240452780148615e-05 0.40752711783311923
223046.708256365 1663162.5235460196 4157.906308865049 0.0 0.40752711783311923
223046.708256365 1663162.5235460196 4157.906308865049 2.6889350208929452e-05 0.4075540071833282
223046.708256365 1663162.5235460196 4157.906308865049 0.005682554314836554 0.41323656149816473
223046.708256365 1663162.5235460196 4157.906308865049 0.00021511480167143562 0.41345167629983615
223046.708256365 1663162.5235460196 4157.906308865049 0.0005588846489325434 0.4140105609487687
223046.708256365 1663162.5235460196 4157.906308865049 0.0 0.4140105609487687
223046.708256365 1663162.5235460196 4157.906308865049 0.004524412006221899 0.4185349729549906
223046.708256365 1663162.5235460196 4157.906308865049 0.0002827757503888687 0.41881774870537947
223046.708256365 1663162.5235460196 4157.906308865049 0.009561142714507444 0.4283788914198869
223046.708256365 1663162.5235460196 4157.906308865049 0.0009927029524076235 0.4293715943722945
223046.708256365 1663162.5235460196 4157.906308865049 0.0 0.4293715943722945
223046.708256365 1663162.5235460196 4157.906308865049 1.2497040665942723e-05 0.4293840914129604
223046.708256365 1663162.5235460196 4157.906308865049 0.0 0.4293840914129604
223046.708256365 1663162.5235460196 4157.906308865049 8.774337366891714e-05 0.4294718347866293
223046.708256365 1663162.5235460196 4157.906308865049 0.0 0.4294718347866293
223046.708256365 1663162.5235460196 4157.906308865049 0.021577873994455186 0.4510497087810845
223046.708256365 1663162.5235460196 4157.906308865049 0.0007967382983180231 0.4518464470794025
223046.708256365 1663162.5235460196 4157.906308865049 3.534696879860859e-05 0.4518817940482011
223046.708256365 1663162.5235460196 4157.906308865049 0.0 0.4518817940482011
223046.708256365 1663162.5235460196 4157.906308865049 0.000125984568972007 0.4520077786171731
223046.708256365 1663162.5235460196 4157.906308865049 0.005070411482145342 0.45707819009931844
223046.708256365 1663162.5235460196 4157.906308865049 0.0 0.45707819009931844
223046.708256365 1663162.5235460196 4157.906308865049 0.0 0.45707819009931844
223046.708256365 1663162.5235460196 4157.906308865049 0.0015023886331823487 0.4585805787325008
223046.708256365 1663162.5235460196 4157.906308865049 0.000925793728337673 0.4595063724608385
223046.708256365 1663162.5235460196 4157.906308865049 0.0015023886331823487 0.46100876109402084
223046.708256365 1663162.5235460196 4157.906308865049 0.0 0.46100876109402084
223046.708256365 1663162.5235460196 4157.906308865049 0.0016604577633673918 0.4626692188573882
223046.708256365 1663162.5235460196 4157.906308865049 0.008589313418061887 0.4712585322754501
223046.708256365 1663162.5235460196 4157.906308865049 1.2497040665942723e-05 0.47127102931611603
223046.708256365 1663162.5235460196 4157.906308865049 0.0004768081570333787 0.4717478374731494
223046.708256365 1663162.5235460196 4157.906308865049 0.0 0.4717478374731494
223046.708256365 1663162.5235460196 4157.906308865049 0.0018237117746647885 0.4735715492478142
223046.708256365 1663162.5235460196 4157.906308865049 0.01788430876584139 0.4914558580136556
223046.708256365 1663162.5235460196 4157.906308865049 0.0 0.4914558580136556
223046.708256365 1663162.5235460196 4157.906308865049 0.00045092085390280177 0.4919067788675584
223046.708256365 1663162.5235460196 4157.906308865049 0.007967963759722401 0.4998747426272808
223046.708256365 1663162.5235460196 4157.906308865049 0.0018237117746647885 0.5016984544019456
223046.708256365 1663162.5235460196 4157.906308865049 2.405056597518577e-06 0.5017008594585431
223046.708256365 1663162.5235460196 4157.906308865049 0.002233581642917153 0.5039344411014604
223046.708256365 1663162.5235460196 4157.906308865049 0.005891715209587905 0.5098261563110482
223046.708256365 1663162.5235460196 4157.906308865049 0.0 0.5098261563110482
223046.708256365 1663162.5235460196 4157.906308865049 0.001741446993144659 0.5115676033041929
223046.708256365 1663162.5235460196 4157.906308865049 0.00011273021347570044 0.5116803335176686
223046.708256365 1663162.5235460196 4157.906308865049 0.00018366823755822575 0.5118640017552268
223046.708256365 1663162.5235460196 4157.906308865049 0.0 0.5118640017552268
223046.708256365 1663162.5235460196 4157.906308865049 4.454227152248522e-05 0.5119085440267493
223046.708256365 1663162.5235460196 4157.906308865049 0.0003042182699909428 0.5122127622967403
223046.708256365 1663162.5235460196 4157.906308865049 0.007652843231592739 0.519865605528333
223046.708256365 1663162.5235460196 4157.906308865049 0.0 0.519865605528333
223046.708256365 1663162.5235460196 4157.906308865049 5.442021853577059e-05 0.5199200257468688
223046.708256365 1663162.5235460196 4157.906308865049 4.454227152248522e-05 0.5199645680183913
223046.708256365 1663162.5235460196 4157.906308865049 0.030784724448237787 0.5507492924666291
223046.708256365 1663162.5235460196 4157.906308865049 0.1224570010407908 0.6732062935074199
223046.708256365 1663162.5235460196 4157.906308865049 0.001741446993144659 0.6749477405005646
223046.708256365 1663162.5235460196 4157.906308865049 0.0 0.6749477405005646
223046.708256365 1663162.5235460196 4157.906308865049 6.493652813300158e-05 0.6750126770286976
223046.708256365 1663162.5235460196 4157.906308865049 0.0003042182699909428 0.6753168952986885
223046.708256365 1663162.5235460196 4157.906308865049 0.008311875601024202 0.6836287708997127
223046.708256365 1663162.5235460196 4157.906308865049 0.00013972116223313585 0.6837684920619459
223046.708256365 1663162.5235460196 4157.906308865049 0.05133683306097159 0.7351053251229175
223046.708256365 1663162.5235460196 4157.906308865049 0.0020779689002560506 0.7371832940231735
223046.708256365 1663162.5235460196 4157.906308865049 0.0012025282987592886 0.7383858223219328
223046.708256365 1663162.5235460196 4157.906308865049 0.00016857714058168114 0.7385543994625146
223046.708256365 1663162.5235460196 4157.906308865049 0.002433746159927542 0.7409881456224421
223046.708256365 1663162.5235460196 4157.906308865049 3.534696879860859e-05 0.7410234925912407
223046.708256365 1663162.5235460196 4157.906308865049 2.405056597518577e-06 0.7410258976478382
223046.708256365 1663162.5235460196 4157.906308865049 0.0030367808818240814 0.7440626785296623
223046.708256365 1663162.5235460196 4157.906308865049 0.10198250218470696 0.8460451807143693
223046.708256365 1663162.5235460196 4157.906308865049 0.0 0.8460451807143693
223046.708256365 1663162.5235460196 4157.906308865049 0.0033803744246602846 0.8494255551390296
223046.708256365 1663162.5235460196 4157.906308865049 0.0008604592066857425 0.8502860143457154
223046.708256365 1663162.5235460196 4157.906308865049 0.0016604577633673918 0.8519464721090828
223046.708256365 1663162.5235460196 4157.906308865049 0.00030063207468982215 0.8522471041837726
223046.708256365 1663162.5235460196 4157.906308865049 0.134109989311693 0.9863570934954655
223046.708256365 1663162.5235460196 4157.906308865049 0.004103351492995774 0.9904604449884613
223046.708256365 1663162.5235460196 4157.906308865049 0.0071982954235830085 0.9976587404120443
223046.708256365 1663162.5235460196 4157.906308865049 8.774337366891714e-05 0.9977464837857132
223046.708256365 1663162.5235460196 4157.906308865049 0.0022535162142868184 1.0
201's generation extracting best parents:
232.379000772445
74.08103670980853
0
0
0
0
0
1121.4847301680036
145.9314907756376
0
0
0
0
1539.7454335051623
0
0
187.48866632412745
74.08103670980853
305.47012947258855
0
0
166.27687752661222
0
187.48866632412745
1539.7454335051623
108.0
90.50966799187809
0
0
0
16801.797999023795
0
15587.515004002402
90.50966799187809
0
0
187.48866632412745
26105.018674576735
2000.0
0
0
0
0
624.6791176276025
0
0
0
0
0
0
0
58.787753826796276
0
0
0
5333.834643106215
187.48866632412745
0
0
108.0
412.7565868644618
0
530.2980294136496
0
0
0
0
305.47012947258855
0
0
0
0
0
0
0
0
2121.1921176545984
0
0
0
2000.0
0
1024.0
0
0
0
0
1121.4847301680036
470.3020306143702
3970.9485013029316
470.3020306143702
0
0
0
0
0
58.787753826796276
0
0
0
0
232.379000772445
0
8978.95138643706
665.1075101064489
0
58.787753826796276
0
0
0
1539.7454335051623
14684.073004449414
145.9314907756376
0
58.787753826796276
166.27687752661222
0
838.1312546373629
0
54644.157967709594
0
0
0
0
108.0
14403.981671746184
0
0
4355.0577493300825
2091.411006952005
0
0
974.2196877501501
0
0
2304.0
583.7259631025504
0
0
0
0
126.49110640673517
44.721359549995796
0
0
0
0
0
0
0
0
0
470.3020306143702
1881.2081224574808
838.1312546373629
145.9314907756376
0
0
15587.515004002402
27541.796019867696
0
0
58.787753826796276
44.721359549995796
0
0
0
108.0
0
15086.362583472532
76987.27167525812
0
28196.985654498603
17151.308288291013
0
0
0
145.9314907756376
13824.0
0
749.9546652965098
0
0
44.721359549995796
690.4027809909227
0
0
145.9314907756376
0
0
0
3896.8787510006005
0
0
0
592.6482936784682
44.721359549995796
0
0
166.27687752661222
331.2763197090912
0
1024.0
665.1075101064489
0
1651.0263474578471
0
0
0
3172.0378307958435
145.9314907756376
0
0
0
8767.977189751351
44.721359549995796
441.2165001447702
331.2763197090912
0
166.27687752661222
2000.0
0
0
0
0
0
0
0
0
0
58.787753826796276
44.721359549995796
1431.0835055998655
145.9314907756376
0
32.0
0
74.08103670980853
0
0
305.47012947258855
0
929.51600308978
0
1764.8660005790807
1539.7454335051623
10507.067335845906
0
126.49110640673517
126.49110640673517
1121.4847301680036
0
44.721359549995796
126.49110640673517
0
0
2000.0
0
0
0
0
108.0
0
4232.718275529332
0
0
145.9314907756376
2304.0
1764.8660005790807
0
0
1881.2081224574808
0
9994.86588204164
3172.0378307958435
58.787753826796276
0
11046.444495854763
0
0
624.6791176276025
0
63606.936980175364
2981.4868773818207
0
0
3714.809281780156
331.2763197090912
2370.593174713873
99198.33805059438
8767.977189751351
0
1881.2081224574808
0
209.53281365934072
0
0
0
0
90.50966799187809
624.6791176276025
0
0
0
32.0
0
0
0
58.787753826796276
0
561.1844616523163
1121.4847301680036
0
0
2629.0682760247973
44.721359549995796
9451.011374450885
5622.112058648423
3172.0378307958435
0
32.0
0
44.721359549995796
9451.011374450885
357.77087639996637
929.51600308978
0
7524.832489829923
470.3020306143702
15901.734245043841
1651.0263474578471
0
0
0
145.9314907756376
0
35887.511365376115
1325.1052788363647
58.787753826796276
0
209.53281365934072
8432.91835606156
0
0
2498.71647051041
1539.7454335051623
2498.71647051041
0
2761.6111239636907
14285.424179911495
0
793.0094576989609
0
3033.1290773720793
29744.51209887296
0
749.9546652965098
13252.01871414314
3033.1290773720793
0
3714.809281780156
9798.879935992685
0
2896.309375740099
187.48866632412745
305.47012947258855
0
74.08103670980853
505.9644256269407
12727.922061357856
0
90.50966799187809
74.08103670980853
51200.0
203665.89487687917
2896.309375740099
0
108.0
505.9644256269407
13824.0
232.379000772445
85381.49682454624
3456.0
2000.0
280.3711825420009
4047.7154050155254
58.787753826796276
0
5050.660154870846
169613.4756910547
0
5622.112058648423
1431.0835055998655
2761.6111239636907
500.0
223046.708256365
6824.5404240871785
11971.93518191608
145.9314907756376
3747.9637138051376
