0 1 16 4 64.0 256.0
1 1 11 4 36.4828726939094 145.9314907756376
2 0 50 0 1.0 0.0
3 0 50 0 1.0 0.0
4 0 50 0 1.0 0.0
5 0 50 0 1.0 0.0
6 0 7 0 18.520259177452132 0.0
7 0 50 0 1.0 0.0
8 0 50 0 1.0 0.0
9 3 36 36 216.0 7776.0
10 0 50 0 1.0 0.0
11 3 25 36 125.0 4500.0
12 2 45 16 301.8691769624716 4829.906831399546
13 0 50 0 1.0 0.0
14 0 10 0 31.622776601683793 0.0
15 0 6 0 14.696938456699069 0.0
16 0 50 0 1.0 0.0
17 0 50 0 1.0 0.0
18 2 36 16 216.0 3456.0
19 0 50 0 1.0 0.0
20 0 50 0 1.0 0.0
21 0 50 0 1.0 0.0
22 0 50 0 1.0 0.0
23 1 57 4 18.520259177452132 74.08103670980853
24 0 50 0 1.0 0.0
25 0 50 0 1.0 0.0
26 0 11 0 36.4828726939094 0.0
27 0 11 0 36.4828726939094 0.0
28 1 19 4 82.8190799272728 331.2763197090912
29 0 50 0 1.0 0.0
30 0 10 0 31.622776601683793 0.0
31 0 50 0 1.0 0.0
32 1 49 4 343.0 1372.0
33 0 50 0 1.0 0.0
34 0 50 0 1.0 0.0
35 2 57 16 430.34056281043274 6885.449004966924
36 0 50 0 1.0 0.0
37 0 50 0 1.0 0.0
38 0 50 0 1.0 0.0
39 0 50 0 1.0 0.0
40 0 50 0 1.0 0.0
41 1 15 4 58.09475019311125 232.379000772445
42 1 50 4 1.0 4.0
43 1 13 4 46.87216658103186 187.48866632412745
44 1 51 4 1.0 4.0
45 1 57 4 18.520259177452132 74.08103670980853
46 0 50 0 1.0 0.0
47 0 50 0 1.0 0.0
48 0 50 0 1.0 0.0
49 0 50 0 1.0 0.0
50 1 10 4 31.622776601683793 126.49110640673517
51 0 9 0 27.0 0.0
52 0 50 0 1.0 0.0
53 1 17 4 70.09279563550022 280.3711825420009
54 0 11 0 36.4828726939094 0.0
55 0 50 0 1.0 0.0
56 0 50 0 1.0 0.0
57 0 50 0 1.0 0.0
58 0 50 0 1.0 0.0
59 0 8 0 22.627416997969522 0.0
60 3 49 36 343.0 12348.0
61 2 22 16 103.18914671611545 1651.0263474578471
62 0 50 0 1.0 0.0
63 0 5 0 11.180339887498949 0.0
64 2 19 16 82.8190799272728 1325.1052788363647
65 0 50 0 1.0 0.0
66 2 6 16 14.696938456699069 235.1510153071851
67 0 11 0 36.4828726939094 0.0
68 2 22 16 103.18914671611545 1651.0263474578471
69 0 50 0 1.0 0.0
70 0 5 0 11.180339887498949 0.0
71 0 50 0 1.0 0.0
72 0 50 0 1.0 0.0
73 0 50 0 1.0 0.0
74 1 23 4 110.30412503619254 441.2165001447702
75 0 50 0 1.0 0.0
76 1 5 4 11.180339887498949 44.721359549995796
77 3 63 36 500.0469977912076 18001.691920483474
78 0 6 0 14.696938456699069 0.0
79 0 50 0 1.0 0.0
80 1 11 4 36.4828726939094 145.9314907756376
81 0 50 0 1.0 0.0
82 1 19 4 82.8190799272728 331.2763197090912
83 1 17 4 70.09279563550022 280.3711825420009
84 0 50 0 1.0 0.0
85 0 50 0 1.0 0.0
86 2 37 16 225.06221362103412 3600.995417936546
87 1 11 4 36.4828726939094 145.9314907756376
88 2 31 16 172.60069524773067 2761.6111239636907
89 0 50 0 1.0 0.0
90 0 50 0 1.0 0.0
91 2 33 16 189.57056733575496 3033.1290773720793
92 0 16 0 64.0 0.0
93 0 50 0 1.0 0.0
94 0 11 0 36.4828726939094 0.0
95 1 14 4 52.38320341483518 209.53281365934072
96 0 50 0 1.0 0.0
97 4 55 64 407.8909167902615 26105.018674576735
98 1 9 4 27.0 108.0
99 0 50 0 1.0 0.0
100 0 50 0 1.0 0.0
101 0 9 0 27.0 0.0
102 0 50 0 1.0 0.0
103 1 16 4 64.0 256.0
104 2 42 16 272.19110933313016 4355.0577493300825
105 0 50 0 1.0 0.0
106 0 50 0 1.0 0.0
107 0 6 0 14.696938456699069 0.0
108 2 18 16 76.36753236814714 1221.8805178903542
109 0 50 0 1.0 0.0
110 0 50 0 1.0 0.0
111 1 54 4 8.0 32.0
112 0 50 0 1.0 0.0
113 2 11 16 36.4828726939094 583.7259631025504
114 1 54 4 8.0 32.0
115 1 19 4 82.8190799272728 331.2763197090912
116 0 50 0 1.0 0.0
117 1 17 4 70.09279563550022 280.3711825420009
118 0 50 0 1.0 0.0
119 0 50 0 1.0 0.0
120 0 6 0 14.696938456699069 0.0
121 0 9 0 27.0 0.0
122 1 9 4 27.0 108.0
123 0 50 0 1.0 0.0
124 0 50 0 1.0 0.0
125 1 21 4 96.23408959407264 384.93635837629057
126 0 5 0 11.180339887498949 0.0
127 0 50 0 1.0 0.0
128 0 50 0 1.0 0.0
129 0 9 0 27.0 0.0
130 0 50 0 1.0 0.0
131 0 50 0 1.0 0.0
132 0 50 0 1.0 0.0
133 0 8 0 22.627416997969522 0.0
134 0 50 0 1.0 0.0
135 0 50 0 1.0 0.0
136 0 50 0 1.0 0.0
137 0 50 0 1.0 0.0
138 1 13 4 46.87216658103186 187.48866632412745
139 0 11 0 36.4828726939094 0.0
140 0 50 0 1.0 0.0
141 1 25 4 125.0 500.0
142 0 50 0 1.0 0.0
143 1 13 4 46.87216658103186 187.48866632412745
144 3 51 36 364.21284985568536 13111.662594804673
145 1 15 4 58.09475019311125 232.379000772445
146 0 50 0 1.0 0.0
147 3 45 36 301.8691769624716 10867.290370648978
148 0 50 0 1.0 0.0
149 0 50 0 1.0 0.0
150 0 50 0 1.0 0.0
151 0 5 0 11.180339887498949 0.0
152 0 50 0 1.0 0.0
153 0 5 0 11.180339887498949 0.0
154 0 50 0 1.0 0.0
155 0 50 0 1.0 0.0
156 0 50 0 1.0 0.0
157 1 17 4 70.09279563550022 280.3711825420009
158 0 50 0 1.0 0.0
159 0 50 0 1.0 0.0
160 0 11 0 36.4828726939094 0.0
161 0 50 0 1.0 0.0
162 2 23 16 110.30412503619254 1764.8660005790807
163 0 50 0 1.0 0.0
164 0 50 0 1.0 0.0
165 1 52 4 2.8284271247461903 11.313708498984761
166 1 36 4 216.0 864.0
167 0 50 0 1.0 0.0
168 0 50 0 1.0 0.0
169 0 50 0 1.0 0.0
170 0 50 0 1.0 0.0
171 1 23 4 110.30412503619254 441.2165001447702
172 0 50 0 1.0 0.0
173 0 5 0 11.180339887498949 0.0
174 0 50 0 1.0 0.0
175 0 50 0 1.0 0.0
176 0 7 0 18.520259177452132 0.0
177 0 50 0 1.0 0.0
178 3 37 36 225.06221362103412 8102.239690357228
179 0 50 0 1.0 0.0
180 0 50 0 1.0 0.0
181 0 11 0 36.4828726939094 0.0
182 0 50 0 1.0 0.0
183 0 50 0 1.0 0.0
184 0 50 0 1.0 0.0
185 0 50 0 1.0 0.0
186 0 50 0 1.0 0.0
187 0 50 0 1.0 0.0
188 0 50 0 1.0 0.0
189 2 10 16 31.622776601683793 505.9644256269407
190 0 50 0 1.0 0.0
191 1 7 4 18.520259177452132 74.08103670980853
192 0 50 0 1.0 0.0
193 0 50 0 1.0 0.0
194 0 5 0 11.180339887498949 0.0
195 0 50 0 1.0 0.0
196 0 50 0 1.0 0.0
197 1 54 4 8.0 32.0
198 0 50 0 1.0 0.0
199 0 5 0 11.180339887498949 0.0
200 0 50 0 1.0 0.0
201 0 50 0 1.0 0.0
202 0 50 0 1.0 0.0
203 0 50 0 1.0 0.0
204 0 5 0 11.180339887498949 0.0
205 0 50 0 1.0 0.0
206 2 49 16 343.0 5488.0
207 0 50 0 1.0 0.0
208 0 50 0 1.0 0.0
209 0 8 0 22.627416997969522 0.0
210 1 17 4 70.09279563550022 280.3711825420009
211 0 50 0 1.0 0.0
212 0 50 0 1.0 0.0
213 0 50 0 1.0 0.0
214 0 50 0 1.0 0.0
215 0 50 0 1.0 0.0
216 3 23 36 110.30412503619254 3970.9485013029316
217 0 50 0 1.0 0.0
218 1 58 4 22.627416997969522 90.50966799187809
219 3 20 36 89.44271909999159 3219.937887599697
220 0 50 0 1.0 0.0
221 0 50 0 1.0 0.0
222 0 50 0 1.0 0.0
223 0 50 0 1.0 0.0
224 1 11 4 36.4828726939094 145.9314907756376
225 0 5 0 11.180339887498949 0.0
226 0 50 0 1.0 0.0
227 0 50 0 1.0 0.0
228 0 50 0 1.0 0.0
229 0 6 0 14.696938456699069 0.0
230 0 6 0 14.696938456699069 0.0
231 0 50 0 1.0 0.0
232 3 41 36 262.5280937347468 9451.011374450885
233 1 15 4 58.09475019311125 232.379000772445
234 0 50 0 1.0 0.0
235 0 50 0 1.0 0.0
236 0 50 0 1.0 0.0
237 0 50 0 1.0 0.0
238 2 16 16 64.0 1024.0
239 2 20 16 89.44271909999159 1431.0835055998655
240 2 29 16 156.16977940690063 2498.71647051041
241 0 50 0 1.0 0.0
242 1 14 4 52.38320341483518 209.53281365934072
243 1 17 4 70.09279563550022 280.3711825420009
244 1 35 4 207.06279240848656 828.2511696339462
245 1 11 4 36.4828726939094 145.9314907756376
246 2 19 16 82.8190799272728 1325.1052788363647
247 1 20 4 89.44271909999159 357.77087639996637
248 0 50 0 1.0 0.0
249 2 17 16 70.09279563550022 1121.4847301680036
250 1 16 4 64.0 256.0
251 0 50 0 1.0 0.0
252 1 9 4 27.0 108.0
253 0 50 0 1.0 0.0
254 0 50 0 1.0 0.0
255 1 5 4 11.180339887498949 44.721359549995796
256 3 43 36 281.96985654498604 10150.914835619498
257 1 57 4 18.520259177452132 74.08103670980853
258 0 15 0 58.09475019311125 0.0
259 0 6 0 14.696938456699069 0.0
260 1 17 4 70.09279563550022 280.3711825420009
261 0 11 0 36.4828726939094 0.0
262 0 50 0 1.0 0.0
263 1 16 4 64.0 256.0
264 3 31 36 172.60069524773067 6213.625028918304
265 0 11 0 36.4828726939094 0.0
266 0 50 0 1.0 0.0
267 0 13 0 46.87216658103186 0.0
268 0 11 0 36.4828726939094 0.0
269 1 27 4 140.29611541307906 561.1844616523163
270 1 21 4 96.23408959407264 384.93635837629057
271 0 50 0 1.0 0.0
272 1 9 4 27.0 108.0
273 0 50 0 1.0 0.0
274 0 6 0 14.696938456699069 0.0
275 2 35 16 207.06279240848656 3313.004678535785
276 1 33 4 189.57056733575496 758.2822693430198
277 1 55 4 11.180339887498949 44.721359549995796
278 0 50 0 1.0 0.0
279 0 50 0 1.0 0.0
280 0 11 0 36.4828726939094 0.0
281 1 32 4 181.01933598375618 724.0773439350247
282 1 19 4 82.8190799272728 331.2763197090912
283 1 26 4 132.5745073534124 530.2980294136496
284 2 23 16 110.30412503619254 1764.8660005790807
285 1 7 4 18.520259177452132 74.08103670980853
286 0 11 0 36.4828726939094 0.0
287 2 20 16 89.44271909999159 1431.0835055998655
288 0 11 0 36.4828726939094 0.0
289 0 50 0 1.0 0.0
290 0 50 0 1.0 0.0
291 0 50 0 1.0 0.0
292 1 9 4 27.0 108.0
293 0 11 0 36.4828726939094 0.0
294 1 13 4 46.87216658103186 187.48866632412745
295 1 27 4 140.29611541307906 561.1844616523163
296 0 50 0 1.0 0.0
297 0 50 0 1.0 0.0
298 2 30 16 164.31676725154983 2629.0682760247973
299 0 50 0 1.0 0.0
300 0 50 0 1.0 0.0
301 0 50 0 1.0 0.0
302 1 56 4 14.696938456699069 58.787753826796276
303 0 50 0 1.0 0.0
304 0 50 0 1.0 0.0
305 1 10 4 31.622776601683793 126.49110640673517
306 2 10 16 31.622776601683793 505.9644256269407
307 1 24 4 117.57550765359255 470.3020306143702
308 1 12 4 41.569219381653056 166.27687752661222
309 1 52 4 2.8284271247461903 11.313708498984761
310 2 36 16 216.0 3456.0
311 0 5 0 11.180339887498949 0.0
312 0 11 0 36.4828726939094 0.0
313 0 6 0 14.696938456699069 0.0
314 3 38 36 234.2477321128211 8432.91835606156
315 0 50 0 1.0 0.0
316 1 26 4 132.5745073534124 530.2980294136496
317 2 13 16 46.87216658103186 749.9546652965098
318 1 54 4 8.0 32.0
319 1 54 4 8.0 32.0
320 2 17 16 70.09279563550022 1121.4847301680036
321 0 50 0 1.0 0.0
322 0 11 0 36.4828726939094 0.0
323 0 50 0 1.0 0.0
324 0 11 0 36.4828726939094 0.0
325 2 15 16 58.09475019311125 929.51600308978
326 3 31 36 172.60069524773067 6213.625028918304
327 2 44 16 291.8629815512752 4669.807704820403
328 1 12 4 41.569219381653056 166.27687752661222
329 3 37 36 225.06221362103412 8102.239690357228
330 1 15 4 58.09475019311125 232.379000772445
331 0 50 0 1.0 0.0
332 0 50 0 1.0 0.0
333 1 5 4 11.180339887498949 44.721359549995796
334 1 16 4 64.0 256.0
335 1 54 4 8.0 32.0
336 1 56 4 14.696938456699069 58.787753826796276
337 0 50 0 1.0 0.0
338 1 23 4 110.30412503619254 441.2165001447702
339 1 52 4 2.8284271247461903 11.313708498984761
340 0 50 0 1.0 0.0
341 0 6 0 14.696938456699069 0.0
342 2 35 16 207.06279240848656 3313.004678535785
343 2 10 16 31.622776601683793 505.9644256269407
344 0 50 0 1.0 0.0
345 0 5 0 11.180339887498949 0.0
346 1 52 4 2.8284271247461903 11.313708498984761
347 0 13 0 46.87216658103186 0.0
348 1 17 4 70.09279563550022 280.3711825420009
349 2 13 16 46.87216658103186 749.9546652965098
350 0 11 0 36.4828726939094 0.0
351 2 16 16 64.0 1024.0
352 2 20 16 89.44271909999159 1431.0835055998655
353 1 20 4 89.44271909999159 357.77087639996637
354 1 9 4 27.0 108.0
355 1 25 4 125.0 500.0
356 1 56 4 14.696938456699069 58.787753826796276
357 0 8 0 22.627416997969522 0.0
358 1 54 4 8.0 32.0
359 0 50 0 1.0 0.0
360 2 13 16 46.87216658103186 749.9546652965098
361 0 5 0 11.180339887498949 0.0
362 0 50 0 1.0 0.0
363 1 56 4 14.696938456699069 58.787753826796276
364 2 23 16 110.30412503619254 1764.8660005790807
365 1 21 4 96.23408959407264 384.93635837629057
366 0 50 0 1.0 0.0
367 0 50 0 1.0 0.0
368 1 7 4 18.520259177452132 74.08103670980853
369 0 50 0 1.0 0.0
370 1 13 4 46.87216658103186 187.48866632412745
371 0 50 0 1.0 0.0
372 1 52 4 2.8284271247461903 11.313708498984761
373 0 50 0 1.0 0.0
374 0 50 0 1.0 0.0
375 1 20 4 89.44271909999159 357.77087639996637
376 3 21 36 96.23408959407264 3464.427225386615
377 0 50 0 1.0 0.0
378 1 55 4 11.180339887498949 44.721359549995796
379 0 50 0 1.0 0.0
380 0 50 0 1.0 0.0
381 2 17 16 70.09279563550022 1121.4847301680036
382 2 6 16 14.696938456699069 235.1510153071851
383 2 21 16 96.23408959407264 1539.7454335051623
384 0 50 0 1.0 0.0
385 0 50 0 1.0 0.0
386 3 24 36 117.57550765359255 4232.718275529332
387 4 60 64 464.75800154489 29744.51209887296
388 1 13 4 46.87216658103186 187.48866632412745
389 0 50 0 1.0 0.0
390 0 10 0 31.622776601683793 0.0
391 3 56 36 419.06562731868144 15086.362583472532
392 0 7 0 18.520259177452132 0.0
393 2 10 16 31.622776601683793 505.9644256269407
394 0 9 0 27.0 0.0
395 1 9 4 27.0 108.0
396 2 33 16 189.57056733575496 3033.1290773720793
397 0 9 0 27.0 0.0
398 1 22 4 103.18914671611545 412.7565868644618
399 1 17 4 70.09279563550022 280.3711825420009
101's generation fitness ratios and roulette cutoffs:
29744.51209887296 319509.362639259 798.7734065981475 0.0008012284769540101 0.0008012284769540101
29744.51209887296 319509.362639259 798.7734065981475 0.0004567361956788761 0.0012579646726328863
29744.51209887296 319509.362639259 798.7734065981475 0.0 0.0012579646726328863
29744.51209887296 319509.362639259 798.7734065981475 0.0 0.0012579646726328863
29744.51209887296 319509.362639259 798.7734065981475 0.0 0.0012579646726328863
29744.51209887296 319509.362639259 798.7734065981475 0.0 0.0012579646726328863
29744.51209887296 319509.362639259 798.7734065981475 0.0 0.0012579646726328863
29744.51209887296 319509.362639259 798.7734065981475 0.0 0.0012579646726328863
29744.51209887296 319509.362639259 798.7734065981475 0.0 0.0012579646726328863
29744.51209887296 319509.362639259 798.7734065981475 0.024337314987478056 0.025595279660110944
29744.51209887296 319509.362639259 798.7734065981475 0.0 0.025595279660110944
29744.51209887296 319509.362639259 798.7734065981475 0.014084094321457208 0.03967937398156815
29744.51209887296 319509.362639259 798.7734065981475 0.015116636306062605 0.05479601028763076
29744.51209887296 319509.362639259 798.7734065981475 0.0 0.05479601028763076
29744.51209887296 319509.362639259 798.7734065981475 0.0 0.05479601028763076
29744.51209887296 319509.362639259 798.7734065981475 0.0 0.05479601028763076
29744.51209887296 319509.362639259 798.7734065981475 0.0 0.05479601028763076
29744.51209887296 319509.362639259 798.7734065981475 0.0 0.05479601028763076
29744.51209887296 319509.362639259 798.7734065981475 0.010816584438879137 0.06561259472650989
29744.51209887296 319509.362639259 798.7734065981475 0.0 0.06561259472650989
29744.51209887296 319509.362639259 798.7734065981475 0.0 0.06561259472650989
29744.51209887296 319509.362639259 798.7734065981475 0.0 0.06561259472650989
29744.51209887296 319509.362639259 798.7734065981475 0.0 0.06561259472650989
29744.51209887296 319509.362639259 798.7734065981475 0.0002318587352116172 0.0658444534617215
29744.51209887296 319509.362639259 798.7734065981475 0.0 0.0658444534617215
29744.51209887296 319509.362639259 798.7734065981475 0.0 0.0658444534617215
29744.51209887296 319509.362639259 798.7734065981475 0.0 0.0658444534617215
29744.51209887296 319509.362639259 798.7734065981475 0.0 0.0658444534617215
29744.51209887296 319509.362639259 798.7734065981475 0.0010368282073884565 0.06688128166910996
29744.51209887296 319509.362639259 798.7734065981475 0.0 0.06688128166910996
29744.51209887296 319509.362639259 798.7734065981475 0.0 0.06688128166910996
29744.51209887296 319509.362639259 798.7734065981475 0.0 0.06688128166910996
29744.51209887296 319509.362639259 798.7734065981475 0.004294083868675398 0.07117536553778536
29744.51209887296 319509.362639259 798.7734065981475 0.0 0.07117536553778536
29744.51209887296 319509.362639259 798.7734065981475 0.0 0.07117536553778536
29744.51209887296 319509.362639259 798.7734065981475 0.02155006960700841 0.09272543514479377
29744.51209887296 319509.362639259 798.7734065981475 0.0 0.09272543514479377
29744.51209887296 319509.362639259 798.7734065981475 0.0 0.09272543514479377
29744.51209887296 319509.362639259 798.7734065981475 0.0 0.09272543514479377
29744.51209887296 319509.362639259 798.7734065981475 0.0 0.09272543514479377
29744.51209887296 319509.362639259 798.7734065981475 0.0 0.09272543514479377
29744.51209887296 319509.362639259 798.7734065981475 0.0007272995033789096 0.09345273464817268
29744.51209887296 319509.362639259 798.7734065981475 1.2519194952406408e-05 0.09346525384312508
29744.51209887296 319509.362639259 798.7734065981475 0.0005868017912696064 0.09405205563439469
29744.51209887296 319509.362639259 798.7734065981475 1.2519194952406408e-05 0.09406457482934709
29744.51209887296 319509.362639259 798.7734065981475 0.0002318587352116172 0.0942964335645587
29744.51209887296 319509.362639259 798.7734065981475 0.0 0.0942964335645587
29744.51209887296 319509.362639259 798.7734065981475 0.0 0.0942964335645587
29744.51209887296 319509.362639259 798.7734065981475 0.0 0.0942964335645587
29744.51209887296 319509.362639259 798.7734065981475 0.0 0.0942964335645587
29744.51209887296 319509.362639259 798.7734065981475 0.0003958917052128752 0.09469232526977157
29744.51209887296 319509.362639259 798.7734065981475 0.0 0.09469232526977157
29744.51209887296 319509.362639259 798.7734065981475 0.0 0.09469232526977157
29744.51209887296 319509.362639259 798.7734065981475 0.0008775053733200083 0.09556983064309159
29744.51209887296 319509.362639259 798.7734065981475 0.0 0.09556983064309159
29744.51209887296 319509.362639259 798.7734065981475 0.0 0.09556983064309159
29744.51209887296 319509.362639259 798.7734065981475 0.0 0.09556983064309159
29744.51209887296 319509.362639259 798.7734065981475 0.0 0.09556983064309159
29744.51209887296 319509.362639259 798.7734065981475 0.0 0.09556983064309159
29744.51209887296 319509.362639259 798.7734065981475 0.0 0.09556983064309159
29744.51209887296 319509.362639259 798.7734065981475 0.03864675481807858 0.13421658546117016
29744.51209887296 319509.362639259 798.7734065981475 0.0051673801788460665 0.13938396564001623
29744.51209887296 319509.362639259 798.7734065981475 0.0 0.13938396564001623
29744.51209887296 319509.362639259 798.7734065981475 0.0 0.13938396564001623
29744.51209887296 319509.362639259 798.7734065981475 0.004147312829553826 0.14353127846957006
29744.51209887296 319509.362639259 798.7734065981475 0.0 0.14353127846957006
29744.51209887296 319509.362639259 798.7734065981475 0.0007359753509717384 0.1442672538205418
29744.51209887296 319509.362639259 798.7734065981475 0.0 0.1442672538205418
29744.51209887296 319509.362639259 798.7734065981475 0.0051673801788460665 0.1494346339993879
29744.51209887296 319509.362639259 798.7734065981475 0.0 0.1494346339993879
29744.51209887296 319509.362639259 798.7734065981475 0.0 0.1494346339993879
29744.51209887296 319509.362639259 798.7734065981475 0.0 0.1494346339993879
29744.51209887296 319509.362639259 798.7734065981475 0.0 0.1494346339993879
29744.51209887296 319509.362639259 798.7734065981475 0.0 0.1494346339993879
29744.51209887296 319509.362639259 798.7734065981475 0.001380918845382707 0.1508155528447706
29744.51209887296 319509.362639259 798.7734065981475 0.0 0.1508155528447706
29744.51209887296 319509.362639259 798.7734065981475 0.00013996885468576487 0.15095552169945636
29744.51209887296 319509.362639259 798.7734065981475 0.05634167265642298 0.20729719435587934
29744.51209887296 319509.362639259 798.7734065981475 0.0 0.20729719435587934
29744.51209887296 319509.362639259 798.7734065981475 0.0 0.20729719435587934
29744.51209887296 319509.362639259 798.7734065981475 0.0004567361956788761 0.20775393055155822
29744.51209887296 319509.362639259 798.7734065981475 0.0 0.20775393055155822
29744.51209887296 319509.362639259 798.7734065981475 0.0010368282073884565 0.20879075875894668
29744.51209887296 319509.362639259 798.7734065981475 0.0008775053733200083 0.2096682641322667
29744.51209887296 319509.362639259 798.7734065981475 0.0 0.2096682641322667
29744.51209887296 319509.362639259 798.7734065981475 0.0 0.2096682641322667
29744.51209887296 319509.362639259 798.7734065981475 0.011270390914967452 0.22093865504723414
29744.51209887296 319509.362639259 798.7734065981475 0.0004567361956788761 0.22139539124291302
29744.51209887296 319509.362639259 798.7734065981475 0.008643287010908905 0.23003867825382193
29744.51209887296 319509.362639259 798.7734065981475 0.0 0.23003867825382193
29744.51209887296 319509.362639259 798.7734065981475 0.0 0.23003867825382193
29744.51209887296 319509.362639259 798.7734065981475 0.00949308355885841 0.23953176181268035
29744.51209887296 319509.362639259 798.7734065981475 0.0 0.23953176181268035
29744.51209887296 319509.362639259 798.7734065981475 0.0 0.23953176181268035
29744.51209887296 319509.362639259 798.7734065981475 0.0 0.23953176181268035
29744.51209887296 319509.362639259 798.7734065981475 0.0006557955357818827 0.24018755734846223
29744.51209887296 319509.362639259 798.7734065981475 0.0 0.24018755734846223
29744.51209887296 319509.362639259 798.7734065981475 0.08170345450580901 0.32189101185427127
29744.51209887296 319509.362639259 798.7734065981475 0.000338018263714973 0.32222903011798626
29744.51209887296 319509.362639259 798.7734065981475 0.0 0.32222903011798626
29744.51209887296 319509.362639259 798.7734065981475 0.0 0.32222903011798626
29744.51209887296 319509.362639259 798.7734065981475 0.0 0.32222903011798626
29744.51209887296 319509.362639259 798.7734065981475 0.0 0.32222903011798626
29744.51209887296 319509.362639259 798.7734065981475 0.0008012284769540101 0.3230302585949403
29744.51209887296 319509.362639259 798.7734065981475 0.013630454248212895 0.3366607128431532
29744.51209887296 319509.362639259 798.7734065981475 0.0 0.3366607128431532
29744.51209887296 319509.362639259 798.7734065981475 0.0 0.3366607128431532
29744.51209887296 319509.362639259 798.7734065981475 0.0 0.3366607128431532
29744.51209887296 319509.362639259 798.7734065981475 0.0038242401030041625 0.3404849529461573
29744.51209887296 319509.362639259 798.7734065981475 0.0 0.3404849529461573
29744.51209887296 319509.362639259 798.7734065981475 0.0 0.3404849529461573
29744.51209887296 319509.362639259 798.7734065981475 0.00010015355961925126 0.34058510650577656
29744.51209887296 319509.362639259 798.7734065981475 0.0 0.34058510650577656
29744.51209887296 319509.362639259 798.7734065981475 0.0018269447827155044 0.34241205128849206
29744.51209887296 319509.362639259 798.7734065981475 0.00010015355961925126 0.3425122048481113
29744.51209887296 319509.362639259 798.7734065981475 0.0010368282073884565 0.3435490330554997
29744.51209887296 319509.362639259 798.7734065981475 0.0 0.3435490330554997
29744.51209887296 319509.362639259 798.7734065981475 0.0008775053733200083 0.3444265384288197
29744.51209887296 319509.362639259 798.7734065981475 0.0 0.3444265384288197
29744.51209887296 319509.362639259 798.7734065981475 0.0 0.3444265384288197
29744.51209887296 319509.362639259 798.7734065981475 0.0 0.3444265384288197
29744.51209887296 319509.362639259 798.7734065981475 0.0 0.3444265384288197
29744.51209887296 319509.362639259 798.7734065981475 0.000338018263714973 0.3447645566925347
29744.51209887296 319509.362639259 798.7734065981475 0.0 0.3447645566925347
29744.51209887296 319509.362639259 798.7734065981475 0.0 0.3447645566925347
29744.51209887296 319509.362639259 798.7734065981475 0.0012047733286955403 0.34596933002123026
29744.51209887296 319509.362639259 798.7734065981475 0.0 0.34596933002123026
29744.51209887296 319509.362639259 798.7734065981475 0.0 0.34596933002123026
29744.51209887296 319509.362639259 798.7734065981475 0.0 0.34596933002123026
29744.51209887296 319509.362639259 798.7734065981475 0.0 0.34596933002123026
29744.51209887296 319509.362639259 798.7734065981475 0.0 0.34596933002123026
29744.51209887296 319509.362639259 798.7734065981475 0.0 0.34596933002123026
29744.51209887296 319509.362639259 798.7734065981475 0.0 0.34596933002123026
29744.51209887296 319509.362639259 798.7734065981475 0.0 0.34596933002123026
29744.51209887296 319509.362639259 798.7734065981475 0.0 0.34596933002123026
29744.51209887296 319509.362639259 798.7734065981475 0.0 0.34596933002123026
29744.51209887296 319509.362639259 798.7734065981475 0.0 0.34596933002123026
29744.51209887296 319509.362639259 798.7734065981475 0.0 0.34596933002123026
29744.51209887296 319509.362639259 798.7734065981475 0.0005868017912696064 0.3465561318124999
29744.51209887296 319509.362639259 798.7734065981475 0.0 0.3465561318124999
29744.51209887296 319509.362639259 798.7734065981475 0.0 0.3465561318124999
29744.51209887296 319509.362639259 798.7734065981475 0.001564899369050801 0.3481210311815507
29744.51209887296 319509.362639259 798.7734065981475 0.0 0.3481210311815507
29744.51209887296 319509.362639259 798.7734065981475 0.0005868017912696064 0.3487078329728203
29744.51209887296 319509.362639259 798.7734065981475 0.041036865043633644 0.38974469801645395
29744.51209887296 319509.362639259 798.7734065981475 0.0007272995033789096 0.39047199751983286
29744.51209887296 319509.362639259 798.7734065981475 0.0 0.39047199751983286
29744.51209887296 319509.362639259 798.7734065981475 0.03401243168864086 0.42448442920847373
29744.51209887296 319509.362639259 798.7734065981475 0.0 0.42448442920847373
29744.51209887296 319509.362639259 798.7734065981475 0.0 0.42448442920847373
29744.51209887296 319509.362639259 798.7734065981475 0.0 0.42448442920847373
29744.51209887296 319509.362639259 798.7734065981475 0.0 0.42448442920847373
29744.51209887296 319509.362639259 798.7734065981475 0.0 0.42448442920847373
29744.51209887296 319509.362639259 798.7734065981475 0.0 0.42448442920847373
29744.51209887296 319509.362639259 798.7734065981475 0.0 0.42448442920847373
29744.51209887296 319509.362639259 798.7734065981475 0.0 0.42448442920847373
29744.51209887296 319509.362639259 798.7734065981475 0.0 0.42448442920847373
29744.51209887296 319509.362639259 798.7734065981475 0.0008775053733200083 0.4253619345817937
29744.51209887296 319509.362639259 798.7734065981475 0.0 0.4253619345817937
29744.51209887296 319509.362639259 798.7734065981475 0.0 0.4253619345817937
29744.51209887296 319509.362639259 798.7734065981475 0.0 0.4253619345817937
29744.51209887296 319509.362639259 798.7734065981475 0.0 0.4253619345817937
29744.51209887296 319509.362639259 798.7734065981475 0.005523675381530828 0.43088560996332453
29744.51209887296 319509.362639259 798.7734065981475 0.0 0.43088560996332453
29744.51209887296 319509.362639259 798.7734065981475 0.0 0.43088560996332453
29744.51209887296 319509.362639259 798.7734065981475 3.5409630583371875e-05 0.4309210195939079
29744.51209887296 319509.362639259 798.7734065981475 0.002704146109719784 0.4336251657036277
29744.51209887296 319509.362639259 798.7734065981475 0.0 0.4336251657036277
29744.51209887296 319509.362639259 798.7734065981475 0.0 0.4336251657036277
29744.51209887296 319509.362639259 798.7734065981475 0.0 0.4336251657036277
29744.51209887296 319509.362639259 798.7734065981475 0.0 0.4336251657036277
29744.51209887296 319509.362639259 798.7734065981475 0.001380918845382707 0.4350060845490104
29744.51209887296 319509.362639259 798.7734065981475 0.0 0.4350060845490104
29744.51209887296 319509.362639259 798.7734065981475 0.0 0.4350060845490104
29744.51209887296 319509.362639259 798.7734065981475 0.0 0.4350060845490104
29744.51209887296 319509.362639259 798.7734065981475 0.0 0.4350060845490104
29744.51209887296 319509.362639259 798.7734065981475 0.0 0.4350060845490104
29744.51209887296 319509.362639259 798.7734065981475 0.0 0.4350060845490104
29744.51209887296 319509.362639259 798.7734065981475 0.025358379558676765 0.46036446410768717
29744.51209887296 319509.362639259 798.7734065981475 0.0 0.46036446410768717
29744.51209887296 319509.362639259 798.7734065981475 0.0 0.46036446410768717
29744.51209887296 319509.362639259 798.7734065981475 0.0 0.46036446410768717
29744.51209887296 319509.362639259 798.7734065981475 0.0 0.46036446410768717
29744.51209887296 319509.362639259 798.7734065981475 0.0 0.46036446410768717
29744.51209887296 319509.362639259 798.7734065981475 0.0 0.46036446410768717
29744.51209887296 319509.362639259 798.7734065981475 0.0 0.46036446410768717
29744.51209887296 319509.362639259 798.7734065981475 0.0 0.46036446410768717
29744.51209887296 319509.362639259 798.7734065981475 0.0 0.46036446410768717
29744.51209887296 319509.362639259 798.7734065981475 0.0 0.46036446410768717
29744.51209887296 319509.362639259 798.7734065981475 0.0015835668208515007 0.46194803092853864
29744.51209887296 319509.362639259 798.7734065981475 0.0 0.46194803092853864
29744.51209887296 319509.362639259 798.7734065981475 0.0002318587352116172 0.4621798896637503
29744.51209887296 319509.362639259 798.7734065981475 0.0 0.4621798896637503
29744.51209887296 319509.362639259 798.7734065981475 0.0 0.4621798896637503
29744.51209887296 319509.362639259 798.7734065981475 0.0 0.4621798896637503
29744.51209887296 319509.362639259 798.7734065981475 0.0 0.4621798896637503
29744.51209887296 319509.362639259 798.7734065981475 0.0 0.4621798896637503
29744.51209887296 319509.362639259 798.7734065981475 0.00010015355961925126 0.4622800432233695
29744.51209887296 319509.362639259 798.7734065981475 0.0 0.4622800432233695
29744.51209887296 319509.362639259 798.7734065981475 0.0 0.4622800432233695
29744.51209887296 319509.362639259 798.7734065981475 0.0 0.4622800432233695
29744.51209887296 319509.362639259 798.7734065981475 0.0 0.4622800432233695
29744.51209887296 319509.362639259 798.7734065981475 0.0 0.4622800432233695
29744.51209887296 319509.362639259 798.7734065981475 0.0 0.4622800432233695
29744.51209887296 319509.362639259 798.7734065981475 0.0 0.4622800432233695
29744.51209887296 319509.362639259 798.7734065981475 0.0 0.4622800432233695
29744.51209887296 319509.362639259 798.7734065981475 0.01717633547470159 0.4794563786980711
29744.51209887296 319509.362639259 798.7734065981475 0.0 0.4794563786980711
29744.51209887296 319509.362639259 798.7734065981475 0.0 0.4794563786980711
29744.51209887296 319509.362639259 798.7734065981475 0.0 0.4794563786980711
29744.51209887296 319509.362639259 798.7734065981475 0.0008775053733200083 0.4803338840713911
29744.51209887296 319509.362639259 798.7734065981475 0.0 0.4803338840713911
29744.51209887296 319509.362639259 798.7734065981475 0.0 0.4803338840713911
29744.51209887296 319509.362639259 798.7734065981475 0.0 0.4803338840713911
29744.51209887296 319509.362639259 798.7734065981475 0.0 0.4803338840713911
29744.51209887296 319509.362639259 798.7734065981475 0.0 0.4803338840713911
29744.51209887296 319509.362639259 798.7734065981475 0.012428269608444363 0.49276215367983545
29744.51209887296 319509.362639259 798.7734065981475 0.0 0.49276215367983545
29744.51209887296 319509.362639259 798.7734065981475 0.000283277044666975 0.4930454307245024
29744.51209887296 319509.362639259 798.7734065981475 0.01007775753737507 0.5031231882618775
29744.51209887296 319509.362639259 798.7734065981475 0.0 0.5031231882618775
29744.51209887296 319509.362639259 798.7734065981475 0.0 0.5031231882618775
29744.51209887296 319509.362639259 798.7734065981475 0.0 0.5031231882618775
29744.51209887296 319509.362639259 798.7734065981475 0.0 0.5031231882618775
29744.51209887296 319509.362639259 798.7734065981475 0.0004567361956788761 0.5035799244575564
29744.51209887296 319509.362639259 798.7734065981475 0.0 0.5035799244575564
29744.51209887296 319509.362639259 798.7734065981475 0.0 0.5035799244575564
29744.51209887296 319509.362639259 798.7734065981475 0.0 0.5035799244575564
29744.51209887296 319509.362639259 798.7734065981475 0.0 0.5035799244575564
29744.51209887296 319509.362639259 798.7734065981475 0.0 0.5035799244575564
29744.51209887296 319509.362639259 798.7734065981475 0.0 0.5035799244575564
29744.51209887296 319509.362639259 798.7734065981475 0.0 0.5035799244575564
29744.51209887296 319509.362639259 798.7734065981475 0.029579763473540268 0.5331596879310967
29744.51209887296 319509.362639259 798.7734065981475 0.0007272995033789096 0.5338869874344756
29744.51209887296 319509.362639259 798.7734065981475 0.0 0.5338869874344756
29744.51209887296 319509.362639259 798.7734065981475 0.0 0.5338869874344756
29744.51209887296 319509.362639259 798.7734065981475 0.0 0.5338869874344756
29744.51209887296 319509.362639259 798.7734065981475 0.0 0.5338869874344756
29744.51209887296 319509.362639259 798.7734065981475 0.0032049139078160404 0.5370919013422917
29744.51209887296 319509.362639259 798.7734065981475 0.004479003349944476 0.5415709046922361
29744.51209887296 319509.362639259 798.7734065981475 0.00782047965627717 0.5493913843485133
29744.51209887296 319509.362639259 798.7734065981475 0.0 0.5493913843485133
29744.51209887296 319509.362639259 798.7734065981475 0.0006557955357818827 0.5500471798842952
29744.51209887296 319509.362639259 798.7734065981475 0.0008775053733200083 0.5509246852576152
29744.51209887296 319509.362639259 798.7734065981475 0.0025922594655515005 0.5535169447231667
29744.51209887296 319509.362639259 798.7734065981475 0.0004567361956788761 0.5539736809188456
29744.51209887296 319509.362639259 798.7734065981475 0.004147312829553826 0.5581209937483994
29744.51209887296 319509.362639259 798.7734065981475 0.001119750837486119 0.5592407445858856
29744.51209887296 319509.362639259 798.7734065981475 0.0 0.5592407445858856
29744.51209887296 319509.362639259 798.7734065981475 0.003510021493280033 0.5627507660791656
29744.51209887296 319509.362639259 798.7734065981475 0.0008012284769540101 0.5635519945561196
29744.51209887296 319509.362639259 798.7734065981475 0.0 0.5635519945561196
29744.51209887296 319509.362639259 798.7734065981475 0.000338018263714973 0.5638900128198345
29744.51209887296 319509.362639259 798.7734065981475 0.0 0.5638900128198345
29744.51209887296 319509.362639259 798.7734065981475 0.0 0.5638900128198345
29744.51209887296 319509.362639259 798.7734065981475 0.00013996885468576487 0.5640299816745203
29744.51209887296 319509.362639259 798.7734065981475 0.031770320443098736 0.595800302117619
29744.51209887296 319509.362639259 798.7734065981475 0.0002318587352116172 0.5960321608528306
29744.51209887296 319509.362639259 798.7734065981475 0.0 0.5960321608528306
29744.51209887296 319509.362639259 798.7734065981475 0.0 0.5960321608528306
29744.51209887296 319509.362639259 798.7734065981475 0.0008775053733200083 0.5969096662261506
29744.51209887296 319509.362639259 798.7734065981475 0.0 0.5969096662261506
29744.51209887296 319509.362639259 798.7734065981475 0.0 0.5969096662261506
29744.51209887296 319509.362639259 798.7734065981475 0.0008012284769540101 0.5977108947031046
29744.51209887296 319509.362639259 798.7734065981475 0.01944739577454504 0.6171582904776496
29744.51209887296 319509.362639259 798.7734065981475 0.0 0.6171582904776496
29744.51209887296 319509.362639259 798.7734065981475 0.0 0.6171582904776496
29744.51209887296 319509.362639259 798.7734065981475 0.0 0.6171582904776496
29744.51209887296 319509.362639259 798.7734065981475 0.0 0.6171582904776496
29744.51209887296 319509.362639259 798.7734065981475 0.0017563944199216462 0.6189146848975712
29744.51209887296 319509.362639259 798.7734065981475 0.0012047733286955403 0.6201194582262667
29744.51209887296 319509.362639259 798.7734065981475 0.0 0.6201194582262667
29744.51209887296 319509.362639259 798.7734065981475 0.000338018263714973 0.6204574764899816
29744.51209887296 319509.362639259 798.7734065981475 0.0 0.6204574764899816
29744.51209887296 319509.362639259 798.7734065981475 0.0 0.6204574764899816
29744.51209887296 319509.362639259 798.7734065981475 0.010369037862206002 0.6308265143521876
29744.51209887296 319509.362639259 798.7734065981475 0.0023732708897146026 0.6331997852419022
29744.51209887296 319509.362639259 798.7734065981475 0.00013996885468576487 0.633339754096588
29744.51209887296 319509.362639259 798.7734065981475 0.0 0.633339754096588
29744.51209887296 319509.362639259 798.7734065981475 0.0 0.633339754096588
29744.51209887296 319509.362639259 798.7734065981475 0.0 0.633339754096588
29744.51209887296 319509.362639259 798.7734065981475 0.0022662163573358 0.6356059704539239
29744.51209887296 319509.362639259 798.7734065981475 0.0010368282073884565 0.6366427986613123
29744.51209887296 319509.362639259 798.7734065981475 0.0016597261032766067 0.6383025247645889
29744.51209887296 319509.362639259 798.7734065981475 0.005523675381530828 0.6438262001461198
29744.51209887296 319509.362639259 798.7734065981475 0.0002318587352116172 0.6440580588813314
29744.51209887296 319509.362639259 798.7734065981475 0.0 0.6440580588813314
29744.51209887296 319509.362639259 798.7734065981475 0.004479003349944476 0.6485370622312758
29744.51209887296 319509.362639259 798.7734065981475 0.0 0.6485370622312758
29744.51209887296 319509.362639259 798.7734065981475 0.0 0.6485370622312758
29744.51209887296 319509.362639259 798.7734065981475 0.0 0.6485370622312758
29744.51209887296 319509.362639259 798.7734065981475 0.0 0.6485370622312758
29744.51209887296 319509.362639259 798.7734065981475 0.000338018263714973 0.6488750804949908
29744.51209887296 319509.362639259 798.7734065981475 0.0 0.6488750804949908
29744.51209887296 319509.362639259 798.7734065981475 0.0005868017912696064 0.6494618822862603
29744.51209887296 319509.362639259 798.7734065981475 0.0017563944199216462 0.6512182767061819
29744.51209887296 319509.362639259 798.7734065981475 0.0 0.6512182767061819
29744.51209887296 319509.362639259 798.7734065981475 0.0 0.6512182767061819
29744.51209887296 319509.362639259 798.7734065981475 0.008228454572685364 0.6594467312788673
29744.51209887296 319509.362639259 798.7734065981475 0.0 0.6594467312788673
29744.51209887296 319509.362639259 798.7734065981475 0.0 0.6594467312788673
29744.51209887296 319509.362639259 798.7734065981475 0.0 0.6594467312788673
29744.51209887296 319509.362639259 798.7734065981475 0.0001839938377429346 0.6596307251166103
29744.51209887296 319509.362639259 798.7734065981475 0.0 0.6596307251166103
29744.51209887296 319509.362639259 798.7734065981475 0.0 0.6596307251166103
29744.51209887296 319509.362639259 798.7734065981475 0.0003958917052128752 0.6600266168218232
29744.51209887296 319509.362639259 798.7734065981475 0.0015835668208515007 0.6616101836426747
29744.51209887296 319509.362639259 798.7734065981475 0.0014719507019434767 0.6630821343446182
29744.51209887296 319509.362639259 798.7734065981475 0.0005204131614582655 0.6636025475060764
29744.51209887296 319509.362639259 798.7734065981475 3.5409630583371875e-05 0.6636379571366597
29744.51209887296 319509.362639259 798.7734065981475 0.010816584438879137 0.6744545415755389
29744.51209887296 319509.362639259 798.7734065981475 0.0 0.6744545415755389
29744.51209887296 319509.362639259 798.7734065981475 0.0 0.6744545415755389
29744.51209887296 319509.362639259 798.7734065981475 0.0 0.6744545415755389
29744.51209887296 319509.362639259 798.7734065981475 0.026393337229315306 0.7008478788048542
29744.51209887296 319509.362639259 798.7734065981475 0.0 0.7008478788048542
29744.51209887296 319509.362639259 798.7734065981475 0.0016597261032766067 0.7025076049081308
29744.51209887296 319509.362639259 798.7734065981475 0.0023472071650784258 0.7048548120732092
29744.51209887296 319509.362639259 798.7734065981475 0.00010015355961925126 0.7049549656328284
29744.51209887296 319509.362639259 798.7734065981475 0.00010015355961925126 0.7050551191924477
29744.51209887296 319509.362639259 798.7734065981475 0.003510021493280033 0.7085651406857277
29744.51209887296 319509.362639259 798.7734065981475 0.0 0.7085651406857277
29744.51209887296 319509.362639259 798.7734065981475 0.0 0.7085651406857277
29744.51209887296 319509.362639259 798.7734065981475 0.0 0.7085651406857277
29744.51209887296 319509.362639259 798.7734065981475 0.0 0.7085651406857277
29744.51209887296 319509.362639259 798.7734065981475 0.0029091980135156383 0.7114743386992434
29744.51209887296 319509.362639259 798.7734065981475 0.01944739577454504 0.7309217344737884
29744.51209887296 319509.362639259 798.7734065981475 0.014615558261724036 0.7455372927355124
29744.51209887296 319509.362639259 798.7734065981475 0.0005204131614582655 0.7460577058969706
29744.51209887296 319509.362639259 798.7734065981475 0.025358379558676765 0.7714160854556474
29744.51209887296 319509.362639259 798.7734065981475 0.0007272995033789096 0.7721433849590263
29744.51209887296 319509.362639259 798.7734065981475 0.0 0.7721433849590263
29744.51209887296 319509.362639259 798.7734065981475 0.0 0.7721433849590263
29744.51209887296 319509.362639259 798.7734065981475 0.00013996885468576487 0.7722833538137122
29744.51209887296 319509.362639259 798.7734065981475 0.0008012284769540101 0.7730845822906661
29744.51209887296 319509.362639259 798.7734065981475 0.00010015355961925126 0.7731847358502854
29744.51209887296 319509.362639259 798.7734065981475 0.0001839938377429346 0.7733687296880283
29744.51209887296 319509.362639259 798.7734065981475 0.0 0.7733687296880283
29744.51209887296 319509.362639259 798.7734065981475 0.001380918845382707 0.774749648533411
29744.51209887296 319509.362639259 798.7734065981475 3.5409630583371875e-05 0.7747850581639943
29744.51209887296 319509.362639259 798.7734065981475 0.0 0.7747850581639943
29744.51209887296 319509.362639259 798.7734065981475 0.0 0.7747850581639943
29744.51209887296 319509.362639259 798.7734065981475 0.010369037862206002 0.7851540960262003
29744.51209887296 319509.362639259 798.7734065981475 0.0015835668208515007 0.7867376628470518
29744.51209887296 319509.362639259 798.7734065981475 0.0 0.7867376628470518
29744.51209887296 319509.362639259 798.7734065981475 0.0 0.7867376628470518
29744.51209887296 319509.362639259 798.7734065981475 3.5409630583371875e-05 0.7867730724776352
29744.51209887296 319509.362639259 798.7734065981475 0.0 0.7867730724776352
29744.51209887296 319509.362639259 798.7734065981475 0.0008775053733200083 0.7876505778509552
29744.51209887296 319509.362639259 798.7734065981475 0.0023472071650784258 0.7899977850160336
29744.51209887296 319509.362639259 798.7734065981475 0.0 0.7899977850160336
29744.51209887296 319509.362639259 798.7734065981475 0.0032049139078160404 0.7932026989238496
29744.51209887296 319509.362639259 798.7734065981475 0.004479003349944476 0.7976817022737941
29744.51209887296 319509.362639259 798.7734065981475 0.001119750837486119 0.7988014531112803
29744.51209887296 319509.362639259 798.7734065981475 0.000338018263714973 0.7991394713749952
29744.51209887296 319509.362639259 798.7734065981475 0.001564899369050801 0.800704370744046
29744.51209887296 319509.362639259 798.7734065981475 0.0001839938377429346 0.8008883645817889
29744.51209887296 319509.362639259 798.7734065981475 0.0 0.8008883645817889
29744.51209887296 319509.362639259 798.7734065981475 0.00010015355961925126 0.8009885181414081
29744.51209887296 319509.362639259 798.7734065981475 0.0 0.8009885181414081
29744.51209887296 319509.362639259 798.7734065981475 0.0023472071650784258 0.8033357253064866
29744.51209887296 319509.362639259 798.7734065981475 0.0 0.8033357253064866
29744.51209887296 319509.362639259 798.7734065981475 0.0 0.8033357253064866
29744.51209887296 319509.362639259 798.7734065981475 0.0001839938377429346 0.8035197191442295
29744.51209887296 319509.362639259 798.7734065981475 0.005523675381530828 0.8090433945257604
29744.51209887296 319509.362639259 798.7734065981475 0.0012047733286955403 0.8102481678544559
29744.51209887296 319509.362639259 798.7734065981475 0.0 0.8102481678544559
29744.51209887296 319509.362639259 798.7734065981475 0.0 0.8102481678544559
29744.51209887296 319509.362639259 798.7734065981475 0.0002318587352116172 0.8104800265896674
29744.51209887296 319509.362639259 798.7734065981475 0.0 0.8104800265896674
29744.51209887296 319509.362639259 798.7734065981475 0.0005868017912696064 0.811066828380937
29744.51209887296 319509.362639259 798.7734065981475 0.0 0.811066828380937
29744.51209887296 319509.362639259 798.7734065981475 3.5409630583371875e-05 0.8111022380115204
29744.51209887296 319509.362639259 798.7734065981475 0.0 0.8111022380115204
29744.51209887296 319509.362639259 798.7734065981475 0.0 0.8111022380115204
29744.51209887296 319509.362639259 798.7734065981475 0.001119750837486119 0.8122219888490065
29744.51209887296 319509.362639259 798.7734065981475 0.010842959958259863 0.8230649488072664
29744.51209887296 319509.362639259 798.7734065981475 0.0 0.8230649488072664
29744.51209887296 319509.362639259 798.7734065981475 0.00013996885468576487 0.8232049176619523
29744.51209887296 319509.362639259 798.7734065981475 0.0 0.8232049176619523
29744.51209887296 319509.362639259 798.7734065981475 0.0 0.8232049176619523
29744.51209887296 319509.362639259 798.7734065981475 0.003510021493280033 0.8267149391552323
29744.51209887296 319509.362639259 798.7734065981475 0.0007359753509717384 0.827450914506204
29744.51209887296 319509.362639259 798.7734065981475 0.004819093314782161 0.8322700078209861
29744.51209887296 319509.362639259 798.7734065981475 0.0 0.8322700078209861
29744.51209887296 319509.362639259 798.7734065981475 0.0 0.8322700078209861
29744.51209887296 319509.362639259 798.7734065981475 0.01324755631749129 0.8455175641384775
29744.51209887296 319509.362639259 798.7734065981475 0.09309433643250042 0.9386119005709779
29744.51209887296 319509.362639259 798.7734065981475 0.0005868017912696064 0.9391987023622475
29744.51209887296 319509.362639259 798.7734065981475 0.0 0.9391987023622475
29744.51209887296 319509.362639259 798.7734065981475 0.0 0.9391987023622475
29744.51209887296 319509.362639259 798.7734065981475 0.047217278576295554 0.986415980938543
29744.51209887296 319509.362639259 798.7734065981475 0.0 0.986415980938543
29744.51209887296 319509.362639259 798.7734065981475 0.0015835668208515007 0.9879995477593945
29744.51209887296 319509.362639259 798.7734065981475 0.0 0.9879995477593945
29744.51209887296 319509.362639259 798.7734065981475 0.000338018263714973 0.9883375660231094
29744.51209887296 319509.362639259 798.7734065981475 0.00949308355885841 0.9978306495819678
29744.51209887296 319509.362639259 798.7734065981475 0.0 0.9978306495819678
29744.51209887296 319509.362639259 798.7734065981475 0.0012918450447115166 0.9991224946266792
29744.51209887296 319509.362639259 798.7734065981475 0.0008775053733200083 0.9999999999999992
101's generation extracting best parents:
256.0
145.9314907756376
0
0
0
0
0
0
0
7776.0
0
4500.0
4829.906831399546
0
0
0
0
0
3456.0
0
0
0
0
74.08103670980853
0
0
0
0
331.2763197090912
0
0
0
1372.0
0
0
6885.449004966924
0
0
0
0
0
232.379000772445
4.0
187.48866632412745
4.0
74.08103670980853
0
0
0
0
126.49110640673517
0
0
280.3711825420009
0
0
0
0
0
0
12348.0
1651.0263474578471
0
0
1325.1052788363647
0
235.1510153071851
0
1651.0263474578471
0
0
0
0
0
441.2165001447702
0
44.721359549995796
18001.691920483474
0
0
145.9314907756376
0
331.2763197090912
280.3711825420009
0
0
3600.995417936546
145.9314907756376
2761.6111239636907
0
0
3033.1290773720793
0
0
0
209.53281365934072
0
26105.018674576735
108.0
0
0
0
0
256.0
4355.0577493300825
0
0
0
1221.8805178903542
0
0
32.0
0
583.7259631025504
32.0
331.2763197090912
0
280.3711825420009
0
0
0
0
108.0
0
0
384.93635837629057
0
0
0
0
0
0
0
0
0
0
0
0
187.48866632412745
0
0
500.0
0
187.48866632412745
13111.662594804673
232.379000772445
0
10867.290370648978
0
0
0
0
0
0
0
0
0
280.3711825420009
0
0
0
0
1764.8660005790807
0
0
11.313708498984761
864.0
0
0
0
0
441.2165001447702
0
0
0
0
0
0
8102.239690357228
0
0
0
0
0
0
0
0
0
0
505.9644256269407
0
74.08103670980853
0
0
0
0
0
32.0
0
0
0
0
0
0
0
0
5488.0
0
0
0
280.3711825420009
0
0
0
0
0
3970.9485013029316
0
90.50966799187809
3219.937887599697
0
0
0
0
145.9314907756376
0
0
0
0
0
0
0
9451.011374450885
232.379000772445
0
0
0
0
1024.0
1431.0835055998655
2498.71647051041
0
209.53281365934072
280.3711825420009
828.2511696339462
145.9314907756376
1325.1052788363647
357.77087639996637
0
1121.4847301680036
256.0
0
108.0
0
0
44.721359549995796
10150.914835619498
74.08103670980853
0
0
280.3711825420009
0
0
256.0
6213.625028918304
0
0
0
0
561.1844616523163
384.93635837629057
0
108.0
0
0
3313.004678535785
758.2822693430198
44.721359549995796
0
0
0
724.0773439350247
331.2763197090912
530.2980294136496
1764.8660005790807
74.08103670980853
0
1431.0835055998655
0
0
0
0
108.0
0
187.48866632412745
561.1844616523163
0
0
2629.0682760247973
0
0
0
58.787753826796276
0
0
126.49110640673517
505.9644256269407
470.3020306143702
166.27687752661222
11.313708498984761
3456.0
0
0
0
8432.91835606156
0
530.2980294136496
749.9546652965098
32.0
32.0
1121.4847301680036
0
0
0
0
929.51600308978
6213.625028918304
4669.807704820403
166.27687752661222
8102.239690357228
232.379000772445
0
0
44.721359549995796
256.0
32.0
58.787753826796276
0
441.2165001447702
11.313708498984761
0
0
3313.004678535785
505.9644256269407
0
0
11.313708498984761
0
280.3711825420009
749.9546652965098
0
1024.0
1431.0835055998655
357.77087639996637
108.0
500.0
58.787753826796276
0
32.0
0
749.9546652965098
0
0
58.787753826796276
1764.8660005790807
384.93635837629057
0
0
74.08103670980853
0
187.48866632412745
0
11.313708498984761
0
0
357.77087639996637
3464.427225386615
0
44.721359549995796
0
0
1121.4847301680036
235.1510153071851
1539.7454335051623
0
0
4232.718275529332
29744.51209887296
187.48866632412745
0
0
15086.362583472532
0
505.9644256269407
0
108.0
3033.1290773720793
0
412.7565868644618
280.3711825420009
