0 0 50 0 1.0 0.0
1 0 50 0 1.0 0.0
2 1 29 4 156.16977940690063 624.6791176276025
3 0 50 0 1.0 0.0
4 0 50 0 1.0 0.0
5 5 87 100 811.4819776187269 81148.1977618727
6 5 150 100 1000.0 100000.0
7 11 163 484 2081.044689573004 1007225.6297533339
8 2 26 16 132.5745073534124 2121.1921176545984
9 0 50 0 1.0 0.0
10 0 50 0 1.0 0.0
11 0 50 0 1.0 0.0
12 2 55 16 11.180339887498949 178.88543819998318
13 1 19 4 82.8190799272728 331.2763197090912
14 1 52 4 2.8284271247461903 11.313708498984761
15 3 30 36 164.31676725154983 5915.403621055794
16 2 27 16 140.29611541307906 2244.737846609265
17 1 53 4 5.196152422706632 20.784609690826528
18 0 50 0 1.0 0.0
19 0 6 0 14.696938456699069 0.0
20 0 50 0 1.0 0.0
21 0 50 0 1.0 0.0
22 1 51 4 1.0 4.0
23 0 50 0 1.0 0.0
24 0 50 0 1.0 0.0
25 0 50 0 1.0 0.0
26 4 29 64 156.16977940690063 9994.86588204164
27 2 42 16 272.19110933313016 4355.0577493300825
28 0 50 0 1.0 0.0
29 0 50 0 1.0 0.0
30 14 214 784 3130.5501114021476 2454351.2873392836
31 0 50 0 1.0 0.0
32 4 35 64 207.06279240848656 13252.01871414314
33 0 8 0 22.627416997969522 0.0
34 8 101 256 1015.0374377332099 259849.58405970174
35 2 11 16 36.4828726939094 583.7259631025504
36 1 52 4 2.8284271247461903 11.313708498984761
37 0 50 0 1.0 0.0
38 4 80 64 164.31676725154983 10516.27310409919
39 0 50 0 1.0 0.0
40 0 50 0 1.0 0.0
41 0 50 0 1.0 0.0
42 0 50 0 1.0 0.0
43 1 12 4 41.569219381653056 166.27687752661222
44 1 24 4 117.57550765359255 470.3020306143702
45 4 48 64 332.55375505322445 21283.440323406365
46 3 30 36 164.31676725154983 5915.403621055794
47 1 25 4 125.0 500.0
48 2 16 16 64.0 1024.0
49 1 57 4 18.520259177452132 74.08103670980853
50 0 50 0 1.0 0.0
51 0 50 0 1.0 0.0
52 13 192 676 2660.4300404257956 1798450.7073278378
53 0 9 0 27.0 0.0
54 1 55 4 11.180339887498949 44.721359549995796
55 1 57 4 18.520259177452132 74.08103670980853
56 2 27 16 140.29611541307906 2244.737846609265
57 10 116 400 1249.358235255205 499743.294102082
58 3 24 36 117.57550765359255 4232.718275529332
59 5 67 100 548.4186357154541 54841.863571545415
60 3 32 36 181.01933598375618 6516.696095415223
61 0 50 0 1.0 0.0
62 0 50 0 1.0 0.0
63 1 52 4 2.8284271247461903 11.313708498984761
64 0 50 0 1.0 0.0
65 2 60 16 31.622776601683793 505.9644256269407
66 0 50 0 1.0 0.0
67 0 50 0 1.0 0.0
68 6 67 144 548.4186357154541 78972.28354302539
69 6 70 144 585.6620185738528 84335.33067463481
70 3 19 36 82.8190799272728 2981.4868773818207
71 15 164 900 2100.2247498779743 1890202.274890177
72 8 118 256 1281.8080979616254 328142.8730781761
73 0 50 0 1.0 0.0
74 2 56 16 14.696938456699069 235.1510153071851
75 4 103 64 385.84582413186746 24694.132744439517
76 2 24 16 117.57550765359255 1881.2081224574808
77 1 29 4 156.16977940690063 624.6791176276025
78 0 50 0 1.0 0.0
79 5 34 100 198.25236442474022 19825.236442474023
80 1 62 4 41.569219381653056 166.27687752661222
81 4 96 64 311.9871792237623 19967.17947032079
82 0 50 0 1.0 0.0
83 1 10 4 31.622776601683793 126.49110640673517
84 5 53 100 385.84582413186746 38584.58241318675
85 0 9 0 27.0 0.0
86 1 56 4 14.696938456699069 58.787753826796276
87 0 50 0 1.0 0.0
88 1 50 4 1.0 4.0
89 4 73 64 623.7122734081797 39917.5854981235
90 3 30 36 164.31676725154983 5915.403621055794
91 0 50 0 1.0 0.0
92 7 111 196 1169.4575665666541 229213.6830470642
93 0 50 0 1.0 0.0
94 8 382 256 1516.5645386860397 388240.52190362616
95 1 9 4 27.0 108.0
96 13 142 676 1692.125290869444 1143876.696627744
97 2 55 16 11.180339887498949 178.88543819998318
98 3 27 36 140.29611541307906 5050.660154870846
99 1 56 4 14.696938456699069 58.787753826796276
100 1 58 4 22.627416997969522 90.50966799187809
101 7 80 196 715.5417527999327 140246.18354878682
102 0 50 0 1.0 0.0
103 9 153 324 1892.505482158506 613171.776219356
104 7 92 196 882.4330002895404 172956.86805674993
105 0 6 0 14.696938456699069 0.0
106 2 67 16 70.09279563550022 1121.4847301680036
107 3 25 36 125.0 4500.0
108 1 56 4 14.696938456699069 58.787753826796276
109 5 31 100 172.60069524773067 17260.069524773065
110 11 146 484 1764.1247121448075 853836.3606780869
111 0 50 0 1.0 0.0
112 1 54 4 8.0 32.0
113 1 54 4 8.0 32.0
114 1 56 4 14.696938456699069 58.787753826796276
115 2 61 16 36.4828726939094 583.7259631025504
116 6 95 144 925.9454627568516 133336.14663698664
117 0 50 0 1.0 0.0
118 1 6 4 14.696938456699069 58.787753826796276
119 15 158 900 1986.0292042162926 1787426.2837946634
120 0 50 0 1.0 0.0
121 8 53 256 385.84582413186746 98776.53097775807
122 0 6 0 14.696938456699069 0.0
123 2 77 16 140.29611541307906 2244.737846609265
124 1 54 4 8.0 32.0
125 0 50 0 1.0 0.0
126 0 50 0 1.0 0.0
127 0 50 0 1.0 0.0
128 0 50 0 1.0 0.0
129 0 50 0 1.0 0.0
130 0 6 0 14.696938456699069 0.0
131 10 93 400 896.8595207723448 358743.80830893794
132 2 19 16 82.8190799272728 1325.1052788363647
133 0 50 0 1.0 0.0
134 1 53 4 5.196152422706632 20.784609690826528
135 2 13 16 46.87216658103186 749.9546652965098
136 2 20 16 89.44271909999159 1431.0835055998655
137 0 50 0 1.0 0.0
138 9 103 324 1045.3358312044986 338688.80931025755
139 6 100 144 1000.0 144000.0
140 0 50 0 1.0 0.0
141 0 50 0 1.0 0.0
142 6 128 144 1448.1546878700494 208534.27505328713
143 4 50 64 353.5533905932738 22627.41699796952
144 1 55 4 11.180339887498949 44.721359549995796
145 8 97 256 955.3392067742221 244566.83693420087
146 10 188 400 2577.7261297507926 1031090.451900317
147 4 60 64 464.75800154489 29744.51209887296
148 0 50 0 1.0 0.0
149 8 98 256 970.1505037879432 248358.52896971346
150 0 50 0 1.0 0.0
151 5 39 100 243.55492193753753 24355.49219375375
152 2 60 16 31.622776601683793 505.9644256269407
153 10 133 400 1533.830825091216 613532.3300364864
154 0 50 0 1.0 0.0
155 0 50 0 1.0 0.0
156 8 82 256 742.5415813272682 190090.64481978066
157 2 15 16 58.09475019311125 929.51600308978
158 0 50 0 1.0 0.0
159 1 19 4 82.8190799272728 331.2763197090912
160 1 7 4 18.520259177452132 74.08103670980853
161 2 81 16 172.60069524773067 2761.6111239636907
162 1 15 4 58.09475019311125 232.379000772445
163 7 61 196 476.42523023030594 93379.34512513997
164 2 25 16 125.0 2000.0
165 6 69 144 573.1570465413472 82534.614701954
166 4 69 64 573.1570465413472 36682.05097864622
167 8 88 256 825.5131737289236 211331.37247460443
168 7 80 196 715.5417527999327 140246.18354878682
169 9 101 324 1015.0374377332099 328872.12982556
170 0 50 0 1.0 0.0
171 5 49 100 343.0 34300.0
172 1 7 4 18.520259177452132 74.08103670980853
173 1 57 4 18.520259177452132 74.08103670980853
174 7 118 196 1281.8080979616254 251234.38720047858
175 0 50 0 1.0 0.0
176 0 50 0 1.0 0.0
177 5 133 100 756.1659870689768 75616.59870689768
178 0 10 0 31.622776601683793 0.0
179 1 10 4 31.622776601683793 126.49110640673517
180 4 96 64 311.9871792237623 19967.17947032079
181 3 32 36 181.01933598375618 6516.696095415223
182 0 50 0 1.0 0.0
183 3 34 36 198.25236442474022 7137.085119290648
184 4 44 64 291.8629815512752 18679.230819281613
185 0 50 0 1.0 0.0
186 0 6 0 14.696938456699069 0.0
187 10 139 400 1638.785831034672 655514.3324138687
188 0 10 0 31.622776601683793 0.0
189 1 28 4 148.16207341961706 592.6482936784682
190 1 53 4 5.196152422706632 20.784609690826528
191 6 110 144 1153.6897329871667 166131.321550152
192 0 50 0 1.0 0.0
193 1 10 4 31.622776601683793 126.49110640673517
194 0 50 0 1.0 0.0
195 0 50 0 1.0 0.0
196 0 50 0 1.0 0.0
197 0 50 0 1.0 0.0
198 0 50 0 1.0 0.0
199 1 54 4 8.0 32.0
200 3 54 36 396.81733833087486 14285.424179911495
201 1 57 4 18.520259177452132 74.08103670980853
202 8 112 256 1185.2965873569365 303435.92636337574
203 5 47 100 322.21576621884907 32221.576621884906
204 5 49 100 343.0 34300.0
205 1 16 4 64.0 256.0
206 5 81 100 729.0 72900.0
207 12 154 576 1911.089741482592 1100787.691093973
208 4 74 64 636.5720697611544 40740.61246471388
209 6 60 144 464.75800154489 66925.15222246417
210 1 54 4 8.0 32.0
211 9 412 324 2061.9233739399724 668063.1731565511
212 11 112 484 1185.2965873569365 573683.5482807573
213 0 50 0 1.0 0.0
214 0 50 0 1.0 0.0
215 0 50 0 1.0 0.0
216 8 122 256 1347.5340440968457 344968.7152887925
217 0 50 0 1.0 0.0
218 0 50 0 1.0 0.0
219 0 50 0 1.0 0.0
220 0 50 0 1.0 0.0
221 12 110 576 1153.6897329871667 664525.286200608
222 5 75 100 649.519052838329 64951.9052838329
223 6 52 144 374.9773326482549 53996.73590134871
224 5 64 100 512.0 51200.0
225 11 120 484 1314.5341380123987 636234.522798001
226 12 192 576 2660.4300404257956 1532407.7032852583
227 3 79 36 156.16977940690063 5622.112058648423
228 9 392 324 1692.125290869444 548248.5942416998
229 0 50 0 1.0 0.0
230 13 171 676 2236.1151580363658 1511613.8468325832
231 3 44 36 291.8629815512752 10507.067335845906
232 6 313 144 500.0469977912076 72006.7676819339
233 2 68 16 76.36753236814714 1221.8805178903542
234 6 94 144 911.3638131942698 131236.38909997485
235 7 83 196 756.1659870689768 148208.53346551946
236 6 65 144 524.0467536394058 75462.73252407444
237 0 11 0 36.4828726939094 0.0
238 1 9 4 27.0 108.0
239 8 83 256 756.1659870689768 193578.49268965807
240 5 57 100 430.34056281043274 43034.056281043275
241 4 90 64 252.98221281347034 16190.861620062102
242 9 343 324 896.8595207723448 290582.4847302397
243 3 13 36 46.87216658103186 1687.397996917147
244 10 92 400 882.4330002895404 352973.20011581614
245 8 317 256 548.4186357154541 140395.17074315625
246 0 50 0 1.0 0.0
247 3 20 36 89.44271909999159 3219.937887599697
248 6 317 144 548.4186357154541 78972.28354302539
249 8 112 256 1185.2965873569365 303435.92636337574
250 4 81 64 172.60069524773067 11046.444495854763
251 3 24 36 117.57550765359255 4232.718275529332
252 11 127 484 1431.21731403725 692709.179994029
253 2 14 16 52.38320341483518 838.1312546373629
254 4 38 64 234.2477321128211 14991.85485522055
255 8 138 256 1621.132937176961 415010.031917302
256 6 70 144 585.6620185738528 84335.33067463481
257 11 109 484 1137.99340947125 550788.810184085
258 9 84 324 769.8727167525811 249438.7602278363
259 8 83 256 756.1659870689768 193578.49268965807
260 8 335 256 783.6612788698955 200617.28739069324
261 5 99 100 343.0 34300.0
262 1 59 4 27.0 108.0
263 0 50 0 1.0 0.0
264 0 50 0 1.0 0.0
265 6 87 144 811.4819776187269 116853.40477709667
266 3 23 36 110.30412503619254 3970.9485013029316
267 6 104 144 1060.5960588272992 152725.83247113109
268 2 26 16 132.5745073534124 2121.1921176545984
269 6 96 144 940.6040612287404 135446.9848169386
270 11 148 484 1800.497708968273 871440.8911406441
271 3 35 36 207.06279240848656 7454.260526705516
272 12 138 576 1621.132937176961 933772.5718139295
273 4 58 64 441.7148401401067 28269.749768966827
274 8 86 256 797.5311906126306 204167.98479683342
275 7 346 196 940.6040612287404 184358.39600083313
276 4 46 64 311.9871792237623 19967.17947032079
277 7 75 196 649.519052838329 127305.73435631249
278 10 143 400 1710.0312862634999 684012.5145054
279 9 345 324 925.9454627568516 300006.32993321994
280 5 33 100 189.57056733575496 18957.056733575497
281 6 76 144 662.5526394181824 95407.58007621826
282 7 70 196 585.6620185738528 114789.75564047515
283 10 91 400 868.0846732894205 347233.8693157682
284 5 65 100 524.0467536394058 52404.67536394058
285 0 50 0 1.0 0.0
286 2 21 16 96.23408959407264 1539.7454335051623
287 12 172 576 2255.7588523598884 1299317.0989592958
288 13 133 676 1533.830825091216 1036869.637761662
289 7 99 196 985.0375627355537 193067.36229616852
290 11 148 484 1800.497708968273 871440.8911406441
291 7 67 196 548.4186357154541 107490.05260022901
292 5 61 100 476.42523023030594 47642.5230230306
293 6 70 144 585.6620185738528 84335.33067463481
294 3 73 36 110.30412503619254 3970.9485013029316
295 4 51 64 364.21284985568536 23309.622390763863
296 4 38 64 234.2477321128211 14991.85485522055
297 9 113 324 1201.2064768390153 389190.89849584096
298 8 88 256 825.5131737289236 211331.37247460443
299 8 92 256 882.4330002895404 225902.84807412233
300 10 135 400 1568.5582552140038 627423.3020856015
301 5 73 100 623.7122734081797 62371.227340817975
302 10 134 400 1551.1621449738902 620464.857989556
303 2 11 16 36.4828726939094 583.7259631025504
304 0 50 0 1.0 0.0
305 4 46 64 311.9871792237623 19967.17947032079
306 8 130 256 1482.2280526288794 379450.3814729931
307 11 127 484 1431.21731403725 692709.179994029
308 12 125 576 1397.5424859373686 804984.4718999243
309 11 137 484 1603.5438877685885 776115.2416799968
310 6 79 144 702.1673589679315 101112.09969138213
311 9 97 324 955.3392067742221 309529.902994848
312 7 107 196 1106.8166063083802 216936.05483644252
313 6 49 144 343.0 49392.0
314 3 75 36 125.0 4500.0
315 9 86 324 797.5311906126306 258400.1057584923
316 5 50 100 353.5533905932738 35355.33905932738
317 9 83 324 756.1659870689768 244997.7798103485
318 11 188 484 2577.7261297507926 1247619.4467993835
319 3 20 36 89.44271909999159 3219.937887599697
320 6 38 144 234.2477321128211 33731.67342424624
321 11 147 484 1782.2802809883747 862623.6559983733
322 8 62 256 488.18848818873226 124976.25297631546
323 0 50 0 1.0 0.0
324 9 94 324 911.3638131942698 295281.87547494343
325 0 50 0 1.0 0.0
326 8 75 256 649.519052838329 166276.87752661222
327 7 79 196 702.1673589679315 137624.80235771457
328 13 192 676 2660.4300404257956 1798450.7073278378
329 5 93 100 281.96985654498604 28196.985654498603
330 13 194 676 2702.1073257737194 1826624.5522230342
331 0 50 0 1.0 0.0
332 9 101 324 1015.0374377332099 328872.12982556
333 4 43 64 281.96985654498604 18046.070818879107
334 8 349 256 985.0375627355537 252169.61606030175
335 5 55 100 407.8909167902615 40789.09167902615
336 13 114 676 1217.1869207315694 822818.358414541
337 8 102 256 1030.1495037129318 263718.27295051055
338 1 10 4 31.622776601683793 126.49110640673517
339 5 36 100 216.0 21600.0
340 3 71 36 96.23408959407264 3464.427225386615
341 15 128 900 1448.1546878700494 1303339.2190830444
342 9 139 324 1638.785831034672 530966.6092552337
343 7 130 196 1482.2280526288794 290516.69831526035
344 10 104 400 1060.5960588272992 424238.4235309197
345 11 107 484 1106.8166063083802 535699.237453256
346 8 331 256 729.0 186624.0
347 5 65 100 524.0467536394058 52404.67536394058
348 7 60 196 464.75800154489 91092.56830279845
349 6 87 144 811.4819776187269 116853.40477709667
350 7 129 196 1465.1583532164707 287171.03723042825
351 6 68 144 560.7423650840018 80746.90057209626
352 8 95 256 925.9454627568516 237042.038465754
353 4 28 64 148.16207341961706 9482.372698855492
354 8 56 256 419.06562731868144 107280.80059358245
355 5 36 100 216.0 21600.0
356 13 132 676 1516.5645386860397 1025197.6281517628
357 5 84 100 198.25236442474022 19825.236442474023
358 7 65 196 524.0467536394058 102713.16371332353
359 8 115 256 1233.2376088978149 315708.8278778406
360 4 33 64 189.57056733575496 12132.516309488317
361 10 117 400 1265.5484976878602 506219.3990751441
362 4 46 64 311.9871792237623 19967.17947032079
363 9 97 324 955.3392067742221 309529.902994848
364 10 107 400 1106.8166063083802 442726.64252335206
365 13 121 676 1331.0 899756.0
366 6 48 144 332.55375505322445 47887.74072766432
367 6 73 144 623.7122734081797 89814.56737077788
368 10 181 400 2435.1059525203414 974042.3810081366
369 12 166 576 2138.760388636371 1231925.9838545497
370 10 114 400 1217.1869207315694 486874.76829262776
371 12 151 576 1855.5190648441207 1068778.9813502135
372 9 83 324 756.1659870689768 244997.7798103485
373 11 128 484 1448.1546878700494 700906.868929104
374 9 110 324 1153.6897329871667 373795.473487842
375 7 109 196 1137.99340947125 223046.708256365
376 10 119 400 1298.13674164165 519254.69665665994
377 13 133 676 1533.830825091216 1036869.637761662
378 6 100 144 1000.0 144000.0
379 12 168 576 2177.5288746650413 1254256.6318070637
380 13 173 676 2275.4597337681016 1538210.7800272368
381 9 120 324 1314.5341380123987 425909.06071601715
382 10 135 400 1568.5582552140038 627423.3020856015
383 11 159 484 2004.9137138540402 970378.2375053555
384 9 90 324 853.8149682454624 276636.0497115298
385 11 116 484 1249.358235255205 604689.3858635193
386 13 189 676 2598.3204190399615 1756464.603271014
387 8 96 256 940.6040612287404 240794.63967455755
388 10 105 400 1075.929830425758 430371.9321703032
389 13 189 676 2598.3204190399615 1756464.603271014
390 10 135 400 1568.5582552140038 627423.3020856015
391 11 99 484 985.0375627355537 476758.180364008
392 7 100 196 1000.0 196000.0
393 9 136 324 1586.0189153979218 513870.12858892663
394 14 138 784 1621.132937176961 1270968.2227467373
395 6 357 144 1106.8166063083802 159381.59130840676
396 6 307 144 430.34056281043274 61969.04104470232
397 12 131 576 1499.363531636007 863633.3942223401
398 9 102 324 1030.1495037129318 333768.4392029899
399 4 30 64 164.31676725154983 10516.27310409919
901's generation fitness ratios and roulette cutoffs:
2454351.2873392836 84566753.63163473 211416.88407908683 0.0 0.0
2454351.2873392836 84566753.63163473 211416.88407908683 0.0 0.0
2454351.2873392836 84566753.63163473 211416.88407908683 7.386816813953263e-06 7.386816813953263e-06
2454351.2873392836 84566753.63163473 211416.88407908683 0.0 7.386816813953263e-06
2454351.2873392836 84566753.63163473 211416.88407908683 0.0 7.386816813953263e-06
2454351.2873392836 84566753.63163473 211416.88407908683 0.0009595756520978331 0.0009669624689117864
2454351.2873392836 84566753.63163473 211416.88407908683 0.001182497798550848 0.0021494602674626342
2454351.2873392836 84566753.63163473 211416.88407908683 0.01191042089827309 0.014059881165735724
2454351.2873392836 84566753.63163473 211416.88407908683 2.508305009429974e-05 0.014084964215830022
2454351.2873392836 84566753.63163473 211416.88407908683 0.0 0.014084964215830022
2454351.2873392836 84566753.63163473 211416.88407908683 0.0 0.014084964215830022
2454351.2873392836 84566753.63163473 211416.88407908683 0.0 0.014084964215830022
2454351.2873392836 84566753.63163473 211416.88407908683 2.115316368642839e-06 0.014087079532198666
2454351.2873392836 84566753.63163473 211416.88407908683 3.917335187680272e-06 0.014090996867386347
2454351.2873392836 84566753.63163473 211416.88407908683 1.33784353934955e-07 0.014091130651740282
2454351.2873392836 84566753.63163473 211416.88407908683 6.994951759438192e-05 0.014161080169334664
2454351.2873392836 84566753.63163473 211416.88407908683 2.654397561939227e-05 0.014187624144954057
2454351.2873392836 84566753.63163473 211416.88407908683 2.457775520314099e-07 0.014187869922506088
2454351.2873392836 84566753.63163473 211416.88407908683 0.0 0.014187869922506088
2454351.2873392836 84566753.63163473 211416.88407908683 0.0 0.014187869922506088
2454351.2873392836 84566753.63163473 211416.88407908683 0.0 0.014187869922506088
2454351.2873392836 84566753.63163473 211416.88407908683 0.0 0.014187869922506088
2454351.2873392836 84566753.63163473 211416.88407908683 4.729991194203392e-08 0.01418791722241803
2454351.2873392836 84566753.63163473 211416.88407908683 0.0 0.01418791722241803
2454351.2873392836 84566753.63163473 211416.88407908683 0.0 0.01418791722241803
2454351.2873392836 84566753.63163473 211416.88407908683 0.0 0.01418791722241803
2454351.2873392836 84566753.63163473 211416.88407908683 0.0001181890690232522 0.014306106291441282
2454351.2873392836 84566753.63163473 211416.88407908683 5.149846201144633e-05 0.014357604753452729
2454351.2873392836 84566753.63163473 211416.88407908683 0.0 0.014357604753452729
2454351.2873392836 84566753.63163473 211416.88407908683 0.0 0.014357604753452729
2454351.2873392836 84566753.63163473 211416.88407908683 0.029022649941491428 0.04338025469494416
2454351.2873392836 84566753.63163473 211416.88407908683 0.0 0.04338025469494416
2454351.2873392836 84566753.63163473 211416.88407908683 0.00015670482955828903 0.04353695952450245
2454351.2873392836 84566753.63163473 211416.88407908683 0.0 0.04353695952450245
2454351.2873392836 84566753.63163473 211416.88407908683 0.0030727156110495085 0.046609675135551955
2454351.2873392836 84566753.63163473 211416.88407908683 6.902546663257394e-06 0.046616577682215214
2454351.2873392836 84566753.63163473 211416.88407908683 1.33784353934955e-07 0.04661671146656915
2454351.2873392836 84566753.63163473 211416.88407908683 0.0 0.04661671146656915
2454351.2873392836 84566753.63163473 211416.88407908683 0.00012435469794556785 0.04674106616451472
2454351.2873392836 84566753.63163473 211416.88407908683 0.0 0.04674106616451472
2454351.2873392836 84566753.63163473 211416.88407908683 0.0 0.04674106616451472
2454351.2873392836 84566753.63163473 211416.88407908683 0.0 0.04674106616451472
2454351.2873392836 84566753.63163473 211416.88407908683 0.0 0.04674106616451472
2454351.2873392836 84566753.63163473 211416.88407908683 1.9662204162512794e-06 0.04674303238493097
2454351.2873392836 84566753.63163473 211416.88407908683 5.561311158554863e-06 0.046748593696089524
2454351.2873392836 84566753.63163473 211416.88407908683 0.00025167621328016376 0.04700026990936969
2454351.2873392836 84566753.63163473 211416.88407908683 6.994951759438192e-05 0.04707021942696407
2454351.2873392836 84566753.63163473 211416.88407908683 5.91248899275424e-06 0.047076131915956825
2454351.2873392836 84566753.63163473 211416.88407908683 1.2108777457160684e-05 0.04708824069341398
2454351.2873392836 84566753.63163473 211416.88407908683 8.760066282371315e-07 0.04708911670004222
2454351.2873392836 84566753.63163473 211416.88407908683 0.0 0.04708911670004222
2454351.2873392836 84566753.63163473 211416.88407908683 0.0 0.04708911670004222
2454351.2873392836 84566753.63163473 211416.88407908683 0.02126664002217384 0.06835575672221605
2454351.2873392836 84566753.63163473 211416.88407908683 0.0 0.06835575672221605
2454351.2873392836 84566753.63163473 211416.88407908683 5.288290921607098e-07 0.06835628555130821
2454351.2873392836 84566753.63163473 211416.88407908683 8.760066282371315e-07 0.06835716155793645
2454351.2873392836 84566753.63163473 211416.88407908683 2.654397561939227e-05 0.06838370553355584
2454351.2873392836 84566753.63163473 211416.88407908683 0.00590945345116261 0.07429315898471846
2454351.2873392836 84566753.63163473 211416.88407908683 5.005180042699376e-05 0.07434321078514546
2454351.2873392836 84566753.63163473 211416.88407908683 0.0006485038294177841 0.07499171461456323
2454351.2873392836 84566753.63163473 211416.88407908683 7.705978786653408e-05 0.07506877440242977
2454351.2873392836 84566753.63163473 211416.88407908683 0.0 0.07506877440242977
2454351.2873392836 84566753.63163473 211416.88407908683 0.0 0.07506877440242977
2454351.2873392836 84566753.63163473 211416.88407908683 1.33784353934955e-07 0.0750689081867837
2454351.2873392836 84566753.63163473 211416.88407908683 0.0 0.0750689081867837
2454351.2873392836 84566753.63163473 211416.88407908683 5.9830181944890165e-06 0.07507489120497819
2454351.2873392836 84566753.63163473 211416.88407908683 0.0 0.07507489120497819
2454351.2873392836 84566753.63163473 211416.88407908683 0.0 0.07507489120497819
2454351.2873392836 84566753.63163473 211416.88407908683 0.000933845514361609 0.0760087367193398
2454351.2873392836 84566753.63163473 211416.88407908683 0.0009972634286281347 0.07700600014796793
2454351.2873392836 84566753.63163473 211416.88407908683 3.525601668912245e-05 0.07704125616465705
2454351.2873392836 84566753.63163473 211416.88407908683 0.022351600288734393 0.09939285645339145
2454351.2873392836 84566753.63163473 211416.88407908683 0.003880282250250936 0.10327313870364238
2454351.2873392836 84566753.63163473 211416.88407908683 0.0 0.10327313870364238
2454351.2873392836 84566753.63163473 211416.88407908683 2.7806555792774315e-06 0.10327591935922166
2454351.2873392836 84566753.63163473 211416.88407908683 0.0002920075760742214 0.10356792693529589
2454351.2873392836 84566753.63163473 211416.88407908683 2.2245244634219452e-05 0.1035901721799301
2454351.2873392836 84566753.63163473 211416.88407908683 7.386816813953263e-06 0.10359755899674405
2454351.2873392836 84566753.63163473 211416.88407908683 0.0 0.10359755899674405
2454351.2873392836 84566753.63163473 211416.88407908683 0.00023443298448975577 0.10383199198123381
2454351.2873392836 84566753.63163473 211416.88407908683 1.9662204162512794e-06 0.10383395820165006
2454351.2873392836 84566753.63163473 211416.88407908683 0.0002361114576692402 0.10407006965931931
2454351.2873392836 84566753.63163473 211416.88407908683 0.0 0.10407006965931931
2454351.2873392836 84566753.63163473 211416.88407908683 1.4957545486222541e-06 0.10407156541386793
2454351.2873392836 84566753.63163473 211416.88407908683 0.000456261837615971 0.1045278272514839
2454351.2873392836 84566753.63163473 211416.88407908683 0.0 0.1045278272514839
2454351.2873392836 84566753.63163473 211416.88407908683 6.951638948193579e-07 0.10452852241537873
2454351.2873392836 84566753.63163473 211416.88407908683 0.0 0.10452852241537873
2454351.2873392836 84566753.63163473 211416.88407908683 4.729991194203392e-08 0.10452856971529068
2454351.2873392836 84566753.63163473 211416.88407908683 0.000472024569749963 0.10500059428504063
2454351.2873392836 84566753.63163473 211416.88407908683 6.994951759438192e-05 0.10507054380263502
2454351.2873392836 84566753.63163473 211416.88407908683 0.0 0.10507054380263502
2454351.2873392836 84566753.63163473 211416.88407908683 0.0027104467560088528 0.10778099055864387
2454351.2873392836 84566753.63163473 211416.88407908683 0.0 0.10778099055864387
2454351.2873392836 84566753.63163473 211416.88407908683 0.004590935624592702 0.11237192618323658
2454351.2873392836 84566753.63163473 211416.88407908683 1.277097622434916e-06 0.11237320328085901
2454351.2873392836 84566753.63163473 211416.88407908683 0.013526316755759236 0.12589952003661825
2454351.2873392836 84566753.63163473 211416.88407908683 2.115316368642839e-06 0.1259016353529869
2454351.2873392836 84566753.63163473 211416.88407908683 5.9723945143632606e-05 0.12596135929813054
2454351.2873392836 84566753.63163473 211416.88407908683 6.951638948193579e-07 0.12596205446202535
2454351.2873392836 84566753.63163473 211416.88407908683 1.07027483147964e-06 0.12596312473685684
2454351.2873392836 84566753.63163473 211416.88407908683 0.0016584080330159859 0.12762153276987281
2454351.2873392836 84566753.63163473 211416.88407908683 0.0 0.12762153276987281
2454351.2873392836 84566753.63163473 211416.88407908683 0.007250742755129017 0.13487227552500183
2454351.2873392836 84566753.63163473 211416.88407908683 0.002045211157213563 0.1369174866822154
2454351.2873392836 84566753.63163473 211416.88407908683 0.0 0.1369174866822154
2454351.2873392836 84566753.63163473 211416.88407908683 1.3261532245320561e-05 0.13693074821446072
2454351.2873392836 84566753.63163473 211416.88407908683 5.321240093478816e-05 0.1369839606153955
2454351.2873392836 84566753.63163473 211416.88407908683 6.951638948193579e-07 0.1369846557792903
2454351.2873392836 84566753.63163473 211416.88407908683 0.00020409994215878733 0.1371887557214491
2454351.2873392836 84566753.63163473 211416.88407908683 0.010096596168245056 0.14728535188969416
2454351.2873392836 84566753.63163473 211416.88407908683 0.0 0.14728535188969416
2454351.2873392836 84566753.63163473 211416.88407908683 3.7839929553627137e-07 0.1472857302889897
2454351.2873392836 84566753.63163473 211416.88407908683 3.7839929553627137e-07 0.14728610868828523
2454351.2873392836 84566753.63163473 211416.88407908683 6.951638948193579e-07 0.14728680385218004
2454351.2873392836 84566753.63163473 211416.88407908683 6.902546663257394e-06 0.1472937063988433
2454351.2873392836 84566753.63163473 211416.88407908683 0.0015766969986548975 0.14887040339749819
2454351.2873392836 84566753.63163473 211416.88407908683 0.0 0.14887040339749819
2454351.2873392836 84566753.63163473 211416.88407908683 6.951638948193579e-07 0.148871098561393
2454351.2873392836 84566753.63163473 211416.88407908683 0.02113627645659113 0.17000737501798413
2454351.2873392836 84566753.63163473 211416.88407908683 0.0 0.17000737501798413
2454351.2873392836 84566753.63163473 211416.88407908683 0.0011680303042968857 0.171175405322281
2454351.2873392836 84566753.63163473 211416.88407908683 0.0 0.171175405322281
2454351.2873392836 84566753.63163473 211416.88407908683 2.654397561939227e-05 0.1712019492979004
2454351.2873392836 84566753.63163473 211416.88407908683 3.7839929553627137e-07 0.17120232769719593
2454351.2873392836 84566753.63163473 211416.88407908683 0.0 0.17120232769719593
2454351.2873392836 84566753.63163473 211416.88407908683 0.0 0.17120232769719593
2454351.2873392836 84566753.63163473 211416.88407908683 0.0 0.17120232769719593
2454351.2873392836 84566753.63163473 211416.88407908683 0.0 0.17120232769719593
2454351.2873392836 84566753.63163473 211416.88407908683 0.0 0.17120232769719593
2454351.2873392836 84566753.63163473 211416.88407908683 0.0 0.17120232769719593
2454351.2873392836 84566753.63163473 211416.88407908683 0.004242137635690665 0.1754444653328866
2454351.2873392836 84566753.63163473 211416.88407908683 1.566934075072109e-05 0.17546013467363733
2454351.2873392836 84566753.63163473 211416.88407908683 0.0 0.17546013467363733
2454351.2873392836 84566753.63163473 211416.88407908683 2.457775520314099e-07 0.17546038045118936
2454351.2873392836 84566753.63163473 211416.88407908683 8.86819740726061e-06 0.17546924864859662
2454351.2873392836 84566753.63163473 211416.88407908683 1.6922530949142713e-05 0.17548617117954576
2454351.2873392836 84566753.63163473 211416.88407908683 0.0 0.17548617117954576
2454351.2873392836 84566753.63163473 211416.88407908683 0.004004987714031875 0.17949115889357764
2454351.2873392836 84566753.63163473 211416.88407908683 0.0017027968299132212 0.18119395572349087
2454351.2873392836 84566753.63163473 211416.88407908683 0.0 0.18119395572349087
2454351.2873392836 84566753.63163473 211416.88407908683 0.0 0.18119395572349087
2454351.2873392836 84566753.63163473 211416.88407908683 0.0024659132117290906 0.18365986893521996
2454351.2873392836 84566753.63163473 211416.88407908683 0.00026756870786990997 0.18392743764308986
2454351.2873392836 84566753.63163473 211416.88407908683 5.288290921607098e-07 0.18392796647218201
2454351.2873392836 84566753.63163473 211416.88407908683 0.0028919974627323675 0.18681996393491437
2454351.2873392836 84566753.63163473 211416.88407908683 0.01219262189478924 0.1990125858297036
2454351.2873392836 84566753.63163473 211416.88407908683 0.0003517282007588634 0.19936431403046245
2454351.2873392836 84566753.63163473 211416.88407908683 0.0 0.19936431403046245
2454351.2873392836 84566753.63163473 211416.88407908683 0.002936834137580132 0.2023011481680426
2454351.2873392836 84566753.63163473 211416.88407908683 0.0 0.2023011481680426
2454351.2873392836 84566753.63163473 211416.88407908683 0.0002880031590173618 0.20258915132705996
2454351.2873392836 84566753.63163473 211416.88407908683 5.9830181944890165e-06 0.20259513434525445
2454351.2873392836 84566753.63163473 211416.88407908683 0.007255006296079175 0.20985014064133362
2454351.2873392836 84566753.63163473 211416.88407908683 0.0 0.20985014064133362
2454351.2873392836 84566753.63163473 211416.88407908683 0.0 0.20985014064133362
2454351.2873392836 84566753.63163473 211416.88407908683 0.002247817690245018 0.21209795833157863
2454351.2873392836 84566753.63163473 211416.88407908683 1.0991506273714482e-05 0.21210894983785233
2454351.2873392836 84566753.63163473 211416.88407908683 0.0 0.21210894983785233
2454351.2873392836 84566753.63163473 211416.88407908683 3.917335187680272e-06 0.21211286717304
2454351.2873392836 84566753.63163473 211416.88407908683 8.760066282371315e-07 0.21211374317966825
2454351.2873392836 84566753.63163473 211416.88407908683 3.2655990745405975e-05 0.21214639917041364
2454351.2873392836 84566753.63163473 211416.88407908683 2.7478765684286204e-06 0.21214914704698207
2454351.2873392836 84566753.63163473 211416.88407908683 0.0011042087004059788 0.21325335574738805
2454351.2873392836 84566753.63163473 211416.88407908683 2.364995597101696e-05 0.21327700570335906
2454351.2873392836 84566753.63163473 211416.88407908683 0.0009759700018930306 0.2142529757052521
2454351.2873392836 84566753.63163473 211416.88407908683 0.00043376444528579137 0.21468674015053787
2454351.2873392836 84566753.63163473 211416.88407908683 0.0024989888271594904 0.21718572897769736
2454351.2873392836 84566753.63163473 211416.88407908683 0.0016584080330159859 0.21884413701071334
2454351.2873392836 84566753.63163473 211416.88407908683 0.0038889056952345342 0.22273304270594788
2454351.2873392836 84566753.63163473 211416.88407908683 0.0 0.22273304270594788
2454351.2873392836 84566753.63163473 211416.88407908683 0.0004055967449029409 0.22313863945085083
2454351.2873392836 84566753.63163473 211416.88407908683 8.760066282371315e-07 0.22313951545747907
2454351.2873392836 84566753.63163473 211416.88407908683 8.760066282371315e-07 0.2231403914641073
2454351.2873392836 84566753.63163473 211416.88407908683 0.0029708410978483727 0.22611123256195567
2454351.2873392836 84566753.63163473 211416.88407908683 0.0 0.22611123256195567
2454351.2873392836 84566753.63163473 211416.88407908683 0.0 0.22611123256195567
2454351.2873392836 84566753.63163473 211416.88407908683 0.0008941646150480942 0.22700539717700377
2454351.2873392836 84566753.63163473 211416.88407908683 0.0 0.22700539717700377
2454351.2873392836 84566753.63163473 211416.88407908683 1.4957545486222541e-06 0.2270068929315524
2454351.2873392836 84566753.63163473 211416.88407908683 0.0002361114576692402 0.22724300438922165
2454351.2873392836 84566753.63163473 211416.88407908683 7.705978786653408e-05 0.2273200641770882
2454351.2873392836 84566753.63163473 211416.88407908683 0.0 0.2273200641770882
2454351.2873392836 84566753.63163473 211416.88407908683 8.439587441631208e-05 0.2274044600515045
2454351.2873392836 84566753.63163473 211416.88407908683 0.0002208814932242366 0.22762534154472874
2454351.2873392836 84566753.63163473 211416.88407908683 0.0 0.22762534154472874
2454351.2873392836 84566753.63163473 211416.88407908683 0.0 0.22762534154472874
2454351.2873392836 84566753.63163473 211416.88407908683 0.007751442549979286 0.23537678409470802
2454351.2873392836 84566753.63163473 211416.88407908683 0.0 0.23537678409470802
2454351.2873392836 84566753.63163473 211416.88407908683 7.008053025897052e-06 0.23538379214773392
2454351.2873392836 84566753.63163473 211416.88407908683 2.457775520314099e-07 0.23538403792528595
2454351.2873392836 84566753.63163473 211416.88407908683 0.001964499220033978 0.23734853714531992
2454351.2873392836 84566753.63163473 211416.88407908683 0.0 0.23734853714531992
2454351.2873392836 84566753.63163473 211416.88407908683 1.4957545486222541e-06 0.23735003289986856
2454351.2873392836 84566753.63163473 211416.88407908683 0.0 0.23735003289986856
2454351.2873392836 84566753.63163473 211416.88407908683 0.0 0.23735003289986856
2454351.2873392836 84566753.63163473 211416.88407908683 0.0 0.23735003289986856
2454351.2873392836 84566753.63163473 211416.88407908683 0.0 0.23735003289986856
2454351.2873392836 84566753.63163473 211416.88407908683 0.0 0.23735003289986856
2454351.2873392836 84566753.63163473 211416.88407908683 3.7839929553627137e-07 0.2373504112991641
2454351.2873392836 84566753.63163473 211416.88407908683 0.00016892482644110396 0.2375193361256052
2454351.2873392836 84566753.63163473 211416.88407908683 8.760066282371315e-07 0.23752021213223343
2454351.2873392836 84566753.63163473 211416.88407908683 0.0035881231492592906 0.24110833528149272
2454351.2873392836 84566753.63163473 211416.88407908683 0.00038101943421216375 0.2414893547157049
2454351.2873392836 84566753.63163473 211416.88407908683 0.0004055967449029409 0.24189495146060785
2454351.2873392836 84566753.63163473 211416.88407908683 3.027194364290171e-06 0.24189797865497215
2454351.2873392836 84566753.63163473 211416.88407908683 0.0008620408951435682 0.24276001955011572
2454351.2873392836 84566753.63163473 211416.88407908683 0.01301679021390494 0.2557768097640207
2454351.2873392836 84566753.63163473 211416.88407908683 0.00048175684551137404 0.25625856660953206
2454351.2873392836 84566753.63163473 211416.88407908683 0.0007913884517074427 0.2570499550612395
2454351.2873392836 84566753.63163473 211416.88407908683 3.7839929553627137e-07 0.257050333460535
2454351.2873392836 84566753.63163473 211416.88407908683 0.007899832315505157 0.2649501657760402
2454351.2873392836 84566753.63163473 211416.88407908683 0.006783795329068346 0.27173396110510856
2454351.2873392836 84566753.63163473 211416.88407908683 0.0 0.27173396110510856
2454351.2873392836 84566753.63163473 211416.88407908683 0.0 0.27173396110510856
2454351.2873392836 84566753.63163473 211416.88407908683 0.0 0.27173396110510856
2454351.2873392836 84566753.63163473 211416.88407908683 0.004079247463979114 0.2758132085690877
2454351.2873392836 84566753.63163473 211416.88407908683 0.0 0.2758132085690877
2454351.2873392836 84566753.63163473 211416.88407908683 0.0 0.2758132085690877
2454351.2873392836 84566753.63163473 211416.88407908683 0.0 0.2758132085690877
2454351.2873392836 84566753.63163473 211416.88407908683 0.0 0.2758132085690877
2454351.2873392836 84566753.63163473 211416.88407908683 0.007857996880135913 0.2836712054492236
2454351.2873392836 84566753.63163473 211416.88407908683 0.000768054850098156 0.28443926029932176
2454351.2873392836 84566753.63163473 211416.88407908683 0.0006385102133227639 0.28507777051264455
2454351.2873392836 84566753.63163473 211416.88407908683 0.0006054388728580342 0.28568320938550257
2454351.2873392836 84566753.63163473 211416.88407908683 0.007523459225706855 0.2932066686112094
2454351.2873392836 84566753.63163473 211416.88407908683 0.01812068735617179 0.3113273559673812
2454351.2873392836 84566753.63163473 211416.88407908683 6.648135132557936e-05 0.3113938373187068
2454351.2873392836 84566753.63163473 211416.88407908683 0.0064830275574940715 0.31787686487620087
2454351.2873392836 84566753.63163473 211416.88407908683 0.0 0.31787686487620087
2454351.2873392836 84566753.63163473 211416.88407908683 0.017874800461385086 0.33575166533758594
2454351.2873392836 84566753.63163473 211416.88407908683 0.0001242458399386331 0.3358759111775246
2454351.2873392836 84566753.63163473 211416.88407908683 0.0008514784426464919 0.33672738962017107
2454351.2873392836 84566753.63163473 211416.88407908683 1.4448710224975139e-05 0.33674183833039606
2454351.2873392836 84566753.63163473 211416.88407908683 0.0015518674120048278 0.33829370574240086
2454351.2873392836 84566753.63163473 211416.88407908683 0.0017525626454942646 0.34004626838789515
2454351.2873392836 84566753.63163473 211416.88407908683 0.0008923451508234951 0.3409386135387186
2454351.2873392836 84566753.63163473 211416.88407908683 0.0 0.3409386135387186
2454351.2873392836 84566753.63163473 211416.88407908683 1.277097622434916e-06 0.34093989063634106
2454351.2873392836 84566753.63163473 211416.88407908683 0.002289061414523121 0.3432289520508642
2454351.2873392836 84566753.63163473 211416.88407908683 0.0005088767681504697 0.34373782881901466
2454351.2873392836 84566753.63163473 211416.88407908683 0.00019145658222364853 0.3439292854012383
2454351.2873392836 84566753.63163473 211416.88407908683 0.003436131484909439 0.34736541688614775
2454351.2873392836 84566753.63163473 211416.88407908683 1.995344416633637e-05 0.3473853703303141
2454351.2873392836 84566753.63163473 211416.88407908683 0.004173900320844005 0.3515592706511581
2454351.2873392836 84566753.63163473 211416.88407908683 0.001660169803309527 0.3532194404544676
2454351.2873392836 84566753.63163473 211416.88407908683 0.0 0.3532194404544676
2454351.2873392836 84566753.63163473 211416.88407908683 3.80756946355711e-05 0.3532575161491032
2454351.2873392836 84566753.63163473 211416.88407908683 0.000933845514361609 0.3541913616634648
2454351.2873392836 84566753.63163473 211416.88407908683 0.0035881231492592906 0.3577794848127241
2454351.2873392836 84566753.63163473 211416.88407908683 0.0001306239629816239 0.3579101087757057
2454351.2873392836 84566753.63163473 211416.88407908683 5.005180042699376e-05 0.3579601605761327
2454351.2873392836 84566753.63163473 211416.88407908683 0.008191270803789024 0.36615143137992173
2454351.2873392836 84566753.63163473 211416.88407908683 9.910883635053418e-06 0.3661613422635568
2454351.2873392836 84566753.63163473 211416.88407908683 0.00017727835362492142 0.3663386206171817
2454351.2873392836 84566753.63163473 211416.88407908683 0.004907484491187268 0.371246105108369
2454351.2873392836 84566753.63163473 211416.88407908683 0.0009972634286281347 0.37224336853699713
2454351.2873392836 84566753.63163473 211416.88407908683 0.0065130655550912145 0.37875643409208837
2454351.2873392836 84566753.63163473 211416.88407908683 0.0029496078484266925 0.38170604194051505
2454351.2873392836 84566753.63163473 211416.88407908683 0.002289061414523121 0.38399510335503817
2454351.2873392836 84566753.63163473 211416.88407908683 0.0023722950069073757 0.38636739836194556
2454351.2873392836 84566753.63163473 211416.88407908683 0.0004055967449029409 0.3867729951068485
2454351.2873392836 84566753.63163473 211416.88407908683 1.277097622434916e-06 0.3867742722044709
2454351.2873392836 84566753.63163473 211416.88407908683 0.0 0.3867742722044709
2454351.2873392836 84566753.63163473 211416.88407908683 0.0 0.3867742722044709
2454351.2873392836 84566753.63163473 211416.88407908683 0.0013817889390208796 0.38815606114349177
2454351.2873392836 84566753.63163473 211416.88407908683 4.695637860949506e-05 0.3882030175221013
2454351.2873392836 84566753.63163473 211416.88407908683 0.0018059796067895813 0.39000899712889087
2454351.2873392836 84566753.63163473 211416.88407908683 2.508305009429974e-05 0.39003408017898517
2454351.2873392836 84566753.63163473 211416.88407908683 0.0016016576136638004 0.391635737792649
2454351.2873392836 84566753.63163473 211416.88407908683 0.010304769353410008 0.401940507146059
2454351.2873392836 84566753.63163473 211416.88407908683 8.814646662653757e-05 0.4020286536126855
2454351.2873392836 84566753.63163473 211416.88407908683 0.011041840105171353 0.41307049371785687
2454351.2873392836 84566753.63163473 211416.88407908683 0.0003342891686738662 0.4134047828865307
2454351.2873392836 84566753.63163473 211416.88407908683 0.0024142819255681854 0.4158190648120989
2454351.2873392836 84566753.63163473 211416.88407908683 0.0021800339741535066 0.4179990987862524
2454351.2873392836 84566753.63163473 211416.88407908683 0.0002361114576692402 0.41823521024392163
2454351.2873392836 84566753.63163473 211416.88407908683 0.001505387506192386 0.419740597750114
2454351.2873392836 84566753.63163473 211416.88407908683 0.008088432925838655 0.4278290306759527
2454351.2873392836 84566753.63163473 211416.88407908683 0.00354756824697352 0.4313765989229262
2454351.2873392836 84566753.63163473 211416.88407908683 0.00022416677854456555 0.43160076570147077
2454351.2873392836 84566753.63163473 211416.88407908683 0.0011281925340519184 0.4327289582355227
2454351.2873392836 84566753.63163473 211416.88407908683 0.0013573863334105166 0.43408634456893325
2454351.2873392836 84566753.63163473 211416.88407908683 0.004106032860481887 0.43819237742941514
2454351.2873392836 84566753.63163473 211416.88407908683 0.000619684132516316 0.4388120615619315
2454351.2873392836 84566753.63163473 211416.88407908683 0.0 0.4388120615619315
2454351.2873392836 84566753.63163473 211416.88407908683 1.8207455854485755e-05 0.438830269017786
2454351.2873392836 84566753.63163473 211416.88407908683 0.015364396091388417 0.4541946651091744
2454351.2873392836 84566753.63163473 211416.88407908683 0.012260960640373806 0.4664556257495482
2454351.2873392836 84566753.63163473 211416.88407908683 0.0022830173088723826 0.46873864305842056
2454351.2873392836 84566753.63163473 211416.88407908683 0.010304769353410008 0.47904341241183057
2454351.2873392836 84566753.63163473 211416.88407908683 0.0012710675056588567 0.48031447991748943
2454351.2873392836 84566753.63163473 211416.88407908683 0.0005633717859214178 0.48087785170341085
2454351.2873392836 84566753.63163473 211416.88407908683 0.0009972634286281347 0.481875115132039
2454351.2873392836 84566753.63163473 211416.88407908683 4.695637860949506e-05 0.48192207151064853
2454351.2873392836 84566753.63163473 211416.88407908683 0.00027563577162129826 0.48219770728226985
2454351.2873392836 84566753.63163473 211416.88407908683 0.00017727835362492142 0.48237498563589476
2454351.2873392836 84566753.63163473 211416.88407908683 0.004602173806873585 0.48697715944276837
2454351.2873392836 84566753.63163473 211416.88407908683 0.0024989888271594904 0.48947614826992786
2454351.2873392836 84566753.63163473 211416.88407908683 0.0026712962053401634 0.49214744447526804
2454351.2873392836 84566753.63163473 211416.88407908683 0.007419266734757275 0.4995667112100253
2454351.2873392836 84566753.63163473 211416.88407908683 0.0007375383902343172 0.5003042496002597
2454351.2873392836 84566753.63163473 211416.88407908683 0.007336983286508146 0.5076412328867678
2454351.2873392836 84566753.63163473 211416.88407908683 6.902546663257394e-06 0.507648135433431
2454351.2873392836 84566753.63163473 211416.88407908683 0.0 0.507648135433431
2454351.2873392836 84566753.63163473 211416.88407908683 0.0002361114576692402 0.5078842468911002
2454351.2873392836 84566753.63163473 211416.88407908683 0.004486992407510939 0.5123712392986112
2454351.2873392836 84566753.63163473 211416.88407908683 0.008191270803789024 0.5205625101024002
2454351.2873392836 84566753.63163473 211416.88407908683 0.009518923658892776 0.5300814337612929
2454351.2873392836 84566753.63163473 211416.88407908683 0.009177545647083557 0.5392589794083764
2454351.2873392836 84566753.63163473 211416.88407908683 0.0011956483529191326 0.5404546277612956
2454351.2873392836 84566753.63163473 211416.88407908683 0.0036601842887706527 0.5441148120500663
2454351.2873392836 84566753.63163473 211416.88407908683 0.0025652640727039933 0.5466800761227703
2454351.2873392836 84566753.63163473 211416.88407908683 0.0005840593126602349 0.5472641354354305
2454351.2873392836 84566753.63163473 211416.88407908683 5.321240093478816e-05 0.5473173478363653
2454351.2873392836 84566753.63163473 211416.88407908683 0.0030555755620472348 0.5503729233984126
2454351.2873392836 84566753.63163473 211416.88407908683 0.00041807610604673435 0.5507909995044593
2454351.2873392836 84566753.63163473 211416.88407908683 0.002897093352755825 0.5536880928572151
2454351.2873392836 84566753.63163473 211416.88407908683 0.01475307249269498 0.5684411653499101
2454351.2873392836 84566753.63163473 211416.88407908683 3.80756946355711e-05 0.5684792410445456
2454351.2873392836 84566753.63163473 211416.88407908683 0.00039887629565607324 0.5688781173402017
2454351.2873392836 84566753.63163473 211416.88407908683 0.010200505741959605 0.5790786230821613
2454351.2873392836 84566753.63163473 211416.88407908683 0.001477841440156269 0.5805564645223176
2454351.2873392836 84566753.63163473 211416.88407908683 0.0 0.5805564645223176
2454351.2873392836 84566753.63163473 211416.88407908683 0.0034917016770108626 0.5840481661993284
2454351.2873392836 84566753.63163473 211416.88407908683 0.0 0.5840481661993284
2454351.2873392836 84566753.63163473 211416.88407908683 0.0019662204162512794 0.5860143866155797
2454351.2873392836 84566753.63163473 211416.88407908683 0.0016274102581399304 0.5876417968737196
2454351.2873392836 84566753.63163473 211416.88407908683 0.02126664002217384 0.6089084368958935
2454351.2873392836 84566753.63163473 211416.88407908683 0.0003334287346221444 0.6092418656305156
2454351.2873392836 84566753.63163473 211416.88407908683 0.021599795117826667 0.6308416607483422
2454351.2873392836 84566753.63163473 211416.88407908683 0.0 0.6308416607483422
2454351.2873392836 84566753.63163473 211416.88407908683 0.0038889056952345342 0.6347305664435767
2454351.2873392836 84566753.63163473 211416.88407908683 0.00021339439015817245 0.6349439608337349
2454351.2873392836 84566753.63163473 211416.88407908683 0.002981900158527194 0.6379258609922621
2454351.2873392836 84566753.63163473 211416.88407908683 0.00048233011115337134 0.6384081911034155
2454351.2873392836 84566753.63163473 211416.88407908683 0.009729808974324175 0.6481380000777397
2454351.2873392836 84566753.63163473 211416.88407908683 0.003118462772016104 0.6512564628497558
2454351.2873392836 84566753.63163473 211416.88407908683 1.4957545486222541e-06 0.6512579586043045
2454351.2873392836 84566753.63163473 211416.88407908683 0.0002554195244869832 0.6515133781287914
2454351.2873392836 84566753.63163473 211416.88407908683 4.096677567259295e-05 0.651554344904464
2454351.2873392836 84566753.63163473 211416.88407908683 0.015411957573306816 0.6669663024777708
2454351.2873392836 84566753.63163473 211416.88407908683 0.006278668465483222 0.673244970943254
2454351.2873392836 84566753.63163473 211416.88407908683 0.0034353535620005623 0.6766803245052545
2454351.2873392836 84566753.63163473 211416.88407908683 0.005016610018859949 0.6816969345241145
2454351.2873392836 84566753.63163473 211416.88407908683 0.0063346316897384325 0.688031566213853
2454351.2873392836 84566753.63163473 211416.88407908683 0.0022068246915675346 0.6902383909054205
2454351.2873392836 84566753.63163473 211416.88407908683 0.000619684132516316 0.6908580750379368
2454351.2873392836 84566753.63163473 211416.88407908683 0.0010771676148240194 0.6919352426527609
2454351.2873392836 84566753.63163473 211416.88407908683 0.0013817889390208796 0.6933170315917817
2454351.2873392836 84566753.63163473 211416.88407908683 0.0033957911933254503 0.6967128227851072
2454351.2873392836 84566753.63163473 211416.88407908683 0.0009548303216630804 0.6976676531067703
2454351.2873392836 84566753.63163473 211416.88407908683 0.0028030168864975956 0.7004706699932679
2454351.2873392836 84566753.63163473 211416.88407908683 0.00011212884841435283 0.7005827988416823
2454351.2873392836 84566753.63163473 211416.88407908683 0.0012685931052868376 0.7018513919469691
2454351.2873392836 84566753.63163473 211416.88407908683 0.0002554195244869832 0.702106811471456
2454351.2873392836 84566753.63163473 211416.88407908683 0.012122939383690103 0.7142297508551462
2454351.2873392836 84566753.63163473 211416.88407908683 0.00023443298448975577 0.714464183839636
2454351.2873392836 84566753.63163473 211416.88407908683 0.0012145808997319793 0.715678764739368
2454351.2873392836 84566753.63163473 211416.88407908683 0.0037332499394861513 0.7194120146788542
2454351.2873392836 84566753.63163473 211416.88407908683 0.00014346673826852194 0.7195554814171227
2454351.2873392836 84566753.63163473 211416.88407908683 0.005986033249900911 0.7255415146670235
2454351.2873392836 84566753.63163473 211416.88407908683 0.0002361114576692402 0.7257776261246928
2454351.2873392836 84566753.63163473 211416.88407908683 0.0036601842887706527 0.7294378104134634
2454351.2873392836 84566753.63163473 211416.88407908683 0.005235232801436721 0.7346730432149001
2454351.2873392836 84566753.63163473 211416.88407908683 0.010639594892329168 0.7453126381072293
2454351.2873392836 84566753.63163473 211416.88407908683 0.0005662714798803684 0.7458789095871097
2454351.2873392836 84566753.63163473 211416.88407908683 0.0010620552819374167 0.746940964869047
2454351.2873392836 84566753.63163473 211416.88407908683 0.011518029712373479 0.7584589945814205
2454351.2873392836 84566753.63163473 211416.88407908683 0.014567497638855927 0.7730264922202764
2454351.2873392836 84566753.63163473 211416.88407908683 0.0057572834167598655 0.7787837756370363
2454351.2873392836 84566753.63163473 211416.88407908683 0.012638287925840454 0.7914220635628767
2454351.2873392836 84566753.63163473 211416.88407908683 0.002897093352755825 0.7943191569156325
2454351.2873392836 84566753.63163473 211416.88407908683 0.008288208294978332 0.8026073652106108
2454351.2873392836 84566753.63163473 211416.88407908683 0.004420123245076451 0.8070274884556873
2454351.2873392836 84566753.63163473 211416.88407908683 0.002637522414871649 0.809665010870559
2454351.2873392836 84566753.63163473 211416.88407908683 0.006140175356836888 0.8158051862273958
2454351.2873392836 84566753.63163473 211416.88407908683 0.012260960640373806 0.8280661468677697
2454351.2873392836 84566753.63163473 211416.88407908683 0.0017027968299132212 0.829768943697683
2454351.2873392836 84566753.63163473 211416.88407908683 0.014831557059296544 0.8446005007569795
2454351.2873392836 84566753.63163473 211416.88407908683 0.018189308610893903 0.8627898093678733
2454351.2873392836 84566753.63163473 211416.88407908683 0.005036365266795497 0.8678261746346688
2454351.2873392836 84566753.63163473 211416.88407908683 0.007419266734757275 0.8752454413694261
2454351.2873392836 84566753.63163473 211416.88407908683 0.011474701296117348 0.8867201426655434
2454351.2873392836 84566753.63163473 211416.88407908683 0.0032712151978368698 0.8899913578633804
2454351.2873392836 84566753.63163473 211416.88407908683 0.007150438675906759 0.8971417965392872
2454351.2873392836 84566753.63163473 211416.88407908683 0.02077015526600463 0.9179119518052918
2454351.2873392836 84566753.63163473 211416.88407908683 0.00284739131318009 0.920759343118472
2454351.2873392836 84566753.63163473 211416.88407908683 0.005089138623494584 0.9258484817419665
2454351.2873392836 84566753.63163473 211416.88407908683 0.02077015526600463 0.9466186370079712
2454351.2873392836 84566753.63163473 211416.88407908683 0.007419266734757275 0.9540379037427285
2454351.2873392836 84566753.63163473 211416.88407908683 0.005637654987215476 0.9596755587299439
2454351.2873392836 84566753.63163473 211416.88407908683 0.0023176956851596623 0.9619932544151036
2454351.2873392836 84566753.63163473 211416.88407908683 0.00607650295797447 0.9680697573730781
2454351.2873392836 84566753.63163473 211416.88407908683 0.015029171254261007 0.983098928627339
2454351.2873392836 84566753.63163473 211416.88407908683 0.0018846838085172196 0.9849836124358563
2454351.2873392836 84566753.63163473 211416.88407908683 0.0007327825461366763 0.9857163949819929
2454351.2873392836 84566753.63163473 211416.88407908683 0.01021244587422914 0.995928840856222
2454351.2873392836 84566753.63163473 211416.88407908683 0.003946804445832882 0.9998756453020549
2454351.2873392836 84566753.63163473 211416.88407908683 0.00012435469794556785 1.0000000000000004
901's generation extracting best parents:
0
0
0
0
0
81148.1977618727
100000.0
1007225.6297533339
0
0
0
0
0
0
0
0
0
0
0
0
0
0
0
0
0
0
0
0
0
0
2454351.2873392836
0
0
0
259849.58405970174
0
0
0
0
0
0
0
0
0
0
21283.440323406365
0
0
0
0
0
0
1798450.7073278378
0
0
0
0
499743.294102082
0
54841.863571545415
0
0
0
0
0
0
0
0
78972.28354302539
84335.33067463481
0
1890202.274890177
328142.8730781761
0
0
24694.132744439517
0
0
0
0
0
0
0
0
38584.58241318675
0
0
0
0
39917.5854981235
0
0
229213.6830470642
0
388240.52190362616
0
1143876.696627744
0
0
0
0
140246.18354878682
0
613171.776219356
172956.86805674993
0
0
0
0
0
853836.3606780869
0
0
0
0
0
133336.14663698664
0
0
1787426.2837946634
0
98776.53097775807
0
0
0
0
0
0
0
0
0
358743.80830893794
0
0
0
0
0
0
338688.80931025755
144000.0
0
0
208534.27505328713
22627.41699796952
0
244566.83693420087
1031090.451900317
29744.51209887296
0
248358.52896971346
0
24355.49219375375
0
613532.3300364864
0
0
190090.64481978066
0
0
0
0
0
0
93379.34512513997
0
82534.614701954
36682.05097864622
211331.37247460443
140246.18354878682
328872.12982556
0
34300.0
0
0
251234.38720047858
0
0
75616.59870689768
0
0
0
0
0
0
0
0
0
655514.3324138687
0
0
0
166131.321550152
0
0
0
0
0
0
0
0
0
0
303435.92636337574
32221.576621884906
34300.0
0
72900.0
1100787.691093973
40740.61246471388
66925.15222246417
0
668063.1731565511
573683.5482807573
0
0
0
344968.7152887925
0
0
0
0
664525.286200608
64951.9052838329
53996.73590134871
51200.0
636234.522798001
1532407.7032852583
0
548248.5942416998
0
1511613.8468325832
0
72006.7676819339
0
131236.38909997485
148208.53346551946
75462.73252407444
0
0
193578.49268965807
43034.056281043275
0
290582.4847302397
0
352973.20011581614
140395.17074315625
0
0
78972.28354302539
303435.92636337574
0
0
692709.179994029
0
0
415010.031917302
84335.33067463481
550788.810184085
249438.7602278363
193578.49268965807
200617.28739069324
34300.0
0
0
0
116853.40477709667
0
152725.83247113109
0
135446.9848169386
871440.8911406441
0
933772.5718139295
28269.749768966827
204167.98479683342
184358.39600083313
0
127305.73435631249
684012.5145054
300006.32993321994
0
95407.58007621826
114789.75564047515
347233.8693157682
52404.67536394058
0
0
1299317.0989592958
1036869.637761662
193067.36229616852
871440.8911406441
107490.05260022901
47642.5230230306
84335.33067463481
0
23309.622390763863
0
389190.89849584096
211331.37247460443
225902.84807412233
627423.3020856015
62371.227340817975
620464.857989556
0
0
0
379450.3814729931
692709.179994029
804984.4718999243
776115.2416799968
101112.09969138213
309529.902994848
216936.05483644252
49392.0
0
258400.1057584923
35355.33905932738
244997.7798103485
1247619.4467993835
0
33731.67342424624
862623.6559983733
124976.25297631546
0
295281.87547494343
0
166276.87752661222
137624.80235771457
1798450.7073278378
28196.985654498603
1826624.5522230342
0
328872.12982556
0
252169.61606030175
40789.09167902615
822818.358414541
263718.27295051055
0
21600.0
0
1303339.2190830444
530966.6092552337
290516.69831526035
424238.4235309197
535699.237453256
186624.0
52404.67536394058
91092.56830279845
116853.40477709667
287171.03723042825
80746.90057209626
237042.038465754
0
107280.80059358245
21600.0
1025197.6281517628
0
102713.16371332353
315708.8278778406
0
506219.3990751441
0
309529.902994848
442726.64252335206
899756.0
47887.74072766432
89814.56737077788
974042.3810081366
1231925.9838545497
486874.76829262776
1068778.9813502135
244997.7798103485
700906.868929104
373795.473487842
223046.708256365
519254.69665665994
1036869.637761662
144000.0
1254256.6318070637
1538210.7800272368
425909.06071601715
627423.3020856015
970378.2375053555
276636.0497115298
604689.3858635193
1756464.603271014
240794.63967455755
430371.9321703032
1756464.603271014
627423.3020856015
476758.180364008
196000.0
513870.12858892663
1270968.2227467373
159381.59130840676
61969.04104470232
863633.3942223401
333768.4392029899
0
