0 2 20 16 89.44271909999159 1431.0835055998655
1 0 5 0 11.180339887498949 0.0
2 1 55 4 11.180339887498949 44.721359549995796
3 6 328 144 688.877347573572 99198.33805059438
4 4 37 64 225.06221362103412 14403.981671746184
5 0 50 0 1.0 0.0
6 2 19 16 82.8190799272728 1325.1052788363647
7 0 50 0 1.0 0.0
8 9 111 324 1169.4575665666541 378904.25156759593
9 0 50 0 1.0 0.0
10 1 53 4 5.196152422706632 20.784609690826528
11 0 50 0 1.0 0.0
12 0 50 0 1.0 0.0
13 0 50 0 1.0 0.0
14 0 50 0 1.0 0.0
15 0 50 0 1.0 0.0
16 1 55 4 11.180339887498949 44.721359549995796
17 4 48 64 332.55375505322445 21283.440323406365
18 5 76 100 662.5526394181824 66255.26394181824
19 0 50 0 1.0 0.0
20 5 65 100 524.0467536394058 52404.67536394058
21 1 20 4 89.44271909999159 357.77087639996637
22 8 88 256 825.5131737289236 211331.37247460443
23 2 88 16 234.2477321128211 3747.9637138051376
24 2 27 16 140.29611541307906 2244.737846609265
25 3 72 36 610.9402589451771 21993.849322026377
26 2 69 16 82.8190799272728 1325.1052788363647
27 0 9 0 27.0 0.0
28 2 68 16 76.36753236814714 1221.8805178903542
29 0 50 0 1.0 0.0
30 2 30 16 164.31676725154983 2629.0682760247973
31 0 50 0 1.0 0.0
32 2 20 16 89.44271909999159 1431.0835055998655
33 0 50 0 1.0 0.0
34 0 50 0 1.0 0.0
35 3 64 36 512.0 18432.0
36 0 50 0 1.0 0.0
37 0 50 0 1.0 0.0
38 0 50 0 1.0 0.0
39 1 20 4 89.44271909999159 357.77087639996637
40 4 42 64 272.19110933313016 17420.23099732033
41 0 50 0 1.0 0.0
42 0 50 0 1.0 0.0
43 0 50 0 1.0 0.0
44 1 56 4 14.696938456699069 58.787753826796276
45 1 53 4 5.196152422706632 20.784609690826528
46 0 50 0 1.0 0.0
47 4 62 64 488.18848818873226 31244.063244078865
48 2 36 16 216.0 3456.0
49 2 59 16 27.0 432.0
50 2 29 16 156.16977940690063 2498.71647051041
51 0 50 0 1.0 0.0
52 1 8 4 22.627416997969522 90.50966799187809
53 0 50 0 1.0 0.0
54 0 5 0 11.180339887498949 0.0
55 0 50 0 1.0 0.0
56 0 50 0 1.0 0.0
57 0 50 0 1.0 0.0
58 0 50 0 1.0 0.0
59 0 50 0 1.0 0.0
60 7 84 196 769.8727167525811 150895.0524835059
61 0 50 0 1.0 0.0
62 6 287 144 225.06221362103412 32408.958761428912
63 3 82 36 181.01933598375618 6516.696095415223
64 1 33 4 189.57056733575496 758.2822693430198
65 1 18 4 76.36753236814714 305.47012947258855
66 9 115 324 1233.2376088978149 399568.985282892
67 0 50 0 1.0 0.0
68 2 10 16 31.622776601683793 505.9644256269407
69 1 35 4 207.06279240848656 828.2511696339462
70 8 94 256 911.3638131942698 233309.13617773307
71 0 50 0 1.0 0.0
72 6 99 144 985.0375627355537 141845.40903391974
73 0 50 0 1.0 0.0
74 1 51 4 1.0 4.0
75 0 50 0 1.0 0.0
76 0 50 0 1.0 0.0
77 1 19 4 82.8190799272728 331.2763197090912
78 0 50 0 1.0 0.0
79 0 50 0 1.0 0.0
80 1 52 4 2.8284271247461903 11.313708498984761
81 0 50 0 1.0 0.0
82 9 159 324 2004.9137138540402 649592.043288709
83 0 11 0 36.4828726939094 0.0
84 2 72 16 103.18914671611545 1651.0263474578471
85 0 50 0 1.0 0.0
86 6 52 144 374.9773326482549 53996.73590134871
87 0 50 0 1.0 0.0
88 3 106 36 419.06562731868144 15086.362583472532
89 0 50 0 1.0 0.0
90 3 43 36 281.96985654498604 10150.914835619498
91 10 149 400 1818.7767867443217 727510.7146977286
92 1 50 4 1.0 4.0
93 10 147 400 1782.2802809883747 712912.1123953499
94 1 55 4 11.180339887498949 44.721359549995796
95 5 57 100 430.34056281043274 43034.056281043275
96 2 19 16 82.8190799272728 1325.1052788363647
97 4 88 64 234.2477321128211 14991.85485522055
98 0 50 0 1.0 0.0
99 0 50 0 1.0 0.0
100 0 50 0 1.0 0.0
101 0 50 0 1.0 0.0
102 5 56 100 419.06562731868144 41906.56273186814
103 0 50 0 1.0 0.0
104 0 50 0 1.0 0.0
105 0 50 0 1.0 0.0
106 0 50 0 1.0 0.0
107 0 50 0 1.0 0.0
108 0 50 0 1.0 0.0
109 0 5 0 11.180339887498949 0.0
110 5 42 100 272.19110933313016 27219.110933313015
111 0 50 0 1.0 0.0
112 0 50 0 1.0 0.0
113 0 50 0 1.0 0.0
114 2 70 16 89.44271909999159 1431.0835055998655
115 0 50 0 1.0 0.0
116 6 83 144 756.1659870689768 108887.90213793266
117 0 9 0 27.0 0.0
118 0 50 0 1.0 0.0
119 0 50 0 1.0 0.0
120 9 97 324 955.3392067742221 309529.902994848
121 1 13 4 46.87216658103186 187.48866632412745
122 3 25 36 125.0 4500.0
123 0 50 0 1.0 0.0
124 3 76 36 132.5745073534124 4772.682264722846
125 9 170 324 2216.5288177689004 718155.3369571237
126 0 50 0 1.0 0.0
127 0 9 0 27.0 0.0
128 0 50 0 1.0 0.0
129 2 58 16 22.627416997969522 362.03867196751236
130 1 52 4 2.8284271247461903 11.313708498984761
131 1 6 4 14.696938456699069 58.787753826796276
132 1 52 4 2.8284271247461903 11.313708498984761
133 0 11 0 36.4828726939094 0.0
134 0 5 0 11.180339887498949 0.0
135 1 55 4 11.180339887498949 44.721359549995796
136 2 34 16 198.25236442474022 3172.0378307958435
137 1 58 4 22.627416997969522 90.50966799187809
138 0 9 0 27.0 0.0
139 0 50 0 1.0 0.0
140 2 12 16 41.569219381653056 665.1075101064489
141 1 15 4 58.09475019311125 232.379000772445
142 1 54 4 8.0 32.0
143 0 50 0 1.0 0.0
144 2 37 16 225.06221362103412 3600.995417936546
145 6 86 144 797.5311906126306 114844.4914482188
146 5 81 100 729.0 72900.0
147 0 50 0 1.0 0.0
148 0 50 0 1.0 0.0
149 0 50 0 1.0 0.0
150 7 82 196 742.5415813272682 145538.14994014456
151 1 30 4 164.31676725154983 657.2670690061993
152 3 27 36 140.29611541307906 5050.660154870846
153 2 24 16 117.57550765359255 1881.2081224574808
154 1 16 4 64.0 256.0
155 0 50 0 1.0 0.0
156 0 50 0 1.0 0.0
157 0 50 0 1.0 0.0
158 0 50 0 1.0 0.0
159 0 50 0 1.0 0.0
160 7 325 196 649.519052838329 127305.73435631249
161 0 50 0 1.0 0.0
162 0 50 0 1.0 0.0
163 1 9 4 27.0 108.0
164 0 5 0 11.180339887498949 0.0
165 1 13 4 46.87216658103186 187.48866632412745
166 2 13 16 46.87216658103186 749.9546652965098
167 1 11 4 36.4828726939094 145.9314907756376
168 5 58 100 441.7148401401067 44171.48401401067
169 4 31 64 172.60069524773067 11046.444495854763
170 0 50 0 1.0 0.0
171 0 50 0 1.0 0.0
172 0 50 0 1.0 0.0
173 1 8 4 22.627416997969522 90.50966799187809
174 0 11 0 36.4828726939094 0.0
175 3 39 36 243.55492193753753 8767.977189751351
176 0 50 0 1.0 0.0
177 0 50 0 1.0 0.0
178 0 50 0 1.0 0.0
179 2 15 16 58.09475019311125 929.51600308978
180 0 50 0 1.0 0.0
181 1 16 4 64.0 256.0
182 0 50 0 1.0 0.0
183 0 50 0 1.0 0.0
184 1 19 4 82.8190799272728 331.2763197090912
185 1 10 4 31.622776601683793 126.49110640673517
186 0 50 0 1.0 0.0
187 0 50 0 1.0 0.0
188 1 9 4 27.0 108.0
189 0 50 0 1.0 0.0
190 1 11 4 36.4828726939094 145.9314907756376
191 3 20 36 89.44271909999159 3219.937887599697
192 0 50 0 1.0 0.0
193 5 49 100 343.0 34300.0
194 7 101 196 1015.0374377332099 198947.33779570914
195 4 90 64 252.98221281347034 16190.861620062102
196 4 60 64 464.75800154489 29744.51209887296
197 0 50 0 1.0 0.0
198 0 50 0 1.0 0.0
199 0 10 0 31.622776601683793 0.0
200 2 17 16 70.09279563550022 1121.4847301680036
201 1 22 4 103.18914671611545 412.7565868644618
202 1 53 4 5.196152422706632 20.784609690826528
203 4 49 64 343.0 21952.0
204 2 39 16 243.55492193753753 3896.8787510006005
205 9 371 324 1331.0 431244.0
206 3 38 36 234.2477321128211 8432.91835606156
207 1 54 4 8.0 32.0
208 0 50 0 1.0 0.0
209 1 66 4 64.0 256.0
210 0 50 0 1.0 0.0
211 8 124 256 1380.8055619818454 353486.2238673524
212 9 165 324 2119.4633754797464 686706.1336554379
213 13 197 676 2765.0267629807854 1869158.091775011
214 1 9 4 27.0 108.0
215 4 34 64 198.25236442474022 12688.151323183374
216 4 102 64 1030.1495037129318 65929.56823762764
217 0 50 0 1.0 0.0
218 0 50 0 1.0 0.0
219 7 78 196 688.877347573572 135019.96012442012
220 8 340 256 853.8149682454624 218576.63187083838
221 7 99 196 985.0375627355537 193067.36229616852
222 3 54 36 396.81733833087486 14285.424179911495
223 5 87 100 225.06221362103412 22506.221362103413
224 0 50 0 1.0 0.0
225 0 50 0 1.0 0.0
226 2 33 16 189.57056733575496 3033.1290773720793
227 2 63 16 46.87216658103186 749.9546652965098
228 5 35 100 207.06279240848656 20706.279240848657
229 5 51 100 364.21284985568536 36421.284985568534
230 2 57 16 18.520259177452132 296.3241468392341
231 9 206 324 1800.497708968273 583361.2577057205
232 4 76 64 662.5526394181824 42403.36892276367
233 0 50 0 1.0 0.0
234 0 50 0 1.0 0.0
235 3 38 36 234.2477321128211 8432.91835606156
236 1 55 4 11.180339887498949 44.721359549995796
237 12 155 576 1929.7344376882536 1111527.036108434
238 0 50 0 1.0 0.0
239 3 10 36 31.622776601683793 1138.4199576606165
240 7 302 196 374.9773326482549 73495.55719905796
241 9 186 324 2536.7017956393693 821891.3817871556
242 4 57 64 430.34056281043274 27541.796019867696
243 1 53 4 5.196152422706632 20.784609690826528
244 7 67 196 548.4186357154541 107490.05260022901
245 11 377 484 1431.21731403725 692709.179994029
246 4 73 64 110.30412503619254 7059.464002316323
247 2 26 16 132.5745073534124 2121.1921176545984
248 7 79 196 702.1673589679315 137624.80235771457
249 5 107 100 430.34056281043274 43034.056281043275
250 10 129 400 1465.1583532164707 586063.3412865882
251 2 26 16 132.5745073534124 2121.1921176545984
252 0 50 0 1.0 0.0
253 2 83 16 189.57056733575496 3033.1290773720793
254 0 50 0 1.0 0.0
255 2 13 16 46.87216658103186 749.9546652965098
256 0 50 0 1.0 0.0
257 10 102 400 1030.1495037129318 412059.80148517276
258 0 50 0 1.0 0.0
259 2 19 16 82.8190799272728 1325.1052788363647
260 1 17 4 70.09279563550022 280.3711825420009
261 0 50 0 1.0 0.0
262 6 63 144 500.0469977912076 72006.7676819339
263 0 50 0 1.0 0.0
264 5 83 100 756.1659870689768 75616.59870689768
265 7 82 196 742.5415813272682 145538.14994014456
266 0 50 0 1.0 0.0
267 2 21 16 96.23408959407264 1539.7454335051623
268 1 55 4 11.180339887498949 44.721359549995796
269 4 30 64 164.31676725154983 10516.27310409919
270 5 111 100 476.42523023030594 47642.5230230306
271 6 57 144 430.34056281043274 61969.04104470232
272 3 58 36 441.7148401401067 15901.734245043841
273 0 50 0 1.0 0.0
274 1 50 4 1.0 4.0
275 0 50 0 1.0 0.0
276 6 315 144 524.0467536394058 75462.73252407444
277 6 97 144 955.3392067742221 137568.84577548798
278 4 80 64 164.31676725154983 10516.27310409919
279 1 9 4 27.0 108.0
280 2 58 16 22.627416997969522 362.03867196751236
281 1 56 4 14.696938456699069 58.787753826796276
282 5 103 100 385.84582413186746 38584.58241318675
283 9 95 324 925.9454627568516 300006.32993321994
284 0 50 0 1.0 0.0
285 3 68 36 76.36753236814714 2749.231165253297
286 1 15 4 58.09475019311125 232.379000772445
287 7 172 196 2255.7588523598884 442128.7350625381
288 4 45 64 301.8691769624716 19319.627325598183
289 0 50 0 1.0 0.0
290 1 66 4 64.0 256.0
291 4 59 64 453.18759912424787 29004.006343951864
292 1 57 4 18.520259177452132 74.08103670980853
293 2 32 16 181.01933598375618 2896.309375740099
294 1 57 4 18.520259177452132 74.08103670980853
295 2 10 16 31.622776601683793 505.9644256269407
296 1 33 4 189.57056733575496 758.2822693430198
297 0 50 0 1.0 0.0
298 4 80 64 164.31676725154983 10516.27310409919
299 4 70 64 585.6620185738528 37482.36918872658
300 8 102 256 1030.1495037129318 263718.27295051055
301 6 41 144 262.5280937347468 37804.04549780354
302 4 82 64 181.01933598375618 11585.237502960395
303 2 64 16 52.38320341483518 838.1312546373629
304 0 50 0 1.0 0.0
305 6 59 144 453.18759912424787 65259.01427389169
306 9 105 324 1075.929830425758 348601.26505794557
307 3 18 36 76.36753236814714 2749.231165253297
308 7 80 196 715.5417527999327 140246.18354878682
309 4 88 64 825.5131737289236 52832.84311865111
310 4 65 64 524.0467536394058 33538.99223292197
311 0 50 0 1.0 0.0
312 8 56 256 419.06562731868144 107280.80059358245
313 4 34 64 198.25236442474022 12688.151323183374
314 1 56 4 14.696938456699069 58.787753826796276
315 6 65 144 524.0467536394058 75462.73252407444
316 7 296 196 311.9871792237623 61149.487127857414
317 8 65 256 524.0467536394058 134155.96893168788
318 5 43 100 281.96985654498604 28196.985654498603
319 0 50 0 1.0 0.0
320 0 50 0 1.0 0.0
321 10 121 400 1331.0 532400.0
322 2 16 16 64.0 1024.0
323 11 417 484 2158.1156132144542 1044527.9567957958
324 4 106 64 419.06562731868144 26820.200148395612
325 0 50 0 1.0 0.0
326 5 86 100 216.0 21600.0
327 5 70 100 585.6620185738528 58566.201857385284
328 1 17 4 70.09279563550022 280.3711825420009
329 6 328 144 688.877347573572 99198.33805059438
330 11 111 484 1169.4575665666541 566017.4622182606
331 10 94 400 911.3638131942698 364545.52527770796
332 5 72 100 610.9402589451771 61094.02589451771
333 7 78 196 688.877347573572 135019.96012442012
334 3 56 36 419.06562731868144 15086.362583472532
335 7 85 196 783.6612788698955 153597.6106584995
336 3 24 36 117.57550765359255 4232.718275529332
337 0 50 0 1.0 0.0
338 0 50 0 1.0 0.0
339 7 88 196 825.5131737289236 161800.582050869
340 6 70 144 585.6620185738528 84335.33067463481
341 7 94 196 911.3638131942698 178627.3073860769
342 11 189 484 2598.3204190399615 1257587.0828153414
343 8 121 256 1331.0 340736.0
344 5 64 100 512.0 51200.0
345 5 56 100 419.06562731868144 41906.56273186814
346 5 119 100 573.1570465413472 57315.70465413472
347 3 48 36 332.55375505322445 11971.93518191608
348 4 31 64 172.60069524773067 11046.444495854763
349 7 324 196 636.5720697611544 124768.12567318625
350 10 174 400 2295.2176367394877 918087.054695795
351 7 63 196 500.0469977912076 98009.2115670767
352 5 54 100 396.81733833087486 39681.733833087485
353 7 80 196 715.5417527999327 140246.18354878682
354 1 24 4 117.57550765359255 470.3020306143702
355 5 86 100 216.0 21600.0
356 3 65 36 524.0467536394058 18865.68313101861
357 9 99 324 985.0375627355537 319152.1703263194
358 9 377 324 1431.21731403725 463714.40974806895
359 3 65 36 58.09475019311125 2091.411006952005
360 8 89 256 839.6243207530378 214943.82611277766
361 10 132 400 1516.5645386860397 606625.8154744159
362 6 62 144 488.18848818873226 70299.14229917745
363 12 157 576 1967.204361524242 1133109.7122379635
364 5 121 100 598.2566338955214 59825.663389552145
365 7 94 196 911.3638131942698 178627.3073860769
366 4 70 64 89.44271909999159 5724.334022399462
367 6 96 144 940.6040612287404 135446.9848169386
368 4 92 64 272.19110933313016 17420.23099732033
369 5 101 100 364.21284985568536 36421.284985568534
370 6 76 144 662.5526394181824 95407.58007621826
371 7 40 196 252.98221281347034 49584.51371144019
372 12 115 576 1233.2376088978149 710344.8627251413
373 7 51 196 364.21284985568536 71385.71857171433
374 9 100 324 1000.0 324000.0
375 8 98 256 970.1505037879432 248358.52896971346
376 10 134 400 1551.1621449738902 620464.857989556
377 9 121 324 1331.0 431244.0
378 6 294 144 291.8629815512752 42028.269343383625
379 5 79 100 702.1673589679315 70216.73589679315
380 10 337 400 811.4819776187269 324592.7910474908
381 10 113 400 1201.2064768390153 480482.5907356061
382 9 154 324 1911.089741482592 619193.0762403598
383 7 87 196 811.4819776187269 159050.46761327048
384 8 101 256 1015.0374377332099 259849.58405970174
385 2 23 16 110.30412503619254 1764.8660005790807
386 6 61 144 476.42523023030594 68605.23315316405
387 6 59 144 453.18759912424787 65259.01427389169
388 6 374 144 1380.8055619818454 198836.00092538574
389 5 76 100 662.5526394181824 66255.26394181824
390 3 101 36 364.21284985568536 13111.662594804673
391 9 72 324 610.9402589451771 197944.64389823738
392 8 95 256 925.9454627568516 237042.038465754
393 6 59 144 453.18759912424787 65259.01427389169
394 9 115 324 1233.2376088978149 399568.985282892
395 7 117 196 1265.5484976878602 248047.50554682058
396 7 98 196 970.1505037879432 190149.49874243687
397 7 97 196 955.3392067742221 187246.48452774753
398 7 99 196 985.0375627355537 193067.36229616852
399 7 86 196 797.5311906126306 156316.1133600756
601's generation fitness ratios and roulette cutoffs:
1869158.091775011 34557663.54405143 86394.15886012858 4.1411465904679325e-05 4.1411465904679325e-05
1869158.091775011 34557663.54405143 86394.15886012858 0.0 4.1411465904679325e-05
1869158.091775011 34557663.54405143 86394.15886012858 1.294108309521229e-06 4.2705574214200553e-05
1869158.091775011 34557663.54405143 86394.15886012858 0.0028705163450689895 0.00291322191928319
1869158.091775011 34557663.54405143 86394.15886012858 0.0004168100558472393 0.0033300319751304293
1869158.091775011 34557663.54405143 86394.15886012858 0.0 0.0033300319751304293
1869158.091775011 34557663.54405143 86394.15886012858 3.8344758960547876e-05 0.003368376734090977
1869158.091775011 34557663.54405143 86394.15886012858 0.0 0.003368376734090977
1869158.091775011 34557663.54405143 86394.15886012858 0.010964405943839291 0.014332782677930268
1869158.091775011 34557663.54405143 86394.15886012858 0.0 0.014332782677930268
1869158.091775011 34557663.54405143 86394.15886012858 6.014471917157223e-07 0.014333384125121983
1869158.091775011 34557663.54405143 86394.15886012858 0.0 0.014333384125121983
1869158.091775011 34557663.54405143 86394.15886012858 0.0 0.014333384125121983
1869158.091775011 34557663.54405143 86394.15886012858 0.0 0.014333384125121983
1869158.091775011 34557663.54405143 86394.15886012858 0.0 0.014333384125121983
1869158.091775011 34557663.54405143 86394.15886012858 0.0 0.014333384125121983
1869158.091775011 34557663.54405143 86394.15886012858 1.294108309521229e-06 0.014334678233431505
1869158.091775011 34557663.54405143 86394.15886012858 0.0006158819243168996 0.014950560157748405
1869158.091775011 34557663.54405143 86394.15886012858 0.0019172379480273938 0.016867798105775798
1869158.091775011 34557663.54405143 86394.15886012858 0.0 0.016867798105775798
1869158.091775011 34557663.54405143 86394.15886012858 0.0015164415064444145 0.018384239612220212
1869158.091775011 34557663.54405143 86394.15886012858 1.0352866476169831e-05 0.018394592478696382
1869158.091775011 34557663.54405143 86394.15886012858 0.00611532582939861 0.024509918308094993
1869158.091775011 34557663.54405143 86394.15886012858 0.00010845535633586814 0.02461837366443086
1869158.091775011 34557663.54405143 86394.15886012858 6.4956296705298e-05 0.024683329961136157
1869158.091775011 34557663.54405143 86394.15886012858 0.0006364391300352329 0.02531976909117139
1869158.091775011 34557663.54405143 86394.15886012858 3.8344758960547876e-05 0.025358113850131935
1869158.091775011 34557663.54405143 86394.15886012858 0.0 0.025358113850131935
1869158.091775011 34557663.54405143 86394.15886012858 3.535772944640183e-05 0.025393471579578338
1869158.091775011 34557663.54405143 86394.15886012858 0.0 0.025393471579578338
1869158.091775011 34557663.54405143 86394.15886012858 7.607772072534548e-05 0.025469549300303682
1869158.091775011 34557663.54405143 86394.15886012858 0.0 0.025469549300303682
1869158.091775011 34557663.54405143 86394.15886012858 4.1411465904679325e-05 0.025510960766208363
1869158.091775011 34557663.54405143 86394.15886012858 0.0 0.025510960766208363
1869158.091775011 34557663.54405143 86394.15886012858 0.0 0.025510960766208363
1869158.091775011 34557663.54405143 86394.15886012858 0.0005333693921900801 0.026044330158398445
1869158.091775011 34557663.54405143 86394.15886012858 0.0 0.026044330158398445
1869158.091775011 34557663.54405143 86394.15886012858 0.0 0.026044330158398445
1869158.091775011 34557663.54405143 86394.15886012858 0.0 0.026044330158398445
1869158.091775011 34557663.54405143 86394.15886012858 1.0352866476169831e-05 0.026054683024874615
1869158.091775011 34557663.54405143 86394.15886012858 0.0005040916893908169 0.026558774714265432
1869158.091775011 34557663.54405143 86394.15886012858 0.0 0.026558774714265432
1869158.091775011 34557663.54405143 86394.15886012858 0.0 0.026558774714265432
1869158.091775011 34557663.54405143 86394.15886012858 0.0 0.026558774714265432
1869158.091775011 34557663.54405143 86394.15886012858 1.701149551151171e-06 0.026560475863816584
1869158.091775011 34557663.54405143 86394.15886012858 6.014471917157223e-07 0.0265610773110083
1869158.091775011 34557663.54405143 86394.15886012858 0.0 0.0265610773110083
1869158.091775011 34557663.54405143 86394.15886012858 0.000904113879234091 0.02746519119024239
1869158.091775011 34557663.54405143 86394.15886012858 0.00010000676103564002 0.02756519795127803
1869158.091775011 34557663.54405143 86394.15886012858 1.2500845129455002e-05 0.027577698796407486
1869158.091775011 34557663.54405143 86394.15886012858 7.230571208395614e-05 0.027650004508491442
1869158.091775011 34557663.54405143 86394.15886012858 0.0 0.027650004508491442
1869158.091775011 34557663.54405143 86394.15886012858 2.619091070103839e-06 0.027652623599561547
1869158.091775011 34557663.54405143 86394.15886012858 0.0 0.027652623599561547
1869158.091775011 34557663.54405143 86394.15886012858 0.0 0.027652623599561547
1869158.091775011 34557663.54405143 86394.15886012858 0.0 0.027652623599561547
1869158.091775011 34557663.54405143 86394.15886012858 0.0 0.027652623599561547
1869158.091775011 34557663.54405143 86394.15886012858 0.0 0.027652623599561547
1869158.091775011 34557663.54405143 86394.15886012858 0.0 0.027652623599561547
1869158.091775011 34557663.54405143 86394.15886012858 0.0 0.027652623599561547
1869158.091775011 34557663.54405143 86394.15886012858 0.00436647148587336 0.03201909508543491
1869158.091775011 34557663.54405143 86394.15886012858 0.0 0.03201909508543491
1869158.091775011 34557663.54405143 86394.15886012858 0.0009378226256562884 0.032956917711091195
1869158.091775011 34557663.54405143 86394.15886012858 0.00018857455704747642 0.03314549226813867
1869158.091775011 34557663.54405143 86394.15886012858 2.1942521327474016e-05 0.03316743478946614
1869158.091775011 34557663.54405143 86394.15886012858 8.839432361600457e-06 0.03317627422182774
1869158.091775011 34557663.54405143 86394.15886012858 0.011562384267488235 0.04473865848931598
1869158.091775011 34557663.54405143 86394.15886012858 0.0 0.04473865848931598
1869158.091775011 34557663.54405143 86394.15886012858 1.4641164180037127e-05 0.04475329965349602
1869158.091775011 34557663.54405143 86394.15886012858 2.3967221296027604e-05 0.04477726687479205
1869158.091775011 34557663.54405143 86394.15886012858 0.00675129948760363 0.05152856636239568
1869158.091775011 34557663.54405143 86394.15886012858 0.0 0.05152856636239568
1869158.091775011 34557663.54405143 86394.15886012858 0.004104600672817657 0.055633167035213336
1869158.091775011 34557663.54405143 86394.15886012858 0.0 0.055633167035213336
1869158.091775011 34557663.54405143 86394.15886012858 1.1574856601347223e-07 0.05563328278377935
1869158.091775011 34557663.54405143 86394.15886012858 0.0 0.05563328278377935
1869158.091775011 34557663.54405143 86394.15886012858 0.0 0.05563328278377935
1869158.091775011 34557663.54405143 86394.15886012858 9.586189740136969e-06 0.05564286897351949
1869158.091775011 34557663.54405143 86394.15886012858 0.0 0.05564286897351949
1869158.091775011 34557663.54405143 86394.15886012858 0.0 0.05564286897351949
1869158.091775011 34557663.54405143 86394.15886012858 3.273863837629799e-07 0.05564319635990325
1869158.091775011 34557663.54405143 86394.15886012858 0.0 0.05564319635990325
1869158.091775011 34557663.54405143 86394.15886012858 0.01879733687610736 0.07444053323601062
1869158.091775011 34557663.54405143 86394.15886012858 0.0 0.07444053323601062
1869158.091775011 34557663.54405143 86394.15886012858 4.777598304217664e-05 0.07448830921905279
1869158.091775011 34557663.54405143 86394.15886012858 0.0 0.07448830921905279
1869158.091775011 34557663.54405143 86394.15886012858 0.0015625111874973219 0.07605082040655012
1869158.091775011 34557663.54405143 86394.15886012858 0.0 0.07605082040655012
1869158.091775011 34557663.54405143 86394.15886012858 0.00043655620884906196 0.07648737661539919
1869158.091775011 34557663.54405143 86394.15886012858 0.0 0.07648737661539919
1869158.091775011 34557663.54405143 86394.15886012858 0.00029373845898695954 0.07678111507438615
1869158.091775011 34557663.54405143 86394.15886012858 0.021052080496424604 0.09783319557081074
1869158.091775011 34557663.54405143 86394.15886012858 1.1574856601347223e-07 0.09783331131937675
1869158.091775011 34557663.54405143 86394.15886012858 0.020629638675849275 0.11846294999522602
1869158.091775011 34557663.54405143 86394.15886012858 1.294108309521229e-06 0.11846424410353555
1869158.091775011 34557663.54405143 86394.15886012858 0.0012452825760684543 0.11970952667960401
1869158.091775011 34557663.54405143 86394.15886012858 3.8344758960547876e-05 0.11974787143856455
1869158.091775011 34557663.54405143 86394.15886012858 0.00043382142534347255 0.12018169286390802
1869158.091775011 34557663.54405143 86394.15886012858 0.0 0.12018169286390802
1869158.091775011 34557663.54405143 86394.15886012858 0.0 0.12018169286390802
1869158.091775011 34557663.54405143 86394.15886012858 0.0 0.12018169286390802
1869158.091775011 34557663.54405143 86394.15886012858 0.0 0.12018169286390802
1869158.091775011 34557663.54405143 86394.15886012858 0.0012126561356918387 0.12139434899959986
1869158.091775011 34557663.54405143 86394.15886012858 0.0 0.12139434899959986
1869158.091775011 34557663.54405143 86394.15886012858 0.0 0.12139434899959986
1869158.091775011 34557663.54405143 86394.15886012858 0.0 0.12139434899959986
1869158.091775011 34557663.54405143 86394.15886012858 0.0 0.12139434899959986
1869158.091775011 34557663.54405143 86394.15886012858 0.0 0.12139434899959986
1869158.091775011 34557663.54405143 86394.15886012858 0.0 0.12139434899959986
1869158.091775011 34557663.54405143 86394.15886012858 0.0 0.12139434899959986
1869158.091775011 34557663.54405143 86394.15886012858 0.0007876432646731513 0.12218199226427301
1869158.091775011 34557663.54405143 86394.15886012858 0.0 0.12218199226427301
1869158.091775011 34557663.54405143 86394.15886012858 0.0 0.12218199226427301
1869158.091775011 34557663.54405143 86394.15886012858 0.0 0.12218199226427301
1869158.091775011 34557663.54405143 86394.15886012858 4.1411465904679325e-05 0.12222340373017769
1869158.091775011 34557663.54405143 86394.15886012858 0.0 0.12222340373017769
1869158.091775011 34557663.54405143 86394.15886012858 0.0031509046321702506 0.12537430836234795
1869158.091775011 34557663.54405143 86394.15886012858 0.0 0.12537430836234795
1869158.091775011 34557663.54405143 86394.15886012858 0.0 0.12537430836234795
1869158.091775011 34557663.54405143 86394.15886012858 0.0 0.12537430836234795
1869158.091775011 34557663.54405143 86394.15886012858 0.008956910602485704 0.13433121896483366
1869158.091775011 34557663.54405143 86394.15886012858 5.4253860676990336e-06 0.13433664435090137
1869158.091775011 34557663.54405143 86394.15886012858 0.00013021713676515626 0.1344668614876665
1869158.091775011 34557663.54405143 86394.15886012858 0.0 0.1344668614876665
1869158.091775011 34557663.54405143 86394.15886012858 0.00013810778204490014 0.1346049692697114
1869158.091775011 34557663.54405143 86394.15886012858 0.02078136260692726 0.15538633187663867
1869158.091775011 34557663.54405143 86394.15886012858 0.0 0.15538633187663867
1869158.091775011 34557663.54405143 86394.15886012858 0.0 0.15538633187663867
1869158.091775011 34557663.54405143 86394.15886012858 0.0 0.15538633187663867
1869158.091775011 34557663.54405143 86394.15886012858 1.0476364280415356e-05 0.1553968082409191
1869158.091775011 34557663.54405143 86394.15886012858 3.273863837629799e-07 0.15539713562730284
1869158.091775011 34557663.54405143 86394.15886012858 1.701149551151171e-06 0.15539883677685398
1869158.091775011 34557663.54405143 86394.15886012858 3.273863837629799e-07 0.15539916416323774
1869158.091775011 34557663.54405143 86394.15886012858 0.0 0.15539916416323774
1869158.091775011 34557663.54405143 86394.15886012858 0.0 0.15539916416323774
1869158.091775011 34557663.54405143 86394.15886012858 1.294108309521229e-06 0.15540045827154725
1869158.091775011 34557663.54405143 86394.15886012858 9.178970756377599e-05 0.15549224797911101
1869158.091775011 34557663.54405143 86394.15886012858 2.619091070103839e-06 0.15549486707018112
1869158.091775011 34557663.54405143 86394.15886012858 0.0 0.15549486707018112
1869158.091775011 34557663.54405143 86394.15886012858 0.0 0.15549486707018112
1869158.091775011 34557663.54405143 86394.15886012858 1.9246310134903112e-05 0.155514113380316
1869158.091775011 34557663.54405143 86394.15886012858 6.7243840277635165e-06 0.15552083776434378
1869158.091775011 34557663.54405143 86394.15886012858 9.259885281077779e-07 0.15552176375287188
1869158.091775011 34557663.54405143 86394.15886012858 0.0 0.15552176375287188
1869158.091775011 34557663.54405143 86394.15886012858 0.00010420251396180983 0.1556259662668337
1869158.091775011 34557663.54405143 86394.15886012858 0.0033232712999194504 0.15894923756675314
1869158.091775011 34557663.54405143 86394.15886012858 0.0021095176155955316 0.16105875518234866
1869158.091775011 34557663.54405143 86394.15886012858 0.0 0.16105875518234866
1869158.091775011 34557663.54405143 86394.15886012858 0.0 0.16105875518234866
1869158.091775011 34557663.54405143 86394.15886012858 0.0 0.16105875518234866
1869158.091775011 34557663.54405143 86394.15886012858 0.004211458038956361 0.16527021322130503
1869158.091775011 34557663.54405143 86394.15886012858 1.901943018133637e-05 0.16528923265148637
1869158.091775011 34557663.54405143 86394.15886012858 0.0001461516675869205 0.1654353843190733
1869158.091775011 34557663.54405143 86394.15886012858 5.443678563683747e-05 0.1654898211047101
1869158.091775011 34557663.54405143 86394.15886012858 7.407908224862223e-06 0.16549722901293498
1869158.091775011 34557663.54405143 86394.15886012858 0.0 0.16549722901293498
1869158.091775011 34557663.54405143 86394.15886012858 0.0 0.16549722901293498
1869158.091775011 34557663.54405143 86394.15886012858 0.0 0.16549722901293498
1869158.091775011 34557663.54405143 86394.15886012858 0.0 0.16549722901293498
1869158.091775011 34557663.54405143 86394.15886012858 0.0 0.16549722901293498
1869158.091775011 34557663.54405143 86394.15886012858 0.003683864049258799 0.16918109306219378
1869158.091775011 34557663.54405143 86394.15886012858 0.0 0.16918109306219378
1869158.091775011 34557663.54405143 86394.15886012858 0.0 0.16918109306219378
1869158.091775011 34557663.54405143 86394.15886012858 3.1252112823637505e-06 0.16918421827347616
1869158.091775011 34557663.54405143 86394.15886012858 0.0 0.16918421827347616
1869158.091775011 34557663.54405143 86394.15886012858 5.4253860676990336e-06 0.16918964365954386
1869158.091775011 34557663.54405143 86394.15886012858 2.1701544270796134e-05 0.16921134520381467
1869158.091775011 34557663.54405143 86394.15886012858 4.222840198372076e-06 0.16921556804401305
1869158.091775011 34557663.54405143 86394.15886012858 0.0012781964833271868 0.17049376452734025
1869158.091775011 34557663.54405143 86394.15886012858 0.0003196525274856505 0.1708134170548259
1869158.091775011 34557663.54405143 86394.15886012858 0.0 0.1708134170548259
1869158.091775011 34557663.54405143 86394.15886012858 0.0 0.1708134170548259
1869158.091775011 34557663.54405143 86394.15886012858 0.0 0.1708134170548259
1869158.091775011 34557663.54405143 86394.15886012858 2.619091070103839e-06 0.170816036145896
1869158.091775011 34557663.54405143 86394.15886012858 0.0 0.170816036145896
1869158.091775011 34557663.54405143 86394.15886012858 0.00025372019663813826 0.17106975634253413
1869158.091775011 34557663.54405143 86394.15886012858 0.0 0.17106975634253413
1869158.091775011 34557663.54405143 86394.15886012858 0.0 0.17106975634253413
1869158.091775011 34557663.54405143 86394.15886012858 0.0 0.17106975634253413
1869158.091775011 34557663.54405143 86394.15886012858 2.6897536111054066e-05 0.17109665387864517
1869158.091775011 34557663.54405143 86394.15886012858 0.0 0.17109665387864517
1869158.091775011 34557663.54405143 86394.15886012858 7.407908224862223e-06 0.17110406178687004
1869158.091775011 34557663.54405143 86394.15886012858 0.0 0.17110406178687004
1869158.091775011 34557663.54405143 86394.15886012858 0.0 0.17110406178687004
1869158.091775011 34557663.54405143 86394.15886012858 9.586189740136969e-06 0.1711136479766102
1869158.091775011 34557663.54405143 86394.15886012858 3.6602910450092817e-06 0.1711173082676552
1869158.091775011 34557663.54405143 86394.15886012858 0.0 0.1711173082676552
1869158.091775011 34557663.54405143 86394.15886012858 0.0 0.1711173082676552
1869158.091775011 34557663.54405143 86394.15886012858 3.1252112823637505e-06 0.17112043347893757
1869158.091775011 34557663.54405143 86394.15886012858 0.0 0.17112043347893757
1869158.091775011 34557663.54405143 86394.15886012858 4.222840198372076e-06 0.17112465631913595
1869158.091775011 34557663.54405143 86394.15886012858 9.317579828552848e-05 0.17121783211742148
1869158.091775011 34557663.54405143 86394.15886012858 0.0 0.17121783211742148
1869158.091775011 34557663.54405143 86394.15886012858 0.0009925439535655245 0.172210376070987
1869158.091775011 34557663.54405143 86394.15886012858 0.0057569672655128 0.1779673433364998
1869158.091775011 34557663.54405143 86394.15886012858 0.00046851725376118806 0.17843586059026098
1869158.091775011 34557663.54405143 86394.15886012858 0.0008607211555537301 0.1792965817458147
1869158.091775011 34557663.54405143 86394.15886012858 0.0 0.1792965817458147
1869158.091775011 34557663.54405143 86394.15886012858 0.0 0.1792965817458147
1869158.091775011 34557663.54405143 86394.15886012858 0.0 0.1792965817458147
1869158.091775011 34557663.54405143 86394.15886012858 3.2452562330738066e-05 0.17932903430814542
1869158.091775011 34557663.54405143 86394.15886012858 1.194399576054416e-05 0.17934097830390597
1869158.091775011 34557663.54405143 86394.15886012858 6.014471917157223e-07 0.17934157975109769
1869158.091775011 34557663.54405143 86394.15886012858 0.0006352281302819357 0.17997680788137962
1869158.091775011 34557663.54405143 86394.15886012858 0.00011276453183917256 0.1800895724132188
1869158.091775011 34557663.54405143 86394.15886012858 0.012478968650478456 0.19256854106369725
1869158.091775011 34557663.54405143 86394.15886012858 0.00024402455175570332 0.19281256561545296
1869158.091775011 34557663.54405143 86394.15886012858 9.259885281077779e-07 0.19281349160398106
1869158.091775011 34557663.54405143 86394.15886012858 0.0 0.19281349160398106
1869158.091775011 34557663.54405143 86394.15886012858 7.407908224862223e-06 0.19282089951220593
1869158.091775011 34557663.54405143 86394.15886012858 0.0 0.19282089951220593
1869158.091775011 34557663.54405143 86394.15886012858 0.010228880879540816 0.20304978039174676
1869158.091775011 34557663.54405143 86394.15886012858 0.019871312560818186 0.22292109295256496
1869158.091775011 34557663.54405143 86394.15886012858 0.05408809219385891 0.27700918514642386
1869158.091775011 34557663.54405143 86394.15886012858 3.1252112823637505e-06 0.27701231035770624
1869158.091775011 34557663.54405143 86394.15886012858 0.00036715883025510395 0.27737946918796136
1869158.091775011 34557663.54405143 86394.15886012858 0.0019078132453481914 0.2792872824333095
1869158.091775011 34557663.54405143 86394.15886012858 0.0 0.2792872824333095
1869158.091775011 34557663.54405143 86394.15886012858 0.0 0.2792872824333095
1869158.091775011 34557663.54405143 86394.15886012858 0.0039070916918994576 0.283194374125209
1869158.091775011 34557663.54405143 86394.15886012858 0.006324982925776039 0.289519357050985
1869158.091775011 34557663.54405143 86394.15886012858 0.005586817582446255 0.2951061746334313
1869158.091775011 34557663.54405143 86394.15886012858 0.00041337934092973454 0.295519553974361
1869158.091775011 34557663.54405143 86394.15886012858 0.0006512657122613115 0.29617081968662234
1869158.091775011 34557663.54405143 86394.15886012858 0.0 0.29617081968662234
1869158.091775011 34557663.54405143 86394.15886012858 0.0 0.29617081968662234
1869158.091775011 34557663.54405143 86394.15886012858 8.777008530989606e-05 0.29625858977193226
1869158.091775011 34557663.54405143 86394.15886012858 2.1701544270796134e-05 0.29628029131620304
1869158.091775011 34557663.54405143 86394.15886012858 0.0005991805324006901 0.29687947184860375
1869158.091775011 34557663.54405143 86394.15886012858 0.0010539278773618911 0.29793339972596566
1869158.091775011 34557663.54405143 86394.15886012858 8.574773767951733e-06 0.29794197449973364
1869158.091775011 34557663.54405143 86394.15886012858 0.016880807261813194 0.3148227817615468
1869158.091775011 34557663.54405143 86394.15886012858 0.001227032286737532 0.31604981404828436
1869158.091775011 34557663.54405143 86394.15886012858 0.0 0.31604981404828436
1869158.091775011 34557663.54405143 86394.15886012858 0.0 0.31604981404828436
1869158.091775011 34557663.54405143 86394.15886012858 0.00024402455175570332 0.31629383860004007
1869158.091775011 34557663.54405143 86394.15886012858 1.294108309521229e-06 0.3162951327083496
1869158.091775011 34557663.54405143 86394.15886012858 0.032164415128689054 0.34845954783703864
1869158.091775011 34557663.54405143 86394.15886012858 0.0 0.34845954783703864
1869158.091775011 34557663.54405143 86394.15886012858 3.2942619405083536e-05 0.3484924904564437
1869158.091775011 34557663.54405143 86394.15886012858 0.0021267513385380215 0.3506192417949817
1869158.091775011 34557663.54405143 86394.15886012858 0.023783187215173623 0.37440242901015536
1869158.091775011 34557663.54405143 86394.15886012858 0.0007969808486838107 0.37519940985883915
1869158.091775011 34557663.54405143 86394.15886012858 6.014471917157223e-07 0.37520001130603087
1869158.091775011 34557663.54405143 86394.15886012858 0.003110454862297303 0.3783104661683282
1869158.091775011 34557663.54405143 86394.15886012858 0.02004502356216927 0.39835548973049745
1869158.091775011 34557663.54405143 86394.15886012858 0.00020428070877296045 0.39855977043927043
1869158.091775011 34557663.54405143 86394.15886012858 6.138123646440006e-05 0.3986211516757348
1869158.091775011 34557663.54405143 86394.15886012858 0.003982468380198248 0.40260362005593303
1869158.091775011 34557663.54405143 86394.15886012858 0.0012452825760684543 0.40384890263200146
1869158.091775011 34557663.54405143 86394.15886012858 0.016958997836746693 0.42080790046874816
1869158.091775011 34557663.54405143 86394.15886012858 6.138123646440006e-05 0.42086928170521254
1869158.091775011 34557663.54405143 86394.15886012858 0.0 0.42086928170521254
1869158.091775011 34557663.54405143 86394.15886012858 8.777008530989606e-05 0.42095705179052245
1869158.091775011 34557663.54405143 86394.15886012858 0.0 0.42095705179052245
1869158.091775011 34557663.54405143 86394.15886012858 2.1701544270796134e-05 0.42097875333479323
1869158.091775011 34557663.54405143 86394.15886012858 0.0 0.42097875333479323
1869158.091775011 34557663.54405143 86394.15886012858 0.011923832783426196 0.4329025861182194
1869158.091775011 34557663.54405143 86394.15886012858 0.0 0.4329025861182194
1869158.091775011 34557663.54405143 86394.15886012858 3.8344758960547876e-05 0.43294093087717994
1869158.091775011 34557663.54405143 86394.15886012858 8.113140582684516e-06 0.43294904401776263
1869158.091775011 34557663.54405143 86394.15886012858 0.0 0.43294904401776263
1869158.091775011 34557663.54405143 86394.15886012858 0.002083670025612271 0.4350327140433749
1869158.091775011 34557663.54405143 86394.15886012858 0.0 0.4350327140433749
1869158.091775011 34557663.54405143 86394.15886012858 0.0021881282167848966 0.4372208422601598
1869158.091775011 34557663.54405143 86394.15886012858 0.004211458038956361 0.4414323002991161
1869158.091775011 34557663.54405143 86394.15886012858 0.0 0.4414323002991161
1869158.091775011 34557663.54405143 86394.15886012858 4.4555831488503677e-05 0.4414768561306046
1869158.091775011 34557663.54405143 86394.15886012858 1.294108309521229e-06 0.4414781502389141
1869158.091775011 34557663.54405143 86394.15886012858 0.0003043108829013819 0.4417824611218155
1869158.091775011 34557663.54405143 86394.15886012858 0.001378638430294907 0.4431610995521104
1869158.091775011 34557663.54405143 86394.15886012858 0.0017932069095385741 0.44495430646164896
1869158.091775011 34557663.54405143 86394.15886012858 0.0004601507339977873 0.44541445719564676
1869158.091775011 34557663.54405143 86394.15886012858 0.0 0.44541445719564676
1869158.091775011 34557663.54405143 86394.15886012858 1.1574856601347223e-07 0.44541457294421277
1869158.091775011 34557663.54405143 86394.15886012858 0.0 0.44541457294421277
1869158.091775011 34557663.54405143 86394.15886012858 0.002183675769279957 0.44759824871349274
1869158.091775011 34557663.54405143 86394.15886012858 0.003980849156660313 0.45157909787015305
1869158.091775011 34557663.54405143 86394.15886012858 0.0003043108829013819 0.45188340875305444
1869158.091775011 34557663.54405143 86394.15886012858 3.1252112823637505e-06 0.4518865339643368
1869158.091775011 34557663.54405143 86394.15886012858 1.0476364280415356e-05 0.45189701032861723
1869158.091775011 34557663.54405143 86394.15886012858 1.701149551151171e-06 0.4518987114781684
1869158.091775011 34557663.54405143 86394.15886012858 0.0011165275211387515 0.4530152389993072
1869158.091775011 34557663.54405143 86394.15886012858 0.00868132562118371 0.4616965646204909
1869158.091775011 34557663.54405143 86394.15886012858 0.0 0.4616965646204909
1869158.091775011 34557663.54405143 86394.15886012858 7.955489125440412e-05 0.4617761195117453
1869158.091775011 34557663.54405143 86394.15886012858 6.7243840277635165e-06 0.46178284389577307
1869158.091775011 34557663.54405143 86394.15886012858 0.012793941769209793 0.47457678566498285
1869158.091775011 34557663.54405143 86394.15886012858 0.0005590547897131709 0.47513584045469603
1869158.091775011 34557663.54405143 86394.15886012858 0.0 0.47513584045469603
1869158.091775011 34557663.54405143 86394.15886012858 7.407908224862223e-06 0.4751432483629209
1869158.091775011 34557663.54405143 86394.15886012858 0.0008392930357395199 0.4759825413986604
1869158.091775011 34557663.54405143 86394.15886012858 2.1436934419879332e-06 0.4759846850921024
1869158.091775011 34557663.54405143 86394.15886012858 8.381091424332285e-05 0.4760684960063457
1869158.091775011 34557663.54405143 86394.15886012858 2.1436934419879332e-06 0.4760706396997877
1869158.091775011 34557663.54405143 86394.15886012858 1.4641164180037127e-05 0.47608528086396773
1869158.091775011 34557663.54405143 86394.15886012858 2.1942521327474016e-05 0.4761072233852952
1869158.091775011 34557663.54405143 86394.15886012858 0.0 0.4761072233852952
1869158.091775011 34557663.54405143 86394.15886012858 0.0003043108829013819 0.4764115342681966
1869158.091775011 34557663.54405143 86394.15886012858 0.0010846326210956641 0.47749616688929225
1869158.091775011 34557663.54405143 86394.15886012858 0.0076312529813927655 0.48512741987068503
1869158.091775011 34557663.54405143 86394.15886012858 0.0010939410139697054 0.48622136088465473
1869158.091775011 34557663.54405143 86394.15886012858 0.0003352436569732914 0.486556604541628
1869158.091775011 34557663.54405143 86394.15886012858 2.4253122713836776e-05 0.48658085766434184
1869158.091775011 34557663.54405143 86394.15886012858 0.0 0.48658085766434184
1869158.091775011 34557663.54405143 86394.15886012858 0.00188840933041392 0.48846926699475574
1869158.091775011 34557663.54405143 86394.15886012858 0.010087524135234886 0.49855679112999063
1869158.091775011 34557663.54405143 86394.15886012858 7.955489125440412e-05 0.498636346021245
1869158.091775011 34557663.54405143 86394.15886012858 0.004058323658658574 0.5026946696799036
1869158.091775011 34557663.54405143 86394.15886012858 0.0015288314573496525 0.5042235011372532
1869158.091775011 34557663.54405143 86394.15886012858 0.0009705225641244253 0.5051940237013777
1869158.091775011 34557663.54405143 86394.15886012858 0.0 0.5051940237013777
1869158.091775011 34557663.54405143 86394.15886012858 0.0031043997073711073 0.5082984234087488
1869158.091775011 34557663.54405143 86394.15886012858 0.00036715883025510395 0.5086655822390038
1869158.091775011 34557663.54405143 86394.15886012858 1.701149551151171e-06 0.5086672833885549
1869158.091775011 34557663.54405143 86394.15886012858 0.002183675769279957 0.5108509591578348
1869158.091775011 34557663.54405143 86394.15886012858 0.0017694913618771936 0.5126204505197121
1869158.091775011 34557663.54405143 86394.15886012858 0.003882090256497701 0.5165025407762097
1869158.091775011 34557663.54405143 86394.15886012858 0.0008159401638526653 0.5173184809400624
1869158.091775011 34557663.54405143 86394.15886012858 0.0 0.5173184809400624
1869158.091775011 34557663.54405143 86394.15886012858 0.0 0.5173184809400624
1869158.091775011 34557663.54405143 86394.15886012858 0.015406134136393154 0.5327246150764555
1869158.091775011 34557663.54405143 86394.15886012858 2.963163289944889e-05 0.532754246709355
1869158.091775011 34557663.54405143 86394.15886012858 0.03022565329002386 0.5629798999993789
1869158.091775011 34557663.54405143 86394.15886012858 0.0007760999268427768 0.5637559999262217
1869158.091775011 34557663.54405143 86394.15886012858 0.0 0.5637559999262217
1869158.091775011 34557663.54405143 86394.15886012858 0.0006250422564727501 0.5643810421826945
1869158.091775011 34557663.54405143 86394.15886012858 0.0016947384704619753 0.5660757806531564
1869158.091775011 34557663.54405143 86394.15886012858 8.113140582684516e-06 0.5660838937937391
1869158.091775011 34557663.54405143 86394.15886012858 0.0028705163450689895 0.5689544101388081
1869158.091775011 34557663.54405143 86394.15886012858 0.016378927397587093 0.5853333375363952
1869158.091775011 34557663.54405143 86394.15886012858 0.010548905449380672 0.5958822429857759
1869158.091775011 34557663.54405143 86394.15886012858 0.0017678864723200914 0.5976501294580959
1869158.091775011 34557663.54405143 86394.15886012858 0.0039070916918994576 0.6015572211499954
1869158.091775011 34557663.54405143 86394.15886012858 0.00043655620884906196 0.6019937773588445
1869158.091775011 34557663.54405143 86394.15886012858 0.004444675794204234 0.6064384531530488
1869158.091775011 34557663.54405143 86394.15886012858 0.00012248276768288429 0.6065609359207317
1869158.091775011 34557663.54405143 86394.15886012858 0.0 0.6065609359207317
1869158.091775011 34557663.54405143 86394.15886012858 0.0 0.6065609359207317
1869158.091775011 34557663.54405143 86394.15886012858 0.004682046338133311 0.611242982258865
1869158.091775011 34557663.54405143 86394.15886012858 0.0024404233974652445 0.6136834056563302
1869158.091775011 34557663.54405143 86394.15886012858 0.00516896367019653 0.6188523693265267
1869158.091775011 34557663.54405143 86394.15886012858 0.03639097536823538 0.6552433446947621
1869158.091775011 34557663.54405143 86394.15886012858 0.009859925847291619 0.6651032705420538
1869158.091775011 34557663.54405143 86394.15886012858 0.0014815816449724446 0.6665848521870262
1869158.091775011 34557663.54405143 86394.15886012858 0.0012126561356918387 0.6677975083227181
1869158.091775011 34557663.54405143 86394.15886012858 0.0016585526559419477 0.6694560609786601
1869158.091775011 34557663.54405143 86394.15886012858 0.00034643358242825606 0.6698024945610883
1869158.091775011 34557663.54405143 86394.15886012858 0.0003196525274856505 0.670122147088574
1869158.091775011 34557663.54405143 86394.15886012858 0.0036104329077149997 0.673732579996289
1869158.091775011 34557663.54405143 86394.15886012858 0.026566815014142632 0.7002993950104316
1869158.091775011 34557663.54405143 86394.15886012858 0.002836106423750036 0.7031355014341816
1869158.091775011 34557663.54405143 86394.15886012858 0.0011482759470270404 0.7042837773812086
1869158.091775011 34557663.54405143 86394.15886012858 0.004058323658658574 0.7083421010398672
1869158.091775011 34557663.54405143 86394.15886012858 1.3609196409209368e-05 0.7083557102362764
1869158.091775011 34557663.54405143 86394.15886012858 0.0006250422564727501 0.7089807524927492
1869158.091775011 34557663.54405143 86394.15886012858 0.0005459189423199892 0.7095266714350692
1869158.091775011 34557663.54405143 86394.15886012858 0.009235351513839729 0.7187620229489089
1869158.091775011 34557663.54405143 86394.15886012858 0.013418569492030668 0.7321805924409396
1869158.091775011 34557663.54405143 86394.15886012858 6.051945624987165e-05 0.7322411118971894
1869158.091775011 34557663.54405143 86394.15886012858 0.006219859911500786 0.7384609718086902
1869158.091775011 34557663.54405143 86394.15886012858 0.017554017061979215 0.7560149888706694
1869158.091775011 34557663.54405143 86394.15886012858 0.0020342562282767047 0.7580492450989461
1869158.091775011 34557663.54405143 86394.15886012858 0.03278895608187061 0.7908382011808167
1869158.091775011 34557663.54405143 86394.15886012858 0.0017311836870363363 0.792569384867853
1869158.091775011 34557663.54405143 86394.15886012858 0.00516896367019653 0.7977383485380495
1869158.091775011 34557663.54405143 86394.15886012858 0.0001656458636187173 0.7979039944016681
1869158.091775011 34557663.54405143 86394.15886012858 0.003919448565852297 0.8018234429675204
1869158.091775011 34557663.54405143 86394.15886012858 0.0005040916893908169 0.8023275346569112
1869158.091775011 34557663.54405143 86394.15886012858 0.0010539278773618911 0.8033814625342731
1869158.091775011 34557663.54405143 86394.15886012858 0.002760822645159447 0.8061422851794325
1869158.091775011 34557663.54405143 86394.15886012858 0.0014348340896436385 0.8075771192690762
1869158.091775011 34557663.54405143 86394.15886012858 0.020555349808867973 0.8281324690779441
1869158.091775011 34557663.54405143 86394.15886012858 0.002065698639629307 0.8301981677175735
1869158.091775011 34557663.54405143 86394.15886012858 0.00937563384709125 0.8395738015646648
1869158.091775011 34557663.54405143 86394.15886012858 0.007186785896364934 0.8467605874610297
1869158.091775011 34557663.54405143 86394.15886012858 0.017954479393510952 0.8647150668545406
1869158.091775011 34557663.54405143 86394.15886012858 0.012478968650478456 0.8771940355050191
1869158.091775011 34557663.54405143 86394.15886012858 0.0012161779771311578 0.8784102134821502
1869158.091775011 34557663.54405143 86394.15886012858 0.002031871622550127 0.8804420851047003
1869158.091775011 34557663.54405143 86394.15886012858 0.009392787525514422 0.8898348726302148
1869158.091775011 34557663.54405143 86394.15886012858 0.013903792718021116 0.9037386653482359
1869158.091775011 34557663.54405143 86394.15886012858 0.01791767766507306 0.9216563430133089
1869158.091775011 34557663.54405143 86394.15886012858 0.004602465887502067 0.9262588089008109
1869158.091775011 34557663.54405143 86394.15886012858 0.007519304183526922 0.9337781130843379
1869158.091775011 34557663.54405143 86394.15886012858 5.107017719324011e-05 0.9338291832615311
1869158.091775011 34557663.54405143 86394.15886012858 0.001985239339624666 0.9358144226011558
1869158.091775011 34557663.54405143 86394.15886012858 0.00188840933041392 0.9377028319315697
1869158.091775011 34557663.54405143 86394.15886012858 0.00575374549474171 0.9434565774263114
1869158.091775011 34557663.54405143 86394.15886012858 0.0019172379480273938 0.9453738153743387
1869158.091775011 34557663.54405143 86394.15886012858 0.00037941403585028087 0.945753229410189
1869158.091775011 34557663.54405143 86394.15886012858 0.005727952170317096 0.9514811815805061
1869158.091775011 34557663.54405143 86394.15886012858 0.006859319009330339 0.9583405005898364
1869158.091775011 34557663.54405143 86394.15886012858 0.00188840933041392 0.9602289099202503
1869158.091775011 34557663.54405143 86394.15886012858 0.011562384267488235 0.9717912941877386
1869158.091775011 34557663.54405143 86394.15886012858 0.007177785767565821 0.9789690799553044
1869158.091775011 34557663.54405143 86394.15886012858 0.005502382951904403 0.9844714629072088
1869158.091775011 34557663.54405143 86394.15886012858 0.005418378018787648 0.9898898409259964
1869158.091775011 34557663.54405143 86394.15886012858 0.005586817582446255 0.9954766585084427
1869158.091775011 34557663.54405143 86394.15886012858 0.00452334149155703 0.9999999999999997
601's generation extracting best parents:
1431.0835055998655
0
0
99198.33805059438
14403.981671746184
0
0
0
378904.25156759593
0
0
0
0
0
0
0
0
21283.440323406365
66255.26394181824
0
52404.67536394058
0
211331.37247460443
3747.9637138051376
2244.737846609265
21993.849322026377
0
0
0
0
2629.0682760247973
0
1431.0835055998655
0
0
18432.0
0
0
0
0
17420.23099732033
0
0
0
0
0
0
31244.063244078865
3456.0
0
2498.71647051041
0
0
0
0
0
0
0
0
0
150895.0524835059
0
32408.958761428912
6516.696095415223
0
0
399568.985282892
0
0
0
233309.13617773307
0
141845.40903391974
0
0
0
0
0
0
0
0
0
649592.043288709
0
1651.0263474578471
0
53996.73590134871
0
15086.362583472532
0
10150.914835619498
727510.7146977286
0
712912.1123953499
0
43034.056281043275
0
14991.85485522055
0
0
0
0
41906.56273186814
0
0
0
0
0
0
0
27219.110933313015
0
0
0
1431.0835055998655
0
108887.90213793266
0
0
0
309529.902994848
0
4500.0
0
4772.682264722846
718155.3369571237
0
0
0
0
0
0
0
0
0
0
3172.0378307958435
0
0
0
0
0
0
0
3600.995417936546
114844.4914482188
72900.0
0
0
0
145538.14994014456
0
5050.660154870846
1881.2081224574808
0
0
0
0
0
0
127305.73435631249
0
0
0
0
0
0
0
44171.48401401067
11046.444495854763
0
0
0
0
0
8767.977189751351
0
0
0
0
0
0
0
0
0
0
0
0
0
0
0
3219.937887599697
0
34300.0
198947.33779570914
16190.861620062102
29744.51209887296
0
0
0
0
0
0
21952.0
3896.8787510006005
431244.0
8432.91835606156
0
0
0
0
353486.2238673524
686706.1336554379
1869158.091775011
0
12688.151323183374
65929.56823762764
0
0
135019.96012442012
218576.63187083838
193067.36229616852
14285.424179911495
22506.221362103413
0
0
3033.1290773720793
0
20706.279240848657
36421.284985568534
0
583361.2577057205
42403.36892276367
0
0
8432.91835606156
0
1111527.036108434
0
0
73495.55719905796
821891.3817871556
27541.796019867696
0
107490.05260022901
692709.179994029
7059.464002316323
2121.1921176545984
137624.80235771457
43034.056281043275
586063.3412865882
2121.1921176545984
0
3033.1290773720793
0
0
0
412059.80148517276
0
0
0
0
72006.7676819339
0
75616.59870689768
145538.14994014456
0
1539.7454335051623
0
10516.27310409919
47642.5230230306
61969.04104470232
15901.734245043841
0
0
0
75462.73252407444
137568.84577548798
10516.27310409919
0
0
0
38584.58241318675
300006.32993321994
0
2749.231165253297
0
442128.7350625381
19319.627325598183
0
0
29004.006343951864
0
2896.309375740099
0
0
0
0
10516.27310409919
37482.36918872658
263718.27295051055
37804.04549780354
11585.237502960395
0
0
65259.01427389169
348601.26505794557
2749.231165253297
140246.18354878682
52832.84311865111
33538.99223292197
0
107280.80059358245
12688.151323183374
0
75462.73252407444
61149.487127857414
134155.96893168788
28196.985654498603
0
0
532400.0
0
1044527.9567957958
26820.200148395612
0
21600.0
58566.201857385284
0
99198.33805059438
566017.4622182606
364545.52527770796
61094.02589451771
135019.96012442012
15086.362583472532
153597.6106584995
4232.718275529332
0
0
161800.582050869
84335.33067463481
178627.3073860769
1257587.0828153414
340736.0
51200.0
41906.56273186814
57315.70465413472
11971.93518191608
11046.444495854763
124768.12567318625
918087.054695795
98009.2115670767
39681.733833087485
140246.18354878682
0
21600.0
18865.68313101861
319152.1703263194
463714.40974806895
2091.411006952005
214943.82611277766
606625.8154744159
70299.14229917745
1133109.7122379635
59825.663389552145
178627.3073860769
5724.334022399462
135446.9848169386
17420.23099732033
36421.284985568534
95407.58007621826
49584.51371144019
710344.8627251413
71385.71857171433
324000.0
248358.52896971346
620464.857989556
431244.0
42028.269343383625
70216.73589679315
324592.7910474908
480482.5907356061
619193.0762403598
159050.46761327048
259849.58405970174
1764.8660005790807
68605.23315316405
65259.01427389169
198836.00092538574
66255.26394181824
13111.662594804673
197944.64389823738
237042.038465754
65259.01427389169
399568.985282892
248047.50554682058
190149.49874243687
187246.48452774753
193067.36229616852
156316.1133600756
