0 2 21 16 96.23408959407264 1539.7454335051623
1 0 50 0 1.0 0.0
2 1 16 4 64.0 256.0
3 1 52 4 2.8284271247461903 11.313708498984761
4 0 50 0 1.0 0.0
5 0 50 0 1.0 0.0
6 0 50 0 1.0 0.0
7 9 326 324 662.5526394181824 214667.05517149108
8 0 50 0 1.0 0.0
9 3 44 36 291.8629815512752 10507.067335845906
10 3 29 36 156.16977940690063 5622.112058648423
11 1 26 4 132.5745073534124 530.2980294136496
12 0 50 0 1.0 0.0
13 0 50 0 1.0 0.0
14 1 53 4 5.196152422706632 20.784609690826528
15 0 50 0 1.0 0.0
16 7 78 196 688.877347573572 135019.96012442012
17 0 50 0 1.0 0.0
18 0 50 0 1.0 0.0
19 1 54 4 8.0 32.0
20 4 37 64 225.06221362103412 14403.981671746184
21 0 50 0 1.0 0.0
22 5 77 100 675.6722578291934 67567.22578291934
23 0 50 0 1.0 0.0
24 2 58 16 22.627416997969522 362.03867196751236
25 5 62 100 488.18848818873226 48818.84881887323
26 7 64 196 512.0 100352.0
27 0 5 0 11.180339887498949 0.0
28 2 66 16 64.0 1024.0
29 0 50 0 1.0 0.0
30 5 122 100 610.9402589451771 61094.02589451771
31 2 71 16 96.23408959407264 1539.7454335051623
32 0 50 0 1.0 0.0
33 3 38 36 234.2477321128211 8432.91835606156
34 0 50 0 1.0 0.0
35 2 61 16 36.4828726939094 583.7259631025504
36 0 50 0 1.0 0.0
37 0 50 0 1.0 0.0
38 5 59 100 453.18759912424787 45318.759912424786
39 0 50 0 1.0 0.0
40 6 73 144 623.7122734081797 89814.56737077788
41 1 24 4 117.57550765359255 470.3020306143702
42 9 118 324 1281.8080979616254 415305.82373956667
43 0 50 0 1.0 0.0
44 0 50 0 1.0 0.0
45 2 72 16 103.18914671611545 1651.0263474578471
46 1 50 4 1.0 4.0
47 2 77 16 140.29611541307906 2244.737846609265
48 0 50 0 1.0 0.0
49 0 10 0 31.622776601683793 0.0
50 11 104 484 1060.5960588272992 513328.4924724128
51 0 50 0 1.0 0.0
52 10 148 400 1800.497708968273 720199.0835873092
53 0 50 0 1.0 0.0
54 0 50 0 1.0 0.0
55 2 71 16 96.23408959407264 1539.7454335051623
56 7 326 196 662.5526394181824 129860.31732596374
57 0 50 0 1.0 0.0
58 5 100 100 353.5533905932738 35355.33905932738
59 0 50 0 1.0 0.0
60 3 36 36 216.0 7776.0
61 0 50 0 1.0 0.0
62 1 54 4 8.0 32.0
63 2 21 16 96.23408959407264 1539.7454335051623
64 1 51 4 1.0 4.0
65 0 50 0 1.0 0.0
66 2 38 16 234.2477321128211 3747.9637138051376
67 0 50 0 1.0 0.0
68 2 29 16 156.16977940690063 2498.71647051041
69 9 80 324 715.5417527999327 231835.5279071782
70 0 7 0 18.520259177452132 0.0
71 3 54 36 396.81733833087486 14285.424179911495
72 0 50 0 1.0 0.0
73 2 30 16 164.31676725154983 2629.0682760247973
74 0 50 0 1.0 0.0
75 0 50 0 1.0 0.0
76 0 50 0 1.0 0.0
77 12 113 576 1201.2064768390153 691894.9306592728
78 1 23 4 110.30412503619254 441.2165001447702
79 16 196 1024 2744.0 2809856.0
80 0 50 0 1.0 0.0
81 0 50 0 1.0 0.0
82 3 18 36 76.36753236814714 2749.231165253297
83 0 50 0 1.0 0.0
84 2 50 16 353.5533905932738 5656.85424949238
85 0 50 0 1.0 0.0
86 0 50 0 1.0 0.0
87 4 66 64 536.1865347059734 34315.938221182296
88 0 50 0 1.0 0.0
89 6 40 144 252.98221281347034 36429.43864513973
90 0 50 0 1.0 0.0
91 0 50 0 1.0 0.0
92 0 50 0 1.0 0.0
93 0 50 0 1.0 0.0
94 0 50 0 1.0 0.0
95 2 16 16 64.0 1024.0
96 0 50 0 1.0 0.0
97 0 50 0 1.0 0.0
98 3 45 36 301.8691769624716 10867.290370648978
99 0 50 0 1.0 0.0
100 0 50 0 1.0 0.0
101 0 50 0 1.0 0.0
102 0 50 0 1.0 0.0
103 0 50 0 1.0 0.0
104 2 26 16 132.5745073534124 2121.1921176545984
105 5 57 100 430.34056281043274 43034.056281043275
106 0 50 0 1.0 0.0
107 0 50 0 1.0 0.0
108 0 50 0 1.0 0.0
109 1 7 4 18.520259177452132 74.08103670980853
110 0 50 0 1.0 0.0
111 0 7 0 18.520259177452132 0.0
112 15 259 900 4168.21052731265 3751389.474581385
113 1 55 4 11.180339887498949 44.721359549995796
114 14 131 784 1499.363531636007 1175501.0088026295
115 0 50 0 1.0 0.0
116 0 9 0 27.0 0.0
117 0 50 0 1.0 0.0
118 2 75 16 125.0 2000.0
119 0 50 0 1.0 0.0
120 3 33 36 189.57056733575496 6824.5404240871785
121 0 50 0 1.0 0.0
122 5 71 100 598.2566338955214 59825.663389552145
123 0 50 0 1.0 0.0
124 0 50 0 1.0 0.0
125 2 74 16 117.57550765359255 1881.2081224574808
126 4 125 64 649.519052838329 41569.219381653056
127 0 6 0 14.696938456699069 0.0
128 2 68 16 76.36753236814714 1221.8805178903542
129 0 50 0 1.0 0.0
130 0 50 0 1.0 0.0
131 0 50 0 1.0 0.0
132 12 98 576 970.1505037879432 558806.6901818552
133 1 19 4 82.8190799272728 331.2763197090912
134 0 50 0 1.0 0.0
135 0 50 0 1.0 0.0
136 3 36 36 216.0 7776.0
137 0 50 0 1.0 0.0
138 1 10 4 31.622776601683793 126.49110640673517
139 1 20 4 89.44271909999159 357.77087639996637
140 5 51 100 364.21284985568536 36421.284985568534
141 1 53 4 5.196152422706632 20.784609690826528
142 0 50 0 1.0 0.0
143 2 8 16 22.627416997969522 362.03867196751236
144 0 50 0 1.0 0.0
145 0 50 0 1.0 0.0
146 9 113 324 1201.2064768390153 389190.89849584096
147 1 52 4 2.8284271247461903 11.313708498984761
148 0 50 0 1.0 0.0
149 7 102 196 1030.1495037129318 201909.30272773464
150 10 166 400 2138.760388636371 855504.1554545483
151 0 50 0 1.0 0.0
152 2 77 16 140.29611541307906 2244.737846609265
153 0 50 0 1.0 0.0
154 9 376 324 1414.3464922005498 458248.26347297814
155 1 55 4 11.180339887498949 44.721359549995796
156 1 52 4 2.8284271247461903 11.313708498984761
157 0 10 0 31.622776601683793 0.0
158 1 10 4 31.622776601683793 126.49110640673517
159 12 193 576 2681.2416899638124 1544395.213419156
160 0 50 0 1.0 0.0
161 0 50 0 1.0 0.0
162 1 16 4 64.0 256.0
163 1 56 4 14.696938456699069 58.787753826796276
164 0 50 0 1.0 0.0
165 1 52 4 2.8284271247461903 11.313708498984761
166 6 73 144 623.7122734081797 89814.56737077788
167 1 14 4 52.38320341483518 209.53281365934072
168 1 13 4 46.87216658103186 187.48866632412745
169 1 57 4 18.520259177452132 74.08103670980853
170 6 50 144 353.5533905932738 50911.688245431425
171 0 50 0 1.0 0.0
172 1 56 4 14.696938456699069 58.787753826796276
173 2 18 16 76.36753236814714 1221.8805178903542
174 1 58 4 22.627416997969522 90.50966799187809
175 5 122 100 610.9402589451771 61094.02589451771
176 1 33 4 189.57056733575496 758.2822693430198
177 0 50 0 1.0 0.0
178 3 45 36 301.8691769624716 10867.290370648978
179 3 61 36 476.42523023030594 17151.308288291013
180 6 107 144 1106.8166063083802 159381.59130840676
181 3 71 36 96.23408959407264 3464.427225386615
182 0 50 0 1.0 0.0
183 0 50 0 1.0 0.0
184 2 15 16 58.09475019311125 929.51600308978
185 2 100 16 353.5533905932738 5656.85424949238
186 0 50 0 1.0 0.0
187 1 55 4 11.180339887498949 44.721359549995796
188 1 18 4 76.36753236814714 305.47012947258855
189 0 50 0 1.0 0.0
190 0 50 0 1.0 0.0
191 0 5 0 11.180339887498949 0.0
192 0 50 0 1.0 0.0
193 0 50 0 1.0 0.0
194 0 6 0 14.696938456699069 0.0
195 11 120 484 1314.5341380123987 636234.522798001
196 0 50 0 1.0 0.0
197 5 37 100 225.06221362103412 22506.221362103413
198 1 22 4 103.18914671611545 412.7565868644618
199 0 50 0 1.0 0.0
200 0 7 0 18.520259177452132 0.0
201 0 50 0 1.0 0.0
202 1 56 4 14.696938456699069 58.787753826796276
203 0 50 0 1.0 0.0
204 1 15 4 58.09475019311125 232.379000772445
205 3 57 36 430.34056281043274 15492.26026117558
206 1 50 4 1.0 4.0
207 7 346 196 940.6040612287404 184358.39600083313
208 0 50 0 1.0 0.0
209 0 50 0 1.0 0.0
210 14 168 784 2177.5288746650413 1707182.6377373924
211 0 50 0 1.0 0.0
212 0 50 0 1.0 0.0
213 0 50 0 1.0 0.0
214 5 67 100 548.4186357154541 54841.863571545415
215 5 70 100 585.6620185738528 58566.201857385284
216 2 59 16 27.0 432.0
217 0 5 0 11.180339887498949 0.0
218 3 31 36 172.60069524773067 6213.625028918304
219 3 56 36 419.06562731868144 15086.362583472532
220 2 68 16 76.36753236814714 1221.8805178903542
221 0 50 0 1.0 0.0
222 4 91 64 262.5280937347468 16801.797999023795
223 0 50 0 1.0 0.0
224 0 50 0 1.0 0.0
225 1 12 4 41.569219381653056 166.27687752661222
226 0 50 0 1.0 0.0
227 9 92 324 882.4330002895404 285908.2920938111
228 7 111 196 1169.4575665666541 229213.6830470642
229 6 43 144 281.96985654498604 40603.65934247799
230 6 62 144 488.18848818873226 70299.14229917745
231 5 118 100 560.7423650840018 56074.23650840018
232 9 100 324 1000.0 324000.0
233 1 50 4 1.0 4.0
234 0 50 0 1.0 0.0
235 8 180 256 2414.953415699773 618228.0744191419
236 7 124 196 1380.8055619818454 270637.8901484417
237 1 56 4 14.696938456699069 58.787753826796276
238 2 19 16 82.8190799272728 1325.1052788363647
239 1 13 4 46.87216658103186 187.48866632412745
240 2 72 16 103.18914671611545 1651.0263474578471
241 6 68 144 560.7423650840018 80746.90057209626
242 17 196 1156 2744.0 3172064.0
243 10 98 400 970.1505037879432 388060.20151517726
244 0 50 0 1.0 0.0
245 3 20 36 89.44271909999159 3219.937887599697
246 1 24 4 117.57550765359255 470.3020306143702
247 1 19 4 82.8190799272728 331.2763197090912
248 18 229 1296 3465.3988226465362 4491156.874149911
249 0 50 0 1.0 0.0
250 3 23 36 110.30412503619254 3970.9485013029316
251 0 50 0 1.0 0.0
252 1 52 4 2.8284271247461903 11.313708498984761
253 2 58 16 22.627416997969522 362.03867196751236
254 4 63 64 500.0469977912076 32003.007858637287
255 0 50 0 1.0 0.0
256 4 52 64 374.9773326482549 23998.549289488314
257 2 14 16 52.38320341483518 838.1312546373629
258 10 142 400 1692.125290869444 676850.1163477775
259 10 128 400 1448.1546878700494 579261.8751480198
260 4 62 64 488.18848818873226 31244.063244078865
261 6 42 144 272.19110933313016 39195.51974397074
262 11 123 484 1364.1359902883582 660241.8192995654
263 8 340 256 853.8149682454624 218576.63187083838
264 3 33 36 189.57056733575496 6824.5404240871785
265 3 85 36 207.06279240848656 7454.260526705516
266 0 50 0 1.0 0.0
267 0 50 0 1.0 0.0
268 0 50 0 1.0 0.0
269 0 50 0 1.0 0.0
270 4 31 64 172.60069524773067 11046.444495854763
271 1 11 4 36.4828726939094 145.9314907756376
272 0 50 0 1.0 0.0
273 0 50 0 1.0 0.0
274 0 50 0 1.0 0.0
275 5 44 100 291.8629815512752 29186.29815512752
276 8 110 256 1153.6897329871667 295344.5716447147
277 10 154 400 1911.089741482592 764435.8965930368
278 7 136 196 1586.0189153979218 310859.70741799264
279 4 71 64 598.2566338955214 38288.42456931337
280 1 8 4 22.627416997969522 90.50966799187809
281 17 210 1156 3043.189116699782 3517926.6189049482
282 13 167 676 2158.1156132144542 1458886.154532971
283 21 354 1764 6660.47025366828 11749069.527470846
284 12 167 576 1075.929830425758 619735.5823252365
285 14 182 784 2455.3142365082317 1924966.3614224538
286 6 302 144 374.9773326482549 53996.73590134871
287 4 97 64 955.3392067742221 61141.70923355022
288 2 36 16 216.0 3456.0
289 10 354 400 1060.5960588272992 424238.4235309197
290 1 6 4 14.696938456699069 58.787753826796276
291 4 72 64 103.18914671611545 6604.1053898313885
292 4 55 64 407.8909167902615 26105.018674576735
293 10 95 400 925.9454627568516 370378.18510274065
294 6 284 144 198.25236442474022 28548.340477162594
295 6 103 144 1045.3358312044986 150528.3596934478
296 0 50 0 1.0 0.0
297 8 52 256 374.9773326482549 95994.19715795325
298 0 50 0 1.0 0.0
299 6 80 144 715.5417527999327 103038.01240319031
300 6 46 144 311.9871792237623 44926.153808221774
301 15 170 900 2216.5288177689004 1994875.9359920104
302 11 160 484 2023.8577025077627 979547.1280137572
303 2 28 16 148.16207341961706 2370.593174713873
304 4 47 64 322.21576621884907 20621.80903800634
305 1 54 4 8.0 32.0
306 0 50 0 1.0 0.0
307 6 77 144 675.6722578291934 97296.80512740386
308 6 31 144 172.60069524773067 24854.500115673218
309 1 50 4 1.0 4.0
310 11 383 484 1533.830825091216 742374.1193441486
311 4 86 64 216.0 13824.0
312 12 108 576 1122.3689233046325 646484.4998234683
313 6 64 144 512.0 73728.0
314 12 122 576 1347.5340440968457 776179.6093997832
315 0 50 0 1.0 0.0
316 0 50 0 1.0 0.0
317 9 328 324 688.877347573572 223196.26061383734
318 19 218 1444 3218.7314271308815 4647848.180776993
319 5 48 100 332.55375505322445 33255.375505322445
320 4 33 64 189.57056733575496 12132.516309488317
321 7 309 196 453.18759912424787 88824.76942835258
322 4 105 64 407.8909167902615 26105.018674576735
323 9 97 324 955.3392067742221 309529.902994848
324 3 106 36 419.06562731868144 15086.362583472532
325 6 310 144 464.75800154489 66925.15222246417
326 7 85 196 783.6612788698955 153597.6106584995
327 23 355 2116 6688.712506902954 14153315.664606651
328 9 125 324 1397.5424859373686 452803.7654437074
329 4 45 64 301.8691769624716 19319.627325598183
330 3 46 36 311.9871792237623 11231.538452055443
331 9 65 324 524.0467536394058 169791.14817916747
332 7 104 196 1060.5960588272992 207876.82753015065
333 4 38 64 234.2477321128211 14991.85485522055
334 6 102 144 1030.1495037129318 148341.52853466218
335 7 94 196 911.3638131942698 178627.3073860769
336 17 270 1156 4436.552715791846 5128654.939455374
337 13 101 676 1015.0374377332099 686165.3079076499
338 13 163 676 2081.044689573004 1406786.2101513506
339 9 92 324 882.4330002895404 285908.2920938111
340 11 200 484 2828.42712474619 1368958.728377156
341 12 133 576 1533.830825091216 883486.5552525404
342 15 181 900 2435.1059525203414 2191595.3572683074
343 1 8 4 22.627416997969522 90.50966799187809
344 9 94 324 911.3638131942698 295281.87547494343
345 1 56 4 14.696938456699069 58.787753826796276
346 14 200 784 2828.42712474619 2217486.865801013
347 9 94 324 911.3638131942698 295281.87547494343
348 10 116 400 1249.358235255205 499743.294102082
349 6 85 144 783.6612788698955 112847.22415726495
350 5 95 100 925.9454627568516 92594.54627568516
351 12 151 576 1855.5190648441207 1068778.9813502135
352 11 172 484 2255.7588523598884 1091787.284542186
353 15 128 900 1448.1546878700494 1303339.2190830444
354 0 50 0 1.0 0.0
355 11 92 484 882.4330002895404 427097.57214013755
356 10 90 400 853.8149682454624 341525.98729818495
357 7 70 196 585.6620185738528 114789.75564047515
358 5 122 100 610.9402589451771 61094.02589451771
359 15 188 900 2577.7261297507926 2319953.5167757133
360 11 150 484 1837.1173070873836 889164.7766302937
361 10 105 400 1075.929830425758 430371.9321703032
362 12 140 576 1656.5023392678925 954145.347418306
363 0 50 0 1.0 0.0
364 10 93 400 896.8595207723448 358743.80830893794
365 12 118 576 1281.8080979616254 738321.4644258963
366 8 123 256 1364.1359902883582 349218.8135138197
367 12 137 576 1603.5438877685885 923641.279354707
368 11 116 484 1249.358235255205 604689.3858635193
369 17 249 1156 3929.1537256768156 4542101.706882399
370 9 63 324 500.0469977912076 162015.22728435128
371 11 105 484 1075.929830425758 520750.03792606684
372 11 369 484 1298.13674164165 628298.1829545585
373 6 93 144 896.8595207723448 129147.77099121765
374 14 147 784 1782.2802809883747 1397307.7402948858
375 5 94 100 291.8629815512752 29186.29815512752
376 13 151 676 1855.5190648441207 1254330.8878346256
377 10 108 400 1122.3689233046325 448947.569321853
378 10 106 400 1091.336794944622 436534.7179778488
379 10 130 400 1482.2280526288794 592891.2210515518
380 15 219 900 3240.9040405417745 2916813.636487597
381 15 172 900 2255.7588523598884 2030182.9671238996
382 9 126 324 1414.3464922005498 458248.26347297814
383 8 73 256 623.7122734081797 159670.341992494
384 13 132 676 1516.5645386860397 1025197.6281517628
385 13 113 676 1201.2064768390153 812015.5783431743
386 5 38 100 234.2477321128211 23424.77321128211
387 10 146 400 1764.1247121448075 705649.884857923
388 14 183 784 2475.578114299769 1940853.2416110188
389 5 60 100 464.75800154489 46475.800154489
390 9 93 324 896.8595207723448 290582.4847302397
391 10 147 400 1782.2802809883747 712912.1123953499
392 14 257 784 1499.363531636007 1175501.0088026295
393 12 119 576 1298.13674164165 747726.7631855904
394 7 309 196 453.18759912424787 88824.76942835258
395 11 107 484 1106.8166063083802 535699.237453256
396 13 195 676 2723.0268085349435 1840766.1225696218
397 9 138 324 1621.132937176961 525247.0716453353
398 9 106 324 1091.336794944622 353593.1215620575
399 8 96 256 940.6040612287404 240794.63967455755
1401's generation fitness ratios and roulette cutoffs:
14153315.664606651 133671153.76796822 334177.88441992056 1.1518905837963474e-05 1.1518905837963474e-05
14153315.664606651 133671153.76796822 334177.88441992056 0.0 1.1518905837963474e-05
14153315.664606651 133671153.76796822 334177.88441992056 1.9151476798380535e-06 1.3434053517801527e-05
14153315.664606651 133671153.76796822 334177.88441992056 8.463836946169816e-08 1.3518691887263226e-05
14153315.664606651 133671153.76796822 334177.88441992056 0.0 1.3518691887263226e-05
14153315.664606651 133671153.76796822 334177.88441992056 0.0 1.3518691887263226e-05
14153315.664606651 133671153.76796822 334177.88441992056 0.0 1.3518691887263226e-05
14153315.664606651 133671153.76796822 334177.88441992056 0.0016059340337865177 0.001619452725673781
14153315.664606651 133671153.76796822 334177.88441992056 0.0 0.001619452725673781
14153315.664606651 133671153.76796822 334177.88441992056 7.860385011776361e-05 0.0016980565757915445
14153315.664606651 133671153.76796822 334177.88441992056 4.205927681605496e-05 0.0017401158526075995
14153315.664606651 133671153.76796822 334177.88441992056 3.967183752555636e-06 0.0017440830363601551
14153315.664606651 133671153.76796822 334177.88441992056 0.0 0.0017440830363601551
14153315.664606651 133671153.76796822 334177.88441992056 0.0 0.0017440830363601551
14153315.664606651 133671153.76796822 334177.88441992056 1.5549061338174197e-07 0.0017442385269735368
14153315.664606651 133671153.76796822 334177.88441992056 0.0 0.0017442385269735368
14153315.664606651 133671153.76796822 334177.88441992056 0.0010100904818910535 0.0027543290088645903
14153315.664606651 133671153.76796822 334177.88441992056 0.0 0.0027543290088645903
14153315.664606651 133671153.76796822 334177.88441992056 0.0 0.0027543290088645903
14153315.664606651 133671153.76796822 334177.88441992056 2.393934599797567e-07 0.00275456840232457
14153315.664606651 133671153.76796822 334177.88441992056 0.00010775684405888495 0.002862325246383455
14153315.664606651 133671153.76796822 334177.88441992056 0.0 0.002862325246383455
14153315.664606651 133671153.76796822 334177.88441992056 0.0005054734987939526 0.0033677987451774076
14153315.664606651 133671153.76796822 334177.88441992056 0.0 0.0033677987451774076
14153315.664606651 133671153.76796822 334177.88441992056 2.708427822774341e-06 0.003370507173000182
14153315.664606651 133671153.76796822 334177.88441992056 0.000365216035343085 0.003735723208343267
14153315.664606651 133671153.76796822 334177.88441992056 0.0007507378904965169 0.004486461098839784
14153315.664606651 133671153.76796822 334177.88441992056 0.0 0.004486461098839784
14153315.664606651 133671153.76796822 334177.88441992056 7.660590719352214e-06 0.004494121689559137
14153315.664606651 133671153.76796822 334177.88441992056 0.0 0.004494121689559137
14153315.664606651 133671153.76796822 334177.88441992056 0.0004570471950931701 0.004951168884652307
14153315.664606651 133671153.76796822 334177.88441992056 1.1518905837963474e-05 0.00496268779049027
14153315.664606651 133671153.76796822 334177.88441992056 0.0 0.00496268779049027
14153315.664606651 133671153.76796822 334177.88441992056 6.308704696826183e-05 0.0050257748374585316
14153315.664606651 133671153.76796822 334177.88441992056 0.0 0.0050257748374585316
14153315.664606651 133671153.76796822 334177.88441992056 4.366880562097979e-06 0.005030141718020629
14153315.664606651 133671153.76796822 334177.88441992056 0.0 0.005030141718020629
14153315.664606651 133671153.76796822 334177.88441992056 0.0 0.005030141718020629
14153315.664606651 133671153.76796822 334177.88441992056 0.000339031710544602 0.005369173428565232
14153315.664606651 133671153.76796822 334177.88441992056 0.0 0.005369173428565232
14153315.664606651 133671153.76796822 334177.88441992056 0.0006719068762336086 0.00604108030479884
14153315.664606651 133671153.76796822 334177.88441992056 3.518350948258735e-06 0.006044598655747098
14153315.664606651 133671153.76796822 334177.88441992056 0.003106921815461182 0.00915152047120828
14153315.664606651 133671153.76796822 334177.88441992056 0.0 0.00915152047120828
14153315.664606651 133671153.76796822 334177.88441992056 0.0 0.00915152047120828
14153315.664606651 133671153.76796822 334177.88441992056 1.235140343236481e-05 0.009163871874640645
14153315.664606651 133671153.76796822 334177.88441992056 2.9924182497469586e-08 0.009163901798823143
14153315.664606651 133671153.76796822 334177.88441992056 1.6792986245228132e-05 0.009180694785068371
14153315.664606651 133671153.76796822 334177.88441992056 0.0 0.009180694785068371
14153315.664606651 133671153.76796822 334177.88441992056 0.0 0.009180694785068371
14153315.664606651 133671153.76796822 334177.88441992056 0.0038402338724738555 0.013020928657542227
14153315.664606651 133671153.76796822 334177.88441992056 0.0 0.013020928657542227
14153315.664606651 133671153.76796822 334177.88441992056 0.005387842202944248 0.018408770860486475
14153315.664606651 133671153.76796822 334177.88441992056 0.0 0.018408770860486475
14153315.664606651 133671153.76796822 334177.88441992056 0.0 0.018408770860486475
14153315.664606651 133671153.76796822 334177.88441992056 1.1518905837963474e-05 0.018420289766324437
14153315.664606651 133671153.76796822 334177.88441992056 0.0009714909587103626 0.0193917807250348
14153315.664606651 133671153.76796822 334177.88441992056 0.0 0.0193917807250348
14153315.664606651 133671153.76796822 334177.88441992056 0.00026449490456780677 0.019656275629602607
14153315.664606651 133671153.76796822 334177.88441992056 0.0 0.019656275629602607
14153315.664606651 133671153.76796822 334177.88441992056 5.8172610775080866e-05 0.01971444824037769
14153315.664606651 133671153.76796822 334177.88441992056 0.0 0.01971444824037769
14153315.664606651 133671153.76796822 334177.88441992056 2.393934599797567e-07 0.019714687633837668
14153315.664606651 133671153.76796822 334177.88441992056 1.1518905837963474e-05 0.01972620653967563
14153315.664606651 133671153.76796822 334177.88441992056 2.9924182497469586e-08 0.019726236463858127
14153315.664606651 133671153.76796822 334177.88441992056 0.0 0.019726236463858127
14153315.664606651 133671153.76796822 334177.88441992056 2.80386875414497e-05 0.019754275151399575
14153315.664606651 133671153.76796822 334177.88441992056 0.0 0.019754275151399575
14153315.664606651 133671153.76796822 334177.88441992056 1.8693011918246645e-05 0.019772968163317823
14153315.664606651 133671153.76796822 334177.88441992056 0.001734372161622901 0.021507340324940723
14153315.664606651 133671153.76796822 334177.88441992056 0.0 0.021507340324940723
14153315.664606651 133671153.76796822 334177.88441992056 0.00010686991005335908 0.02161421023499408
14153315.664606651 133671153.76796822 334177.88441992056 0.0 0.02161421023499408
14153315.664606651 133671153.76796822 334177.88441992056 1.966817972251844e-05 0.0216338784147166
14153315.664606651 133671153.76796822 334177.88441992056 0.0 0.0216338784147166
14153315.664606651 133671153.76796822 334177.88441992056 0.0 0.0216338784147166
14153315.664606651 133671153.76796822 334177.88441992056 0.0 0.0216338784147166
14153315.664606651 133671153.76796822 334177.88441992056 0.005176097543530536 0.026809975958247134
14153315.664606651 133671153.76796822 334177.88441992056 3.3007607678067293e-06 0.026813276719014942
14153315.664606651 133671153.76796822 334177.88441992056 0.021020660933902473 0.047833937652917415
14153315.664606651 133671153.76796822 334177.88441992056 0.0 0.047833937652917415
14153315.664606651 133671153.76796822 334177.88441992056 0.0 0.047833937652917415
14153315.664606651 133671153.76796822 334177.88441992056 2.0567123779192657e-05 0.04785450477669661
14153315.664606651 133671153.76796822 334177.88441992056 0.0 0.04785450477669661
14153315.664606651 133671153.76796822 334177.88441992056 4.231918473084908e-05 0.04789682396142746
14153315.664606651 133671153.76796822 334177.88441992056 0.0 0.04789682396142746
14153315.664606651 133671153.76796822 334177.88441992056 0.0 0.04789682396142746
14153315.664606651 133671153.76796822 334177.88441992056 0.00025671909947563767 0.048153543060903095
14153315.664606651 133671153.76796822 334177.88441992056 0.0 0.048153543060903095
14153315.664606651 133671153.76796822 334177.88441992056 0.00027253029257438306 0.048426073353477476
14153315.664606651 133671153.76796822 334177.88441992056 0.0 0.048426073353477476
14153315.664606651 133671153.76796822 334177.88441992056 0.0 0.048426073353477476
14153315.664606651 133671153.76796822 334177.88441992056 0.0 0.048426073353477476
14153315.664606651 133671153.76796822 334177.88441992056 0.0 0.048426073353477476
14153315.664606651 133671153.76796822 334177.88441992056 0.0 0.048426073353477476
14153315.664606651 133671153.76796822 334177.88441992056 7.660590719352214e-06 0.04843373394419683
14153315.664606651 133671153.76796822 334177.88441992056 0.0 0.04843373394419683
14153315.664606651 133671153.76796822 334177.88441992056 0.0 0.04843373394419683
14153315.664606651 133671153.76796822 334177.88441992056 8.129869507607347e-05 0.048515032639272905
14153315.664606651 133671153.76796822 334177.88441992056 0.0 0.048515032639272905
14153315.664606651 133671153.76796822 334177.88441992056 0.0 0.048515032639272905
14153315.664606651 133671153.76796822 334177.88441992056 0.0 0.048515032639272905
14153315.664606651 133671153.76796822 334177.88441992056 0.0 0.048515032639272905
14153315.664606651 133671153.76796822 334177.88441992056 0.0 0.048515032639272905
14153315.664606651 133671153.76796822 334177.88441992056 1.5868735010222544e-05 0.04853090137428313
14153315.664606651 133671153.76796822 334177.88441992056 0.00032193973844007903 0.04885284111272321
14153315.664606651 133671153.76796822 334177.88441992056 0.0 0.04885284111272321
14153315.664606651 133671153.76796822 334177.88441992056 0.0 0.04885284111272321
14153315.664606651 133671153.76796822 334177.88441992056 0.0 0.04885284111272321
14153315.664606651 133671153.76796822 334177.88441992056 5.542036155265135e-07 0.048853395316338734
14153315.664606651 133671153.76796822 334177.88441992056 0.0 0.048853395316338734
14153315.664606651 133671153.76796822 334177.88441992056 0.0 0.048853395316338734
14153315.664606651 133671153.76796822 334177.88441992056 0.028064315814114973 0.0769177111304537
14153315.664606651 133671153.76796822 334177.88441992056 3.345625311772571e-07 0.07691804569298488
14153315.664606651 133671153.76796822 334177.88441992056 0.008793976678342372 0.08571202237132726
14153315.664606651 133671153.76796822 334177.88441992056 0.0 0.08571202237132726
14153315.664606651 133671153.76796822 334177.88441992056 0.0 0.08571202237132726
14153315.664606651 133671153.76796822 334177.88441992056 0.0 0.08571202237132726
14153315.664606651 133671153.76796822 334177.88441992056 1.4962091248734792e-05 0.085726984462576
14153315.664606651 133671153.76796822 334177.88441992056 0.0 0.085726984462576
14153315.664606651 133671153.76796822 334177.88441992056 5.10546982779358e-05 0.08577803916085393
14153315.664606651 133671153.76796822 334177.88441992056 0.0 0.08577803916085393
14153315.664606651 133671153.76796822 334177.88441992056 0.00044755851732528577 0.08622559767817921
14153315.664606651 133671153.76796822 334177.88441992056 0.0 0.08622559767817921
14153315.664606651 133671153.76796822 334177.88441992056 0.0 0.08622559767817921
14153315.664606651 133671153.76796822 334177.88441992056 1.407340379303494e-05 0.08623967108197224
14153315.664606651 133671153.76796822 334177.88441992056 0.00031098122676348396 0.08655065230873572
14153315.664606651 133671153.76796822 334177.88441992056 0.0 0.08655065230873572
14153315.664606651 133671153.76796822 334177.88441992056 9.140943901863403e-06 0.08655979325263759
14153315.664606651 133671153.76796822 334177.88441992056 0.0 0.08655979325263759
14153315.664606651 133671153.76796822 334177.88441992056 0.0 0.08655979325263759
14153315.664606651 133671153.76796822 334177.88441992056 0.0 0.08655979325263759
14153315.664606651 133671153.76796822 334177.88441992056 0.004180458344452195 0.09074025159708979
14153315.664606651 133671153.76796822 334177.88441992056 2.4782932620162312e-06 0.0907427298903518
14153315.664606651 133671153.76796822 334177.88441992056 0.0 0.0907427298903518
14153315.664606651 133671153.76796822 334177.88441992056 0.0 0.0907427298903518
14153315.664606651 133671153.76796822 334177.88441992056 5.8172610775080866e-05 0.09080090250112688
14153315.664606651 133671153.76796822 334177.88441992056 0.0 0.09080090250112688
14153315.664606651 133671153.76796822 334177.88441992056 9.462857381054968e-07 0.09080184878686498
14153315.664606651 133671153.76796822 334177.88441992056 2.676500249418057e-06 0.0908045252871144
14153315.664606651 133671153.76796822 334177.88441992056 0.0002724692946751254 0.09107699458178953
14153315.664606651 133671153.76796822 334177.88441992056 1.5549061338174197e-07 0.09107715007240291
14153315.664606651 133671153.76796822 334177.88441992056 0.0 0.09107715007240291
14153315.664606651 133671153.76796822 334177.88441992056 2.708427822774341e-06 0.0910798585002257
14153315.664606651 133671153.76796822 334177.88441992056 0.0 0.0910798585002257
14153315.664606651 133671153.76796822 334177.88441992056 0.0 0.0910798585002257
14153315.664606651 133671153.76796822 334177.88441992056 0.002911554868235926 0.09399141336846162
14153315.664606651 133671153.76796822 334177.88441992056 8.463836946169816e-08 0.09399149800683108
14153315.664606651 133671153.76796822 334177.88441992056 0.0 0.09399149800683108
14153315.664606651 133671153.76796822 334177.88441992056 0.001510492705690391 0.09550199071252148
14153315.664606651 133671153.76796822 334177.88441992056 0.006400065618791373 0.10190205633131286
14153315.664606651 133671153.76796822 334177.88441992056 0.0 0.10190205633131286
14153315.664606651 133671153.76796822 334177.88441992056 1.6792986245228132e-05 0.10191884931755808
14153315.664606651 133671153.76796822 334177.88441992056 0.0 0.10191884931755808
14153315.664606651 133671153.76796822 334177.88441992056 0.0034281761663284807 0.10534702548388657
14153315.664606651 133671153.76796822 334177.88441992056 3.345625311772571e-07 0.10534736004641775
14153315.664606651 133671153.76796822 334177.88441992056 8.463836946169816e-08 0.10534744468478721
14153315.664606651 133671153.76796822 334177.88441992056 0.0 0.10534744468478721
14153315.664606651 133671153.76796822 334177.88441992056 9.462857381054968e-07 0.10534839097052531
14153315.664606651 133671153.76796822 334177.88441992056 0.011553691053643327 0.11690208202416864
14153315.664606651 133671153.76796822 334177.88441992056 0.0 0.11690208202416864
14153315.664606651 133671153.76796822 334177.88441992056 0.0 0.11690208202416864
14153315.664606651 133671153.76796822 334177.88441992056 1.9151476798380535e-06 0.11690399717184848
14153315.664606651 133671153.76796822 334177.88441992056 4.397938685323419e-07 0.116904436965717
14153315.664606651 133671153.76796822 334177.88441992056 0.0 0.116904436965717
14153315.664606651 133671153.76796822 334177.88441992056 8.463836946169816e-08 0.11690452160408647
14153315.664606651 133671153.76796822 334177.88441992056 0.0006719068762336086 0.11757642848032009
14153315.664606651 133671153.76796822 334177.88441992056 1.5675245387875997e-06 0.11757799600485887
14153315.664606651 133671153.76796822 334177.88441992056 1.4026112668225924e-06 0.1175793986161257
14153315.664606651 133671153.76796822 334177.88441992056 5.542036155265135e-07 0.11757995281974122
14153315.664606651 133671153.76796822 334177.88441992056 0.00038087266257764177 0.11796082548231886
14153315.664606651 133671153.76796822 334177.88441992056 0.0 0.11796082548231886
14153315.664606651 133671153.76796822 334177.88441992056 4.397938685323419e-07 0.11796126527618739
14153315.664606651 133671153.76796822 334177.88441992056 9.140943901863403e-06 0.11797040622008925
14153315.664606651 133671153.76796822 334177.88441992056 6.771069556935853e-07 0.11797108332704495
14153315.664606651 133671153.76796822 334177.88441992056 0.0004570471950931701 0.11842813052213812
14153315.664606651 133671153.76796822 334177.88441992056 5.672744253103978e-06 0.11843380326639122
14153315.664606651 133671153.76796822 334177.88441992056 0.0 0.11843380326639122
14153315.664606651 133671153.76796822 334177.88441992056 8.129869507607347e-05 0.11851510196146729
14153315.664606651 133671153.76796822 334177.88441992056 0.00012830971982229574 0.11864341168128958
14153315.664606651 133671153.76796822 334177.88441992056 0.001192340956262469 0.11983575263755206
14153315.664606651 133671153.76796822 334177.88441992056 2.5917538135417815e-05 0.11986167017568747
14153315.664606651 133671153.76796822 334177.88441992056 0.0 0.11986167017568747
14153315.664606651 133671153.76796822 334177.88441992056 0.0 0.11986167017568747
14153315.664606651 133671153.76796822 334177.88441992056 6.95375162769427e-06 0.11986862392731516
14153315.664606651 133671153.76796822 334177.88441992056 4.231918473084908e-05 0.11991094311204602
14153315.664606651 133671153.76796822 334177.88441992056 0.0 0.11991094311204602
14153315.664606651 133671153.76796822 334177.88441992056 3.345625311772571e-07 0.1199112776745772
14153315.664606651 133671153.76796822 334177.88441992056 2.2852359754658507e-06 0.11991356291055266
14153315.664606651 133671153.76796822 334177.88441992056 0.0 0.11991356291055266
14153315.664606651 133671153.76796822 334177.88441992056 0.0 0.11991356291055266
14153315.664606651 133671153.76796822 334177.88441992056 0.0 0.11991356291055266
14153315.664606651 133671153.76796822 334177.88441992056 0.0 0.11991356291055266
14153315.664606651 133671153.76796822 334177.88441992056 0.0 0.11991356291055266
14153315.664606651 133671153.76796822 334177.88441992056 0.0 0.11991356291055266
14153315.664606651 133671153.76796822 334177.88441992056 0.0047596994928494635 0.12467326240340212
14153315.664606651 133671153.76796822 334177.88441992056 0.0 0.12467326240340212
14153315.664606651 133671153.76796822 334177.88441992056 0.00016837006884200774 0.12484163247224413
14153315.664606651 133671153.76796822 334177.88441992056 3.0878508580912025e-06 0.12484472032310222
14153315.664606651 133671153.76796822 334177.88441992056 0.0 0.12484472032310222
14153315.664606651 133671153.76796822 334177.88441992056 0.0 0.12484472032310222
14153315.664606651 133671153.76796822 334177.88441992056 0.0 0.12484472032310222
14153315.664606651 133671153.76796822 334177.88441992056 4.397938685323419e-07 0.12484516011697075
14153315.664606651 133671153.76796822 334177.88441992056 0.0 0.12484516011697075
14153315.664606651 133671153.76796822 334177.88441992056 1.7384379069235675e-06 0.12484689855487767
14153315.664606651 133671153.76796822 334177.88441992056 0.00011589830583842846 0.1249627968607161
14153315.664606651 133671153.76796822 334177.88441992056 2.9924182497469586e-08 0.12496282678489859
14153315.664606651 133671153.76796822 334177.88441992056 0.0013791935717174244 0.126342020356616
14153315.664606651 133671153.76796822 334177.88441992056 0.0 0.126342020356616
14153315.664606651 133671153.76796822 334177.88441992056 0.0 0.126342020356616
14153315.664606651 133671153.76796822 334177.88441992056 0.012771511202041308 0.13911353155865733
14153315.664606651 133671153.76796822 334177.88441992056 0.0 0.13911353155865733
14153315.664606651 133671153.76796822 334177.88441992056 0.0 0.13911353155865733
14153315.664606651 133671153.76796822 334177.88441992056 0.0 0.13911353155865733
14153315.664606651 133671153.76796822 334177.88441992056 0.0004102744835040635 0.13952380604216139
14153315.664606651 133671153.76796822 334177.88441992056 0.00043813642814100984 0.1399619424703024
14153315.664606651 133671153.76796822 334177.88441992056 3.231811709726715e-06 0.1399651742820121
14153315.664606651 133671153.76796822 334177.88441992056 0.0 0.1399651742820121
14153315.664606651 133671153.76796822 334177.88441992056 4.6484412334049016e-05 0.14001165869434615
14153315.664606651 133671153.76796822 334177.88441992056 0.00011286176679270719 0.14012452046113885
14153315.664606651 133671153.76796822 334177.88441992056 9.140943901863403e-06 0.14013366140504072
14153315.664606651 133671153.76796822 334177.88441992056 0.0 0.14013366140504072
14153315.664606651 133671153.76796822 334177.88441992056 0.00012569501740210184 0.1402593564224428
14153315.664606651 133671153.76796822 334177.88441992056 0.0 0.1402593564224428
14153315.664606651 133671153.76796822 334177.88441992056 0.0 0.1402593564224428
14153315.664606651 133671153.76796822 334177.88441992056 1.2439249070539358e-06 0.14026060034734986
14153315.664606651 133671153.76796822 334177.88441992056 0.0 0.14026060034734986
14153315.664606651 133671153.76796822 334177.88441992056 0.0021388929775387608 0.1423994933248886
14153315.664606651 133671153.76796822 334177.88441992056 0.0017147580206043748 0.14411425134549297
14153315.664606651 133671153.76796822 334177.88441992056 0.00030375782805734935 0.14441800917355033
14153315.664606651 133671153.76796822 334177.88441992056 0.0005259110908940423 0.14494392026444436
14153315.664606651 133671153.76796822 334177.88441992056 0.0004194939216709096 0.14536341418611526
14153315.664606651 133671153.76796822 334177.88441992056 0.002423858782295036 0.1477872729684103
14153315.664606651 133671153.76796822 334177.88441992056 2.9924182497469586e-08 0.1477873028925928
14153315.664606651 133671153.76796822 334177.88441992056 0.0 0.1477873028925928
14153315.664606651 133671153.76796822 334177.88441992056 0.004624992430994402 0.1524122953235872
14153315.664606651 133671153.76796822 334177.88441992056 0.0020246544038830237 0.1544369497274702
14153315.664606651 133671153.76796822 334177.88441992056 4.397938685323419e-07 0.15443738952133876
14153315.664606651 133671153.76796822 334177.88441992056 9.913173048064925e-06 0.15444730269438683
14153315.664606651 133671153.76796822 334177.88441992056 1.4026112668225924e-06 0.15444870530565366
14153315.664606651 133671153.76796822 334177.88441992056 1.235140343236481e-05 0.15446105670908603
14153315.664606651 133671153.76796822 334177.88441992056 0.0006040712472061099 0.15506512795629213
14153315.664606651 133671153.76796822 334177.88441992056 0.02373035550741334 0.17879548346370547
14153315.664606651 133671153.76796822 334177.88441992056 0.0029030960725362465 0.18169857953624172
14153315.664606651 133671153.76796822 334177.88441992056 0.0 0.18169857953624172
14153315.664606651 133671153.76796822 334177.88441992056 2.408850224476251e-05 0.18172266803848647
14153315.664606651 133671153.76796822 334177.88441992056 3.518350948258735e-06 0.18172618638943472
14153315.664606651 133671153.76796822 334177.88441992056 2.4782932620162312e-06 0.18172866468269674
14153315.664606651 133671153.76796822 334177.88441992056 0.03359854948170674 0.21532721416440348
14153315.664606651 133671153.76796822 334177.88441992056 0.0 0.21532721416440348
14153315.664606651 133671153.76796822 334177.88441992056 2.9706846910260566e-05 0.21535692101131373
14153315.664606651 133671153.76796822 334177.88441992056 0.0 0.21535692101131373
14153315.664606651 133671153.76796822 334177.88441992056 8.463836946169816e-08 0.2153570056496832
14153315.664606651 133671153.76796822 334177.88441992056 2.708427822774341e-06 0.21535971407750595
14153315.664606651 133671153.76796822 334177.88441992056 0.00023941596190745385 0.21559913003941342
14153315.664606651 133671153.76796822 334177.88441992056 0.0 0.21559913003941342
14153315.664606651 133671153.76796822 334177.88441992056 0.00017953424215329182 0.2157786642815667
14153315.664606651 133671153.76796822 334177.88441992056 6.270098155150399e-06 0.21578493437972185
14153315.664606651 133671153.76796822 334177.88441992056 0.005063546601256104 0.22084848098097795
14153315.664606651 133671153.76796822 334177.88441992056 0.004333484516438946 0.2251819654974169
14153315.664606651 133671153.76796822 334177.88441992056 0.00023373826261957438 0.22541570376003647
14153315.664606651 133671153.76796822 334177.88441992056 0.0002932234714754382 0.22570892723151192
14153315.664606651 133671153.76796822 334177.88441992056 0.004939299173295383 0.2306482264048073
14153315.664606651 133671153.76796822 334177.88441992056 0.0016351817554462985 0.2322834081602536
14153315.664606651 133671153.76796822 334177.88441992056 5.10546982779358e-05 0.23233446285853154
14153315.664606651 133671153.76796822 334177.88441992056 5.57656630962049e-05 0.23239022852162775
14153315.664606651 133671153.76796822 334177.88441992056 0.0 0.23239022852162775
14153315.664606651 133671153.76796822 334177.88441992056 0.0 0.23239022852162775
14153315.664606651 133671153.76796822 334177.88441992056 0.0 0.23239022852162775
14153315.664606651 133671153.76796822 334177.88441992056 0.0 0.23239022852162775
14153315.664606651 133671153.76796822 334177.88441992056 8.263895526053158e-05 0.23247286747688828
14153315.664606651 133671153.76796822 334177.88441992056 1.0917201405244947e-06 0.2324739591970288
14153315.664606651 133671153.76796822 334177.88441992056 0.0 0.2324739591970288
14153315.664606651 133671153.76796822 334177.88441992056 0.0 0.2324739591970288
14153315.664606651 133671153.76796822 334177.88441992056 0.0 0.2324739591970288
14153315.664606651 133671153.76796822 334177.88441992056 0.00021834402810489892 0.23269230322513368
14153315.664606651 133671153.76796822 334177.88441992056 0.0022094862153833558 0.23490178944051704
14153315.664606651 133671153.76796822 334177.88441992056 0.005718779819316705 0.24062056925983374
14153315.664606651 133671153.76796822 334177.88441992056 0.002325555653971503 0.24294612491380524
14153315.664606651 133671153.76796822 334177.88441992056 0.0002864374510881829 0.24323256236489343
14153315.664606651 133671153.76796822 334177.88441992056 6.771069556935853e-07 0.24323323947184913
14153315.664606651 133671153.76796822 334177.88441992056 0.02631776953920445 0.26955100901105356
14153315.664606651 133671153.76796822 334177.88441992056 0.01091399388281906 0.2804650028938726
14153315.664606651 133671153.76796822 334177.88441992056 0.08789532517887408 0.36836032807274666
14153315.664606651 133671153.76796822 334177.88441992056 0.004636270166418991 0.37299659823916564
14153315.664606651 133671153.76796822 334177.88441992056 0.014400761175173875 0.3873973594143395
14153315.664606651 133671153.76796822 334177.88441992056 0.0004039520448449066 0.3878013114591844
14153315.664606651 133671153.76796822 334177.88441992056 0.00045740391632799444 0.3882587153755124
14153315.664606651 133671153.76796822 334177.88441992056 2.585449367781372e-05 0.3882845698691902
14153315.664606651 133671153.76796822 334177.88441992056 0.003173747002044509 0.3914583168712347
14153315.664606651 133671153.76796822 334177.88441992056 4.397938685323419e-07 0.39145875666510327
14153315.664606651 133671153.76796822 334177.88441992056 4.940561372945924e-05 0.3915081622788327
14153315.664606651 133671153.76796822 334177.88441992056 0.00019529283572947143 0.39170345511456217
14153315.664606651 133671153.76796822 334177.88441992056 0.0027708161010239953 0.39447427121558615
14153315.664606651 133671153.76796822 334177.88441992056 0.00021357143760962783 0.3946878426531958
14153315.664606651 133671153.76796822 334177.88441992056 0.001126109526627869 0.3958139521798237
14153315.664606651 133671153.76796822 334177.88441992056 0.0 0.3958139521798237
14153315.664606651 133671153.76796822 334177.88441992056 0.0007181369686131673 0.39653208914843685
14153315.664606651 133671153.76796822 334177.88441992056 0.0 0.39653208914843685
14153315.664606651 133671153.76796822 334177.88441992056 0.0007708320718324003 0.3973029212202693
14153315.664606651 133671153.76796822 334177.88441992056 0.0003360946063666541 0.3976390158266359
14153315.664606651 133671153.76796822 334177.88441992056 0.014923757892108843 0.4125627737187448
14153315.664606651 133671153.76796822 334177.88441992056 0.007328036755888967 0.4198908104746337
14153315.664606651 133671153.76796822 334177.88441992056 1.773451569684843e-05 0.4199085449903306
14153315.664606651 133671153.76796822 334177.88441992056 0.00015427269427031735 0.4200628176846009
14153315.664606651 133671153.76796822 334177.88441992056 2.393934599797567e-07 0.4200630570780609
14153315.664606651 133671153.76796822 334177.88441992056 0.0 0.4200630570780609
14153315.664606651 133671153.76796822 334177.88441992056 0.0007278818382632919 0.4207909389163242
14153315.664606651 133671153.76796822 334177.88441992056 0.00018593764933619606 0.4209768765656604
14153315.664606651 133671153.76796822 334177.88441992056 2.9924182497469586e-08 0.42097690648984293
14153315.664606651 133671153.76796822 334177.88441992056 0.005553734657163141 0.42653064114700606
14153315.664606651 133671153.76796822 334177.88441992056 0.00010341797471125488 0.4266340591217173
14153315.664606651 133671153.76796822 334177.88441992056 0.004836380038625702 0.431470439160343
14153315.664606651 133671153.76796822 334177.88441992056 0.0005515625317933594 0.43202200169213634
14153315.664606651 133671153.76796822 334177.88441992056 0.005806635070623442 0.4378286367627598
14153315.664606651 133671153.76796822 334177.88441992056 0.0 0.4378286367627598
14153315.664606651 133671153.76796822 334177.88441992056 0.0 0.4378286367627598
14153315.664606651 133671153.76796822 334177.88441992056 0.0016697414088403127 0.4394983781716001
14153315.664606651 133671153.76796822 334177.88441992056 0.03477076429552568 0.47426914246712576
14153315.664606651 133671153.76796822 334177.88441992056 0.00024878498141078716 0.47451792744853655
14153315.664606651 133671153.76796822 334177.88441992056 9.076390804966364e-05 0.47460869135658623
14153315.664606651 133671153.76796822 334177.88441992056 0.0006645021526674199 0.4752731935092537
14153315.664606651 133671153.76796822 334177.88441992056 0.00019529283572947143 0.4754684863449832
14153315.664606651 133671153.76796822 334177.88441992056 0.002315607326410472 0.47778409367139363
14153315.664606651 133671153.76796822 334177.88441992056 0.00011286176679270719 0.47789695543818633
14153315.664606651 133671153.76796822 334177.88441992056 0.0005006701171939874 0.47839762555538035
14153315.664606651 133671153.76796822 334177.88441992056 0.0011490707331300546 0.4795466962885104
14153315.664606651 133671153.76796822 334177.88441992056 0.10588160022299611 0.5854282965115065
14153315.664606651 133671153.76796822 334177.88441992056 0.003387445628169728 0.5888157421396762
14153315.664606651 133671153.76796822 334177.88441992056 0.00014453101346857507 0.5889602731531448
14153315.664606651 133671153.76796822 334177.88441992056 8.402365159166352e-05 0.5890442968047365
14153315.664606651 133671153.76796822 334177.88441992056 0.001270215326142077 0.5903145121308786
14153315.664606651 133671153.76796822 334177.88441992056 0.0015551360310018093 0.5918696481618804
14153315.664606651 133671153.76796822 334177.88441992056 0.0001121547501657988 0.5919818029120462
14153315.664606651 133671153.76796822 334177.88441992056 0.0011097497429562056 0.5930915526550024
14153315.664606651 133671153.76796822 334177.88441992056 0.0013363190363131403 0.5944278716913155
14153315.664606651 133671153.76796822 334177.88441992056 0.038367701593702855 0.6327955732850183
14153315.664606651 133671153.76796822 334177.88441992056 0.005133233974315231 0.6379288072593335
14153315.664606651 133671153.76796822 334177.88441992056 0.010524231821873153 0.6484530390812067
14153315.664606651 133671153.76796822 334177.88441992056 0.0021388929775387608 0.6505919320587454
14153315.664606651 133671153.76796822 334177.88441992056 0.010241242704865476 0.6608331747636109
14153315.664606651 133671153.76796822 334177.88441992056 0.0066094032283594405 0.6674425779919704
14153315.664606651 133671153.76796822 334177.88441992056 0.01639542485787597 0.6838380028498463
14153315.664606651 133671153.76796822 334177.88441992056 6.771069556935853e-07 0.683838679956802
14153315.664606651 133671153.76796822 334177.88441992056 0.0022090171824768238 0.6860476971392788
14153315.664606651 133671153.76796822 334177.88441992056 4.397938685323419e-07 0.6860481369331474
14153315.664606651 133671153.76796822 334177.88441992056 0.016589120414492838 0.7026372573476402
14153315.664606651 133671153.76796822 334177.88441992056 0.0022090171824768238 0.704846274530117
14153315.664606651 133671153.76796822 334177.88441992056 0.0037386023836493295 0.7085848769137663
14153315.664606651 133671153.76796822 334177.88441992056 0.0008442152325037136 0.7094290921462699
14153315.664606651 133671153.76796822 334177.88441992056 0.0006927040252559988 0.7101217961715259
14153315.664606651 133671153.76796822 334177.88441992056 0.007995584321845857 0.7181173804933718
14153315.664606651 133671153.76796822 334177.88441992056 0.00816771048776428 0.7262850909811361
14153315.664606651 133671153.76796822 334177.88441992056 0.009750340161987628 0.7360354311431238
14153315.664606651 133671153.76796822 334177.88441992056 0.0 0.7360354311431238
14153315.664606651 133671153.76796822 334177.88441992056 0.003195136423236914 0.7392305675663606
14153315.664606651 133671153.76796822 334177.88441992056 0.002554971492884841 0.7417855390592455
14153315.664606651 133671153.76796822 334177.88441992056 0.0008587473991563793 0.7426442864584019
14153315.664606651 133671153.76796822 334177.88441992056 0.0004570471950931701 0.7431013336534951
14153315.664606651 133671153.76796822 334177.88441992056 0.0173556781054107 0.7604570117589058
14153315.664606651 133671153.76796822 334177.88441992056 0.006651882261551671 0.7671088940204575
14153315.664606651 133671153.76796822 334177.88441992056 0.0032196320600131885 0.7703285260804706
14153315.664606651 133671153.76796822 334177.88441992056 0.007138004876314227 0.7774665309567849
14153315.664606651 133671153.76796822 334177.88441992056 0.0 0.7774665309567849
14153315.664606651 133671153.76796822 334177.88441992056 0.002683778797418476 0.7801503097542033
14153315.664606651 133671153.76796822 334177.88441992056 0.005523416560819879 0.7856737263150232
14153315.664606651 133671153.76796822 334177.88441992056 0.0026125218767843344 0.7882862481918075
14153315.664606651 133671153.76796822 334177.88441992056 0.006909802551401634 0.7951960507432091
14153315.664606651 133671153.76796822 334177.88441992056 0.004523708884215689 0.7997197596274248
14153315.664606651 133671153.76796822 334177.88441992056 0.03397967009970425 0.8336994297271291
14153315.664606651 133671153.76796822 334177.88441992056 0.0012120433071564852 0.8349114730342856
14153315.664606651 133671153.76796822 334177.88441992056 0.0038957547926159576 0.8388072278269015
14153315.664606651 133671153.76796822 334177.88441992056 0.004700327372390185 0.8435075551992918
14153315.664606651 133671153.76796822 334177.88441992056 0.0009661603670706513 0.8444737155663624
14153315.664606651 133671153.76796822 334177.88441992056 0.010453322956427749 0.8549270385227902
14153315.664606651 133671153.76796822 334177.88441992056 0.00021834402810489892 0.8551453825508951
14153315.664606651 133671153.76796822 334177.88441992056 0.009383706599944096 0.8645290891508393
14153315.664606651 133671153.76796822 334177.88441992056 0.0033585972490456266 0.8678876863998849
14153315.664606651 133671153.76796822 334177.88441992056 0.0032657361418126406 0.8711534225416976
14153315.664606651 133671153.76796822 334177.88441992056 0.0044354462749735535 0.8755888688166711
14153315.664606651 133671153.76796822 334177.88441992056 0.02182081589234069 0.8974096847090117
14153315.664606651 133671153.76796822 334177.88441992056 0.015187891402867465 0.9125975761118792
14153315.664606651 133671153.76796822 334177.88441992056 0.0034281761663284807 0.9160257522782077
14153315.664606651 133671153.76796822 334177.88441992056 0.001194501113304193 0.9172202533915119
14153315.664606651 133671153.76796822 334177.88441992056 0.007669550230196578 0.9248898036217085
14153315.664606651 133671153.76796822 334177.88441992056 0.006074725589282365 0.9309645292109908
14153315.664606651 133671153.76796822 334177.88441992056 0.00017524179713406063 0.9311397710081248
14153315.664606651 133671153.76796822 334177.88441992056 0.005278998983451722 0.9364187699915766
14153315.664606651 133671153.76796822 334177.88441992056 0.014519611650693388 0.95093838164227
14153315.664606651 133671153.76796822 334177.88441992056 0.0003476875813847135 0.9512860692236547
14153315.664606651 133671153.76796822 334177.88441992056 0.0021738608259089655 0.9534599300495636
14153315.664606651 133671153.76796822 334177.88441992056 0.005333328038993749 0.9587932580885574
14153315.664606651 133671153.76796822 334177.88441992056 0.008793976678342372 0.9675872347668998
14153315.664606651 133671153.76796822 334177.88441992056 0.005593778029951957 0.9731810127968518
14153315.664606651 133671153.76796822 334177.88441992056 0.0006645021526674199 0.9738455149495192
14153315.664606651 133671153.76796822 334177.88441992056 0.004007590436326631 0.9778531053858458
14153315.664606651 133671153.76796822 334177.88441992056 0.013770855346733207 0.991623960732579
14153315.664606651 133671153.76796822 334177.88441992056 0.003929397307044124 0.9955533580396231
14153315.664606651 133671153.76796822 334177.88441992056 0.0026452462748682392 0.9981986043144914
14153315.664606651 133671153.76796822 334177.88441992056 0.0018013956855084724 0.9999999999999999
1401's generation extracting best parents:
0
0
0
0
0
0
0
214667.05517149108
0
10507.067335845906
5622.112058648423
0
0
0
0
0
135019.96012442012
0
0
0
14403.981671746184
0
67567.22578291934
0
0
48818.84881887323
100352.0
0
0
0
61094.02589451771
0
0
8432.91835606156
0
0
0
0
45318.759912424786
0
89814.56737077788
0
415305.82373956667
0
0
0
0
0
0
0
513328.4924724128
0
720199.0835873092
0
0
0
129860.31732596374
0
35355.33905932738
0
7776.0
0
0
0
0
0
3747.9637138051376
0
2498.71647051041
231835.5279071782
0
14285.424179911495
0
2629.0682760247973
0
0
0
691894.9306592728
0
2809856.0
0
0
2749.231165253297
0
5656.85424949238
0
0
34315.938221182296
0
36429.43864513973
0
0
0
0
0
0
0
0
10867.290370648978
0
0
0
0
0
0
43034.056281043275
0
0
0
0
0
0
3751389.474581385
0
1175501.0088026295
0
0
0
0
0
6824.5404240871785
0
59825.663389552145
0
0
0
41569.219381653056
0
0
0
0
0
558806.6901818552
0
0
0
7776.0
0
0
0
36421.284985568534
0
0
0
0
0
389190.89849584096
0
0
201909.30272773464
855504.1554545483
0
0
0
458248.26347297814
0
0
0
0
1544395.213419156
0
0
0
0
0
0
89814.56737077788
0
0
0
50911.688245431425
0
0
0
0
61094.02589451771
0
0
10867.290370648978
17151.308288291013
159381.59130840676
3464.427225386615
0
0
0
5656.85424949238
0
0
0
0
0
0
0
0
0
636234.522798001
0
22506.221362103413
0
0
0
0
0
0
0
15492.26026117558
0
184358.39600083313
0
0
1707182.6377373924
0
0
0
54841.863571545415
58566.201857385284
0
0
6213.625028918304
15086.362583472532
0
0
16801.797999023795
0
0
0
0
285908.2920938111
229213.6830470642
40603.65934247799
70299.14229917745
56074.23650840018
324000.0
0
0
618228.0744191419
270637.8901484417
0
0
0
0
80746.90057209626
3172064.0
388060.20151517726
0
3219.937887599697
0
0
4491156.874149911
0
3970.9485013029316
0
0
0
32003.007858637287
0
23998.549289488314
0
676850.1163477775
579261.8751480198
31244.063244078865
39195.51974397074
660241.8192995654
218576.63187083838
6824.5404240871785
7454.260526705516
0
0
0
0
11046.444495854763
0
0
0
0
29186.29815512752
295344.5716447147
764435.8965930368
310859.70741799264
38288.42456931337
0
3517926.6189049482
1458886.154532971
11749069.527470846
619735.5823252365
1924966.3614224538
53996.73590134871
61141.70923355022
3456.0
424238.4235309197
0
6604.1053898313885
26105.018674576735
370378.18510274065
28548.340477162594
150528.3596934478
0
95994.19715795325
0
103038.01240319031
44926.153808221774
1994875.9359920104
979547.1280137572
2370.593174713873
20621.80903800634
0
0
97296.80512740386
24854.500115673218
0
742374.1193441486
13824.0
646484.4998234683
73728.0
776179.6093997832
0
0
223196.26061383734
4647848.180776993
33255.375505322445
12132.516309488317
88824.76942835258
26105.018674576735
309529.902994848
15086.362583472532
66925.15222246417
153597.6106584995
14153315.664606651
452803.7654437074
19319.627325598183
11231.538452055443
169791.14817916747
207876.82753015065
14991.85485522055
148341.52853466218
178627.3073860769
5128654.939455374
686165.3079076499
1406786.2101513506
285908.2920938111
1368958.728377156
883486.5552525404
2191595.3572683074
0
295281.87547494343
0
2217486.865801013
295281.87547494343
499743.294102082
112847.22415726495
92594.54627568516
1068778.9813502135
1091787.284542186
1303339.2190830444
0
427097.57214013755
341525.98729818495
114789.75564047515
61094.02589451771
2319953.5167757133
889164.7766302937
430371.9321703032
954145.347418306
0
358743.80830893794
738321.4644258963
349218.8135138197
923641.279354707
604689.3858635193
4542101.706882399
162015.22728435128
520750.03792606684
628298.1829545585
129147.77099121765
1397307.7402948858
29186.29815512752
1254330.8878346256
448947.569321853
436534.7179778488
592891.2210515518
2916813.636487597
2030182.9671238996
458248.26347297814
159670.341992494
1025197.6281517628
812015.5783431743
23424.77321128211
705649.884857923
1940853.2416110188
46475.800154489
290582.4847302397
712912.1123953499
1175501.0088026295
747726.7631855904
88824.76942835258
535699.237453256
1840766.1225696218
525247.0716453353
353593.1215620575
240794.63967455755
