0 4 67 64 548.4186357154541 35098.79268578906
1 1 53 4 5.196152422706632 20.784609690826528
2 0 2 0 2.8284271247461903 0.0
3 0 50 0 1.0 0.0
4 0 50 0 1.0 0.0
5 0 50 0 1.0 0.0
6 0 5 0 11.180339887498949 0.0
7 3 30 36 164.31676725154983 5915.403621055794
8 1 15 4 58.09475019311125 232.379000772445
9 0 50 0 1.0 0.0
10 2 29 16 156.16977940690063 2498.71647051041
11 0 2 0 2.8284271247461903 0.0
12 0 6 0 14.696938456699069 0.0
13 1 8 4 22.627416997969522 90.50966799187809
14 1 16 4 64.0 256.0
15 0 50 0 1.0 0.0
16 0 14 0 52.38320341483518 0.0
17 1 58 4 22.627416997969522 90.50966799187809
18 0 50 0 1.0 0.0
19 0 50 0 1.0 0.0
20 0 9 0 27.0 0.0
21 0 5 0 11.180339887498949 0.0
22 3 31 36 172.60069524773067 6213.625028918304
23 0 50 0 1.0 0.0
24 4 49 64 343.0 21952.0
25 1 14 4 52.38320341483518 209.53281365934072
26 0 50 0 1.0 0.0
27 0 50 0 1.0 0.0
28 0 50 0 1.0 0.0
29 3 24 36 117.57550765359255 4232.718275529332
30 2 25 16 125.0 2000.0
31 0 5 0 11.180339887498949 0.0
32 1 11 4 36.4828726939094 145.9314907756376
33 2 21 16 96.23408959407264 1539.7454335051623
34 2 57 16 18.520259177452132 296.3241468392341
35 1 14 4 52.38320341483518 209.53281365934072
36 0 3 0 5.196152422706632 0.0
37 4 88 64 234.2477321128211 14991.85485522055
38 0 50 0 1.0 0.0
39 1 21 4 96.23408959407264 384.93635837629057
40 0 7 0 18.520259177452132 0.0
41 2 7 16 18.520259177452132 296.3241468392341
42 2 54 16 8.0 128.0
43 2 20 16 89.44271909999159 1431.0835055998655
44 3 77 36 140.29611541307906 5050.660154870846
45 1 9 4 27.0 108.0
46 0 14 0 52.38320341483518 0.0
47 0 50 0 1.0 0.0
48 5 61 100 476.42523023030594 47642.5230230306
49 0 5 0 11.180339887498949 0.0
50 5 55 100 407.8909167902615 40789.09167902615
51 0 50 0 1.0 0.0
52 4 57 64 430.34056281043274 27541.796019867696
53 0 8 0 22.627416997969522 0.0
54 1 54 4 8.0 32.0
55 1 18 4 76.36753236814714 305.47012947258855
56 1 59 4 27.0 108.0
57 0 14 0 52.38320341483518 0.0
58 0 6 0 14.696938456699069 0.0
59 0 2 0 2.8284271247461903 0.0
60 4 43 64 281.96985654498604 18046.070818879107
61 5 64 100 512.0 51200.0
62 0 50 0 1.0 0.0
63 1 12 4 41.569219381653056 166.27687752661222
64 3 38 36 234.2477321128211 8432.91835606156
65 1 12 4 41.569219381653056 166.27687752661222
66 1 14 4 52.38320341483518 209.53281365934072
67 1 9 4 27.0 108.0
68 1 12 4 41.569219381653056 166.27687752661222
69 0 7 0 18.520259177452132 0.0
70 0 2 0 2.8284271247461903 0.0
71 0 9 0 27.0 0.0
72 6 75 144 649.519052838329 93530.74360871938
73 5 62 100 488.18848818873226 48818.84881887323
74 1 14 4 52.38320341483518 209.53281365934072
75 0 50 0 1.0 0.0
76 0 6 0 14.696938456699069 0.0
77 0 2 0 2.8284271247461903 0.0
78 0 50 0 1.0 0.0
79 0 50 0 1.0 0.0
80 0 50 0 1.0 0.0
81 0 7 0 18.520259177452132 0.0
82 0 50 0 1.0 0.0
83 2 17 16 70.09279563550022 1121.4847301680036
84 1 62 4 41.569219381653056 166.27687752661222
85 0 50 0 1.0 0.0
86 0 50 0 1.0 0.0
87 0 6 0 14.696938456699069 0.0
88 0 50 0 1.0 0.0
89 0 3 0 5.196152422706632 0.0
90 1 14 4 52.38320341483518 209.53281365934072
91 0 5 0 11.180339887498949 0.0
92 3 37 36 225.06221362103412 8102.239690357228
93 0 50 0 1.0 0.0
94 1 10 4 31.622776601683793 126.49110640673517
95 0 7 0 18.520259177452132 0.0
96 3 26 36 132.5745073534124 4772.682264722846
97 0 50 0 1.0 0.0
98 1 23 4 110.30412503619254 441.2165001447702
99 0 5 0 11.180339887498949 0.0
100 0 50 0 1.0 0.0
101 6 100 144 1000.0 144000.0
102 3 33 36 189.57056733575496 6824.5404240871785
103 0 12 0 41.569219381653056 0.0
104 5 80 100 715.5417527999327 71554.17527999327
105 5 61 100 476.42523023030594 47642.5230230306
106 2 18 16 76.36753236814714 1221.8805178903542
107 2 26 16 132.5745073534124 2121.1921176545984
108 2 44 16 291.8629815512752 4669.807704820403
109 1 51 4 1.0 4.0
110 4 71 64 598.2566338955214 38288.42456931337
111 4 26 64 132.5745073534124 8484.768470618394
112 1 51 4 1.0 4.0
113 4 108 64 441.7148401401067 28269.749768966827
114 1 11 4 36.4828726939094 145.9314907756376
115 4 73 64 623.7122734081797 39917.5854981235
116 0 50 0 1.0 0.0
117 0 50 0 1.0 0.0
118 0 50 0 1.0 0.0
119 6 68 144 560.7423650840018 80746.90057209626
120 1 16 4 64.0 256.0
121 4 41 64 262.5280937347468 16801.797999023795
122 0 50 0 1.0 0.0
123 1 10 4 31.622776601683793 126.49110640673517
124 2 35 16 207.06279240848656 3313.004678535785
125 4 27 64 140.29611541307906 8978.95138643706
126 9 107 324 1106.8166063083802 358608.58044391515
127 3 41 36 262.5280937347468 9451.011374450885
128 5 82 100 181.01933598375618 18101.933598375617
129 2 19 16 82.8190799272728 1325.1052788363647
130 3 32 36 181.01933598375618 6516.696095415223
131 7 112 196 1185.2965873569365 232318.13112195954
132 0 50 0 1.0 0.0
133 3 50 36 353.5533905932738 12727.922061357856
134 0 50 0 1.0 0.0
135 3 49 36 343.0 12348.0
136 5 58 100 441.7148401401067 44171.48401401067
137 1 20 4 89.44271909999159 357.77087639996637
138 5 97 100 955.3392067742221 95533.92067742221
139 0 50 0 1.0 0.0
140 2 23 16 110.30412503619254 1764.8660005790807
141 3 35 36 207.06279240848656 7454.260526705516
142 2 29 16 156.16977940690063 2498.71647051041
143 5 79 100 702.1673589679315 70216.73589679315
144 9 97 324 955.3392067742221 309529.902994848
145 3 25 36 125.0 4500.0
146 2 26 16 132.5745073534124 2121.1921176545984
147 0 50 0 1.0 0.0
148 0 50 0 1.0 0.0
149 2 23 16 110.30412503619254 1764.8660005790807
150 4 99 64 343.0 21952.0
151 2 69 16 82.8190799272728 1325.1052788363647
152 2 71 16 96.23408959407264 1539.7454335051623
153 7 63 196 500.0469977912076 98009.2115670767
154 2 17 16 70.09279563550022 1121.4847301680036
155 4 34 64 198.25236442474022 12688.151323183374
156 5 95 100 301.8691769624716 30186.91769624716
157 4 65 64 524.0467536394058 33538.99223292197
158 0 50 0 1.0 0.0
159 3 26 36 132.5745073534124 4772.682264722846
160 1 6 4 14.696938456699069 58.787753826796276
161 4 48 64 332.55375505322445 21283.440323406365
162 4 57 64 430.34056281043274 27541.796019867696
163 2 30 16 164.31676725154983 2629.0682760247973
164 1 58 4 22.627416997969522 90.50966799187809
165 3 48 36 332.55375505322445 11971.93518191608
166 1 15 4 58.09475019311125 232.379000772445
167 3 24 36 117.57550765359255 4232.718275529332
168 5 61 100 476.42523023030594 47642.5230230306
169 3 41 36 262.5280937347468 9451.011374450885
170 5 64 100 512.0 51200.0
171 0 50 0 1.0 0.0
172 7 79 196 702.1673589679315 137624.80235771457
173 6 63 144 500.0469977912076 72006.7676819339
174 3 43 36 281.96985654498604 10150.914835619498
175 6 70 144 585.6620185738528 84335.33067463481
176 4 53 64 385.84582413186746 24694.132744439517
177 4 67 64 548.4186357154541 35098.79268578906
178 7 99 196 985.0375627355537 193067.36229616852
179 6 70 144 585.6620185738528 84335.33067463481
180 3 59 36 453.18759912424787 16314.753568472923
181 7 95 196 925.9454627568516 181485.3107003429
182 4 69 64 573.1570465413472 36682.05097864622
183 8 94 256 911.3638131942698 233309.13617773307
184 4 57 64 430.34056281043274 27541.796019867696
185 2 18 16 76.36753236814714 1221.8805178903542
186 0 50 0 1.0 0.0
187 3 37 36 225.06221362103412 8102.239690357228
188 6 303 144 385.84582413186746 55561.79867498892
189 2 18 16 76.36753236814714 1221.8805178903542
190 1 51 4 1.0 4.0
191 5 63 100 500.0469977912076 50004.69977912076
192 5 81 100 729.0 72900.0
193 3 43 36 281.96985654498604 10150.914835619498
194 5 71 100 598.2566338955214 59825.663389552145
195 2 23 16 110.30412503619254 1764.8660005790807
196 6 74 144 636.5720697611544 91666.37804560622
197 3 37 36 225.06221362103412 8102.239690357228
198 3 109 36 453.18759912424787 16314.753568472923
199 2 27 16 140.29611541307906 2244.737846609265
501's generation fitness ratios and roulette cutoffs:
358608.58044391515 4047690.460978517 20238.452304892584 0.00867131343766441 0.00867131343766441
358608.58044391515 4047690.460978517 20238.452304892584 5.134930620609243e-06 0.008676448368285019
358608.58044391515 4047690.460978517 20238.452304892584 0.0 0.008676448368285019
358608.58044391515 4047690.460978517 20238.452304892584 0.0 0.008676448368285019
358608.58044391515 4047690.460978517 20238.452304892584 0.0 0.008676448368285019
358608.58044391515 4047690.460978517 20238.452304892584 0.0 0.008676448368285019
358608.58044391515 4047690.460978517 20238.452304892584 0.0 0.008676448368285019
358608.58044391515 4047690.460978517 20238.452304892584 0.0014614268749260444 0.010137875243211063
358608.58044391515 4047690.460978517 20238.452304892584 5.7410269637137244e-05 0.010195285512848202
358608.58044391515 4047690.460978517 20238.452304892584 0.0 0.010195285512848202
358608.58044391515 4047690.460978517 20238.452304892584 0.00061731905999214 0.010812604572840341
358608.58044391515 4047690.460978517 20238.452304892584 0.0 0.010812604572840341
358608.58044391515 4047690.460978517 20238.452304892584 0.0 0.010812604572840341
358608.58044391515 4047690.460978517 20238.452304892584 2.236081757348551e-05 0.010834965390413826
358608.58044391515 4047690.460978517 20238.452304892584 6.32459429563477e-05 0.010898211333370175
358608.58044391515 4047690.460978517 20238.452304892584 0.0 0.010898211333370175
358608.58044391515 4047690.460978517 20238.452304892584 0.0 0.010898211333370175
358608.58044391515 4047690.460978517 20238.452304892584 2.236081757348551e-05 0.01092057215094366
358608.58044391515 4047690.460978517 20238.452304892584 0.0 0.01092057215094366
358608.58044391515 4047690.460978517 20238.452304892584 0.0 0.01092057215094366
358608.58044391515 4047690.460978517 20238.452304892584 0.0 0.01092057215094366
358608.58044391515 4047690.460978517 20238.452304892584 0.0 0.01092057215094366
358608.58044391515 4047690.460978517 20238.452304892584 0.0015351038051996148 0.012455675956143275
358608.58044391515 4047690.460978517 20238.452304892584 0.0 0.012455675956143275
358608.58044391515 4047690.460978517 20238.452304892584 0.005423339608506815 0.01787901556465009
358608.58044391515 4047690.460978517 20238.452304892584 5.1766017110084744e-05 0.017930781581760175
358608.58044391515 4047690.460978517 20238.452304892584 0.0 0.017930781581760175
358608.58044391515 4047690.460978517 20238.452304892584 0.0 0.017930781581760175
358608.58044391515 4047690.460978517 20238.452304892584 0.0 0.017930781581760175
358608.58044391515 4047690.460978517 20238.452304892584 0.0010457119476735097 0.018976493529433685
358608.58044391515 4047690.460978517 20238.452304892584 0.0004941089293464664 0.019470602458780153
358608.58044391515 4047690.460978517 20238.452304892584 0.0 0.019470602458780153
358608.58044391515 4047690.460978517 20238.452304892584 3.605302633254202e-05 0.019506655485112694
358608.58044391515 4047690.460978517 20238.452304892584 0.00038040098380767327 0.019887056468920368
358608.58044391515 4047690.460978517 20238.452304892584 7.320820346711953e-05 0.019960264672387488
358608.58044391515 4047690.460978517 20238.452304892584 5.1766017110084744e-05 0.020012030689497574
358608.58044391515 4047690.460978517 20238.452304892584 0.0 0.020012030689497574
358608.58044391515 4047690.460978517 20238.452304892584 0.003703804675715325 0.0237158353652129
358608.58044391515 4047690.460978517 20238.452304892584 0.0 0.0237158353652129
358608.58044391515 4047690.460978517 20238.452304892584 9.510024595191832e-05 0.02381093561116482
358608.58044391515 4047690.460978517 20238.452304892584 0.0 0.02381093561116482
358608.58044391515 4047690.460978517 20238.452304892584 7.320820346711953e-05 0.02388414381463194
358608.58044391515 4047690.460978517 20238.452304892584 3.162297147817385e-05 0.023915766786110113
358608.58044391515 4047690.460978517 20238.452304892584 0.0003535555693786687 0.02426932235548878
358608.58044391515 4047690.460978517 20238.452304892584 0.0012477881408080459 0.025517110496296826
358608.58044391515 4047690.460978517 20238.452304892584 2.6681882184709185e-05 0.025543792378481534
358608.58044391515 4047690.460978517 20238.452304892584 0.0 0.025543792378481534
358608.58044391515 4047690.460978517 20238.452304892584 0.0 0.025543792378481534
358608.58044391515 4047690.460978517 20238.452304892584 0.011770298021137012 0.03731409039961855
358608.58044391515 4047690.460978517 20238.452304892584 0.0 0.03731409039961855
358608.58044391515 4047690.460978517 20238.452304892584 0.010077127209269236 0.04739121760888779
358608.58044391515 4047690.460978517 20238.452304892584 0.0 0.04739121760888779
358608.58044391515 4047690.460978517 20238.452304892584 0.006804323671827798 0.05419554128071558
358608.58044391515 4047690.460978517 20238.452304892584 0.0 0.05419554128071558
358608.58044391515 4047690.460978517 20238.452304892584 7.905742869543462e-06 0.05420344702358513
358608.58044391515 4047690.460978517 20238.452304892584 7.54677593105136e-05 0.05427891478289564
358608.58044391515 4047690.460978517 20238.452304892584 2.6681882184709185e-05 0.05430559666508035
358608.58044391515 4047690.460978517 20238.452304892584 0.0 0.05430559666508035
358608.58044391515 4047690.460978517 20238.452304892584 0.0 0.05430559666508035
358608.58044391515 4047690.460978517 20238.452304892584 0.0 0.05430559666508035
358608.58044391515 4047690.460978517 20238.452304892584 0.004458362365613433 0.058763959030693785
358608.58044391515 4047690.460978517 20238.452304892584 0.01264918859126954 0.07141314762196332
358608.58044391515 4047690.460978517 20238.452304892584 0.0 0.07141314762196332
358608.58044391515 4047690.460978517 20238.452304892584 4.1079444964873945e-05 0.0714542270669282
358608.58044391515 4047690.460978517 20238.452304892584 0.0020833901300898704 0.07353761719701807
358608.58044391515 4047690.460978517 20238.452304892584 4.1079444964873945e-05 0.07357869664198294
358608.58044391515 4047690.460978517 20238.452304892584 5.1766017110084744e-05 0.07363046265909302
358608.58044391515 4047690.460978517 20238.452304892584 2.6681882184709185e-05 0.07365714454127774
358608.58044391515 4047690.460978517 20238.452304892584 4.1079444964873945e-05 0.07369822398624261
358608.58044391515 4047690.460978517 20238.452304892584 0.0 0.07369822398624261
358608.58044391515 4047690.460978517 20238.452304892584 0.0 0.07369822398624261
358608.58044391515 4047690.460978517 20238.452304892584 0.0 0.07369822398624261
358608.58044391515 4047690.460978517 20238.452304892584 0.023107187792741592 0.0968054117789842
358608.58044391515 4047690.460978517 20238.452304892584 0.012060914560910229 0.10886632633989443
358608.58044391515 4047690.460978517 20238.452304892584 5.1766017110084744e-05 0.10891809235700452
358608.58044391515 4047690.460978517 20238.452304892584 0.0 0.10891809235700452
358608.58044391515 4047690.460978517 20238.452304892584 0.0 0.10891809235700452
358608.58044391515 4047690.460978517 20238.452304892584 0.0 0.10891809235700452
358608.58044391515 4047690.460978517 20238.452304892584 0.0 0.10891809235700452
358608.58044391515 4047690.460978517 20238.452304892584 0.0 0.10891809235700452
358608.58044391515 4047690.460978517 20238.452304892584 0.0 0.10891809235700452
358608.58044391515 4047690.460978517 20238.452304892584 0.0 0.10891809235700452
358608.58044391515 4047690.460978517 20238.452304892584 0.0 0.10891809235700452
358608.58044391515 4047690.460978517 20238.452304892584 0.00027706780965086153 0.10919516016665538
358608.58044391515 4047690.460978517 20238.452304892584 4.1079444964873945e-05 0.10923623961162025
358608.58044391515 4047690.460978517 20238.452304892584 0.0 0.10923623961162025
358608.58044391515 4047690.460978517 20238.452304892584 0.0 0.10923623961162025
358608.58044391515 4047690.460978517 20238.452304892584 0.0 0.10923623961162025
358608.58044391515 4047690.460978517 20238.452304892584 0.0 0.10923623961162025
358608.58044391515 4047690.460978517 20238.452304892584 0.0 0.10923623961162025
358608.58044391515 4047690.460978517 20238.452304892584 5.1766017110084744e-05 0.10928800562873034
358608.58044391515 4047690.460978517 20238.452304892584 0.0 0.10928800562873034
358608.58044391515 4047690.460978517 20238.452304892584 0.0020016944893554278 0.11128970011808577
358608.58044391515 4047690.460978517 20238.452304892584 0.0 0.11128970011808577
358608.58044391515 4047690.460978517 20238.452304892584 3.125019257924094e-05 0.11132095031066501
358608.58044391515 4047690.460978517 20238.452304892584 0.0 0.11132095031066501
358608.58044391515 4047690.460978517 20238.452304892584 0.001179112461966537 0.11250006277263154
358608.58044391515 4047690.460978517 20238.452304892584 0.0 0.11250006277263154
358608.58044391515 4047690.460978517 20238.452304892584 0.00010900450624826372 0.1126090672788798
358608.58044391515 4047690.460978517 20238.452304892584 0.0 0.1126090672788798
358608.58044391515 4047690.460978517 20238.452304892584 0.0 0.1126090672788798
358608.58044391515 4047690.460978517 20238.452304892584 0.035575842912945584 0.1481849101918254
358608.58044391515 4047690.460978517 20238.452304892584 0.0016860331811136978 0.1498709433729391
358608.58044391515 4047690.460978517 20238.452304892584 0.0 0.1498709433729391
358608.58044391515 4047690.460978517 20238.452304892584 0.017677778468933435 0.16754872184187253
358608.58044391515 4047690.460978517 20238.452304892584 0.011770298021137012 0.17931901986300955
358608.58044391515 4047690.460978517 20238.452304892584 0.0003018710372420544 0.1796208909002516
358608.58044391515 4047690.460978517 20238.452304892584 0.0005240499830962387 0.18014494088334784
358608.58044391515 4047690.460978517 20238.452304892584 0.0011536968426413446 0.1812986377259892
358608.58044391515 4047690.460978517 20238.452304892584 9.882178586929328e-07 0.18129962594384788
358608.58044391515 4047690.460978517 20238.452304892584 0.009459326235153184 0.19075895217900107
358608.58044391515 4047690.460978517 20238.452304892584 0.002096199932384955 0.19285515211138604
358608.58044391515 4047690.460978517 20238.452304892584 9.882178586929328e-07 0.19285614032924472
358608.58044391515 4047690.460978517 20238.452304892584 0.006984167895618358 0.1998403082248631
358608.58044391515 4047690.460978517 20238.452304892584 3.605302633254202e-05 0.19987636125119565
358608.58044391515 4047690.460978517 20238.452304892584 0.009861817716286919 0.20973817896748256
358608.58044391515 4047690.460978517 20238.452304892584 0.0 0.20973817896748256
358608.58044391515 4047690.460978517 20238.452304892584 0.0 0.20973817896748256
358608.58044391515 4047690.460978517 20238.452304892584 0.0 0.20973817896748256
358608.58044391515 4047690.460978517 20238.452304892584 0.01994888229486203 0.2296870612623446
358608.58044391515 4047690.460978517 20238.452304892584 6.32459429563477e-05 0.22975030720530093
358608.58044391515 4047690.460978517 20238.452304892584 0.004150959210196624 0.23390126641549755
358608.58044391515 4047690.460978517 20238.452304892584 0.0 0.23390126641549755
358608.58044391515 4047690.460978517 20238.452304892584 3.125019257924094e-05 0.2339325166080768
358608.58044391515 4047690.460978517 20238.452304892584 0.0008184925973155753 0.23475100920539235
358608.58044391515 4047690.460978517 20238.452304892584 0.002218290028103193 0.23696929923349555
358608.58044391515 4047690.460978517 20238.452304892584 0.08859585086879955 0.3255651501022951
358608.58044391515 4047690.460978517 20238.452304892584 0.002334914555735601 0.3279000646580307
358608.58044391515 4047690.460978517 20238.452304892584 0.004472163514697102 0.33237222817272777
358608.58044391515 4047690.460978517 20238.452304892584 0.0003273731752985935 0.33269960134802634
358608.58044391515 4047690.460978517 20238.452304892584 0.001609978865290957 0.3343095802133173
358608.58044391515 4047690.460978517 20238.452304892584 0.057395231518221713 0.39170481173153904
358608.58044391515 4047690.460978517 20238.452304892584 0.0 0.39170481173153904
358608.58044391515 4047690.460978517 20238.452304892584 0.0031444899712714 0.39484930170281046
358608.58044391515 4047690.460978517 20238.452304892584 0.0 0.39484930170281046
358608.58044391515 4047690.460978517 20238.452304892584 0.0030506285297850835 0.39789993023259557
358608.58044391515 4047690.460978517 20238.452304892584 0.010912762336903683 0.40881269256949926
358608.58044391515 4047690.460978517 20238.452304892584 8.838889234466717e-05 0.40890108146184395
358608.58044391515 4047690.460978517 20238.452304892584 0.02360208163109567 0.4325031630929396
358608.58044391515 4047690.460978517 20238.452304892584 0.0 0.4325031630929396
358608.58044391515 4047690.460978517 20238.452304892584 0.00043601802499305487 0.43293918111793267
358608.58044391515 4047690.460978517 20238.452304892584 0.0018416083439600447 0.4347807894618927
358608.58044391515 4047690.460978517 20238.452304892584 0.00061731905999214 0.4353981085218848
358608.58044391515 4047690.460978517 20238.452304892584 0.01734735809808403 0.45274546661996884
358608.58044391515 4047690.460978517 20238.452304892584 0.07647074448474997 0.5292162111047188
358608.58044391515 4047690.460978517 20238.452304892584 0.0011117450910295495 0.5303279561957484
358608.58044391515 4047690.460978517 20238.452304892584 0.0005240499830962387 0.5308520061788445
358608.58044391515 4047690.460978517 20238.452304892584 0.0 0.5308520061788445
358608.58044391515 4047690.460978517 20238.452304892584 0.0 0.5308520061788445
358608.58044391515 4047690.460978517 20238.452304892584 0.00043601802499305487 0.5312880242038376
358608.58044391515 4047690.460978517 20238.452304892584 0.005423339608506815 0.5367113638123444
358608.58044391515 4047690.460978517 20238.452304892584 0.0003273731752985935 0.537038736987643
358608.58044391515 4047690.460978517 20238.452304892584 0.00038040098380767327 0.5374191379714507
358608.58044391515 4047690.460978517 20238.452304892584 0.024213613296749786 0.5616327512682004
358608.58044391515 4047690.460978517 20238.452304892584 0.00027706780965086153 0.5619098190778513
358608.58044391515 4047690.460978517 20238.452304892584 0.003134664432842044 0.5650444835106934
358608.58044391515 4047690.460978517 20238.452304892584 0.007457812791581292 0.5725022963022747
358608.58044391515 4047690.460978517 20238.452304892584 0.008285957771784263 0.580788254074059
358608.58044391515 4047690.460978517 20238.452304892584 0.0 0.580788254074059
358608.58044391515 4047690.460978517 20238.452304892584 0.001179112461966537 0.5819673665360255
358608.58044391515 4047690.460978517 20238.452304892584 1.452377705102097e-05 0.5819818903130766
358608.58044391515 4047690.460978517 20238.452304892584 0.005258168955503865 0.5872400592685805
358608.58044391515 4047690.460978517 20238.452304892584 0.006804323671827798 0.5940443829404083
358608.58044391515 4047690.460978517 20238.452304892584 0.0006495230555226864 0.594693905995931
358608.58044391515 4047690.460978517 20238.452304892584 2.236081757348551e-05 0.5947162668135044
358608.58044391515 4047690.460978517 20238.452304892584 0.002957720037470924 0.5976739868509754
358608.58044391515 4047690.460978517 20238.452304892584 5.7410269637137244e-05 0.5977313971206125
358608.58044391515 4047690.460978517 20238.452304892584 0.0010457119476735097 0.5987771090682861
358608.58044391515 4047690.460978517 20238.452304892584 0.011770298021137012 0.6105474070894231
358608.58044391515 4047690.460978517 20238.452304892584 0.002334914555735601 0.6128823216451588
358608.58044391515 4047690.460978517 20238.452304892584 0.01264918859126954 0.6255315102364283
358608.58044391515 4047690.460978517 20238.452304892584 0.0 0.6255315102364283
358608.58044391515 4047690.460978517 20238.452304892584 0.034000821872244694 0.659532332108673
358608.58044391515 4047690.460978517 20238.452304892584 0.01778959344251005 0.6773219255511831
358608.58044391515 4047690.460978517 20238.452304892584 0.0025078288306575563 0.6798297543818407
358608.58044391515 4047690.460978517 20238.452304892584 0.020835419972862007 0.7006651743547027
358608.58044391515 4047690.460978517 20238.452304892584 0.006100795745747264 0.70676597010045
358608.58044391515 4047690.460978517 20238.452304892584 0.00867131343766441 0.7154372835381143
358608.58044391515 4047690.460978517 20238.452304892584 0.04769815383795308 0.7631354373760674
358608.58044391515 4047690.460978517 20238.452304892584 0.020835419972862007 0.7839708573489294
358608.58044391515 4047690.460978517 20238.452304892584 0.004030632709134799 0.7880014900580642
358608.58044391515 4047690.460978517 20238.452304892584 0.04483675628112862 0.8328382463391928
358608.58044391515 4047690.460978517 20238.452304892584 0.009062464467645692 0.8419007108068385
358608.58044391515 4047690.460978517 20238.452304892584 0.05764006374176431 0.8995407745486028
358608.58044391515 4047690.460978517 20238.452304892584 0.006804323671827798 0.9063450982204306
358608.58044391515 4047690.460978517 20238.452304892584 0.0003018710372420544 0.9066469692576727
358608.58044391515 4047690.460978517 20238.452304892584 0.0 0.9066469692576727
358608.58044391515 4047690.460978517 20238.452304892584 0.0020016944893554278 0.9086486637470281
358608.58044391515 4047690.460978517 20238.452304892584 0.013726790427931344 0.9223754541749595
358608.58044391515 4047690.460978517 20238.452304892584 0.0003018710372420544 0.9226773252122016
358608.58044391515 4047690.460978517 20238.452304892584 9.882178586929328e-07 0.9226783134300602
358608.58044391515 4047690.460978517 20238.452304892584 0.012353884335076422 0.9350321977651367
358608.58044391515 4047690.460978517 20238.452304892584 0.0180102704746787 0.9530424682398154
358608.58044391515 4047690.460978517 20238.452304892584 0.0025078288306575563 0.955550297070473
358608.58044391515 4047690.460978517 20238.452304892584 0.014780197242426851 0.9703304943128999
358608.58044391515 4047690.460978517 20238.452304892584 0.00043601802499305487 0.9707665123378929
358608.58044391515 4047690.460978517 20238.452304892584 0.02264658795659146 0.9934131002944844
358608.58044391515 4047690.460978517 20238.452304892584 0.0020016944893554278 0.9954147947838398
358608.58044391515 4047690.460978517 20238.452304892584 0.004030632709134799 0.9994454274929746
358608.58044391515 4047690.460978517 20238.452304892584 0.0005545725070257982 1.0000000000000004
501's generation extracting best parents:
35098.79268578906
0
0
0
0
0
0
5915.403621055794
0
0
2498.71647051041
0
0
0
0
0
0
0
0
0
0
0
6213.625028918304
0
21952.0
0
0
0
0
4232.718275529332
2000.0
0
0
1539.7454335051623
0
0
0
14991.85485522055
0
384.93635837629057
0
0
0
1431.0835055998655
5050.660154870846
0
0
0
47642.5230230306
0
40789.09167902615
0
27541.796019867696
0
0
0
0
0
0
0
18046.070818879107
51200.0
0
0
8432.91835606156
0
0
0
0
0
0
0
93530.74360871938
48818.84881887323
0
0
0
0
0
0
0
0
0
1121.4847301680036
0
0
0
0
0
0
0
0
8102.239690357228
0
0
0
4772.682264722846
0
441.2165001447702
0
0
144000.0
6824.5404240871785
0
71554.17527999327
47642.5230230306
1221.8805178903542
2121.1921176545984
4669.807704820403
0
38288.42456931337
8484.768470618394
0
28269.749768966827
0
39917.5854981235
0
0
0
80746.90057209626
0
16801.797999023795
0
0
3313.004678535785
8978.95138643706
358608.58044391515
9451.011374450885
18101.933598375617
1325.1052788363647
6516.696095415223
232318.13112195954
0
12727.922061357856
0
12348.0
44171.48401401067
0
95533.92067742221
0
1764.8660005790807
7454.260526705516
2498.71647051041
70216.73589679315
309529.902994848
4500.0
2121.1921176545984
0
0
1764.8660005790807
21952.0
1325.1052788363647
1539.7454335051623
98009.2115670767
1121.4847301680036
12688.151323183374
30186.91769624716
33538.99223292197
0
4772.682264722846
0
21283.440323406365
27541.796019867696
2629.0682760247973
0
11971.93518191608
0
4232.718275529332
47642.5230230306
9451.011374450885
51200.0
0
137624.80235771457
72006.7676819339
10150.914835619498
84335.33067463481
24694.132744439517
35098.79268578906
193067.36229616852
84335.33067463481
16314.753568472923
181485.3107003429
36682.05097864622
233309.13617773307
27541.796019867696
1221.8805178903542
0
8102.239690357228
55561.79867498892
1221.8805178903542
0
50004.69977912076
72900.0
10150.914835619498
59825.663389552145
1764.8660005790807
91666.37804560622
8102.239690357228
16314.753568472923
2244.737846609265
