0 4 93 64 896.8595207723448 57399.00932943007
1 0 5 0 11.180339887498949 0.0
2 1 22 4 103.18914671611545 412.7565868644618
3 11 179 484 2394.8567806864776 1159110.6818522552
4 0 50 0 1.0 0.0
5 0 50 0 1.0 0.0
6 1 17 4 70.09279563550022 280.3711825420009
7 0 50 0 1.0 0.0
8 12 219 576 3240.9040405417745 1866760.7273520622
9 19 250 1444 3952.847075210474 5707911.1766039245
10 2 21 16 96.23408959407264 1539.7454335051623
11 0 5 0 11.180339887498949 0.0
12 0 5 0 11.180339887498949 0.0
13 4 119 64 573.1570465413472 36682.05097864622
14 0 50 0 1.0 0.0
15 0 50 0 1.0 0.0
16 1 15 4 58.09475019311125 232.379000772445
17 0 7 0 18.520259177452132 0.0
18 18 263 1296 4265.143256679663 5527625.660656843
19 2 15 16 58.09475019311125 929.51600308978
20 3 40 36 252.98221281347034 9107.359661284932
21 1 23 4 110.30412503619254 441.2165001447702
22 0 50 0 1.0 0.0
23 4 96 64 311.9871792237623 19967.17947032079
24 20 226 1600 3397.5249815122775 5436039.970419644
25 0 50 0 1.0 0.0
26 0 2 0 2.8284271247461903 0.0
27 19 260 1444 4192.374029115246 6053788.098042415
28 0 50 0 1.0 0.0
29 0 5 0 11.180339887498949 0.0
30 6 84 144 769.8727167525811 110861.67121237169
31 0 50 0 1.0 0.0
32 10 170 400 2216.5288177689004 886611.5271075602
33 0 50 0 1.0 0.0
34 1 56 4 14.696938456699069 58.787753826796276
35 16 215 1024 3152.518834202264 3228179.286223118
36 1 28 4 148.16207341961706 592.6482936784682
37 0 50 0 1.0 0.0
38 0 2 0 2.8284271247461903 0.0
39 0 50 0 1.0 0.0
40 0 6 0 14.696938456699069 0.0
41 13 174 676 2295.2176367394877 1551567.1224358936
42 5 67 100 548.4186357154541 54841.863571545415
43 11 109 484 1137.99340947125 550788.810184085
44 13 149 676 1818.7767867443217 1229493.1078391615
45 0 50 0 1.0 0.0
46 0 7 0 18.520259177452132 0.0
47 0 50 0 1.0 0.0
48 1 41 4 262.5280937347468 1050.1123749389872
49 4 80 64 715.5417527999327 45794.672179195695
50 3 111 36 476.42523023030594 17151.308288291013
51 0 50 0 1.0 0.0
52 3 59 36 453.18759912424787 16314.753568472923
53 14 187 784 2557.1865399301632 2004834.247305248
54 0 5 0 11.180339887498949 0.0
55 0 50 0 1.0 0.0
56 3 41 36 262.5280937347468 9451.011374450885
57 0 50 0 1.0 0.0
58 0 50 0 1.0 0.0
59 1 6 4 14.696938456699069 58.787753826796276
60 23 288 2116 4887.522071561417 10341996.703423958
61 0 50 0 1.0 0.0
62 2 22 16 103.18914671611545 1651.0263474578471
63 0 50 0 1.0 0.0
64 0 50 0 1.0 0.0
65 0 50 0 1.0 0.0
66 0 12 0 41.569219381653056 0.0
67 0 50 0 1.0 0.0
68 4 51 64 364.21284985568536 23309.622390763863
69 2 22 16 103.18914671611545 1651.0263474578471
70 1 54 4 8.0 32.0
71 0 50 0 1.0 0.0
72 1 14 4 52.38320341483518 209.53281365934072
73 0 50 0 1.0 0.0
74 0 50 0 1.0 0.0
75 2 25 16 125.0 2000.0
76 3 41 36 262.5280937347468 9451.011374450885
77 0 2 0 2.8284271247461903 0.0
78 0 50 0 1.0 0.0
79 0 50 0 1.0 0.0
80 3 16 36 64.0 2304.0
81 2 44 16 291.8629815512752 4669.807704820403
82 8 80 256 715.5417527999327 183178.68871678278
83 0 10 0 31.622776601683793 0.0
84 0 50 0 1.0 0.0
85 1 61 4 36.4828726939094 145.9314907756376
86 12 223 576 3330.1001486441814 1918137.6856190485
87 0 50 0 1.0 0.0
88 1 9 4 27.0 108.0
89 1 55 4 11.180339887498949 44.721359549995796
90 2 33 16 189.57056733575496 3033.1290773720793
91 1 6 4 14.696938456699069 58.787753826796276
92 0 2 0 2.8284271247461903 0.0
93 0 7 0 18.520259177452132 0.0
94 0 6 0 14.696938456699069 0.0
95 0 50 0 1.0 0.0
96 20 339 1600 6241.651944797947 9986643.111676715
97 0 50 0 1.0 0.0
98 0 4 0 8.0 0.0
99 0 50 0 1.0 0.0
100 9 92 324 882.4330002895404 285908.2920938111
101 21 201 1764 2849.6668226303227 5026812.2751198895
102 1 13 4 46.87216658103186 187.48866632412745
103 9 94 324 911.3638131942698 295281.87547494343
104 15 202 900 2870.959421517483 2583863.479365735
105 13 174 676 2295.2176367394877 1551567.1224358936
106 18 180 1296 2414.953415699773 3129779.6267469055
107 22 300 1936 5196.152422706632 10059751.09036004
108 5 73 100 623.7122734081797 62371.227340817975
109 13 186 676 2536.7017956393693 1714810.4138522136
110 6 101 144 1015.0374377332099 146165.39103358221
111 0 50 0 1.0 0.0
112 8 133 256 1533.830825091216 392660.6912233513
113 11 210 484 3043.189116699782 1472903.5324826946
114 7 75 196 649.519052838329 127305.73435631249
115 0 50 0 1.0 0.0
116 0 50 0 1.0 0.0
117 15 188 900 2577.7261297507926 2319953.5167757133
118 19 266 1444 4338.328710459824 6264546.657903986
119 3 28 36 148.16207341961706 5333.834643106215
120 13 165 676 2119.4633754797464 1432757.2418243086
121 11 435 484 2516.272044116057 1217875.6693521715
122 17 236 1156 3625.500792993983 4191078.9167010444
123 22 292 1936 4989.698187265438 9660055.690545887
124 14 134 784 1551.1621449738902 1216111.1216595299
125 6 79 144 702.1673589679315 101112.09969138213
126 11 169 484 2197.0 1063348.0
127 16 170 1024 2216.5288177689004 2269725.509395354
128 13 155 676 1929.7344376882536 1304500.4798772593
129 9 177 324 2354.8318411300625 762965.5165261403
130 1 26 4 132.5745073534124 530.2980294136496
131 27 349 2916 6519.858050602023 19011906.075555496
132 15 219 900 3240.9040405417745 2916813.636487597
133 21 259 1764 4168.21052731265 7352723.370179514
134 13 184 676 2495.8974337900986 1687226.6652421067
135 30 407 3600 8210.91608774563 29559297.91588427
136 21 219 1764 3240.9040405417745 5716954.72751569
137 14 185 784 2516.272044116057 1972757.2825869885
138 4 69 64 573.1570465413472 36682.05097864622
139 5 83 100 756.1659870689768 75616.59870689768
140 17 194 1156 2702.1073257737194 3123636.0685944194
141 11 156 484 1948.4393755003002 943044.6577421454
142 14 186 784 2536.7017956393693 1988774.2077812655
143 16 260 1024 4192.374029115246 4292991.005814012
144 21 296 1764 5092.576558089235 8983305.04846941
145 18 219 1296 3240.9040405417745 4200211.63654214
146 9 182 324 2455.3142365082317 795521.8126286671
147 16 221 1024 3285.4011931573896 3364250.821793167
148 11 142 484 1692.125290869444 818988.6407808108
149 22 273 1936 4510.7002782273175 8732715.738648087
150 12 164 576 2100.2247498779743 1209729.4559297133
151 7 89 196 839.6243207530378 164566.3668675954
152 16 203 1024 2892.3047903013266 2961720.1052685585
153 17 272 1156 4485.938920672014 5185745.392296849
154 12 184 576 2495.8974337900986 1437636.9218630968
155 12 135 576 1568.5582552140038 903489.5550032662
156 14 199 784 2807.240459953511 2200876.520603553
157 9 117 324 1265.5484976878602 410037.7132508667
158 18 327 1296 5913.187211648215 7663490.626296087
159 22 384 1936 7524.832489829923 14568075.700310731
160 18 192 1296 2660.4300404257956 3447917.332391831
161 15 255 900 4072.0234527811845 3664821.107503066
162 26 362 2704 6887.519727739442 18623853.34380745
163 11 124 484 1380.8055619818454 668309.8919992131
164 11 191 484 2639.672517567283 1277601.498502565
165 21 347 1764 6463.8937955384135 11402308.655329762
166 9 110 324 1153.6897329871667 373795.473487842
167 19 265 1444 4313.8874579664225 6229253.489303514
168 16 265 1024 4313.8874579664225 4417420.756957617
169 14 185 784 2516.272044116057 1972757.2825869885
170 9 122 324 1347.5340440968457 436601.030287378
171 14 255 784 4072.0234527811845 3192466.386980449
172 11 187 484 2557.1865399301632 1237678.285326199
173 13 220 676 3263.127334322092 2205874.0780017343
174 11 148 484 1800.497708968273 871440.8911406441
175 0 50 0 1.0 0.0
176 17 316 1156 5617.338871743452 6493643.73573543
177 11 168 484 2177.5288746650413 1053923.97533788
178 5 86 100 797.5311906126306 79753.11906126306
179 18 301 1296 5222.154823442139 6767912.651181012
180 12 165 576 2119.4633754797464 1220810.904276334
181 17 236 1156 3625.500792993983 4191078.9167010444
182 32 340 4096 6269.290230959164 25679012.786008734
183 14 202 784 2870.959421517483 2250832.1864697067
184 24 392 2304 7761.204030303546 17881814.085819367
185 16 230 1024 3488.1227042637133 3571837.6491660425
186 12 192 576 2660.4300404257956 1532407.7032852583
187 21 298 1764 5144.277597486356 9074505.681965932
188 9 111 324 1169.4575665666541 378904.25156759593
189 14 236 784 3625.500792993983 2842392.6217072825
190 16 240 1024 3718.06401235912 3807297.548655739
191 20 240 1600 3718.06401235912 5948902.419774592
192 12 150 576 1837.1173070873836 1058179.5688823329
193 24 305 2304 5326.596004954759 12272477.195415765
194 14 154 784 1911.089741482592 1498294.357322352
195 4 82 64 742.5415813272682 47522.661204945165
196 12 206 576 2956.656219447909 1703033.9824019955
197 14 232 784 3533.7187211208534 2770435.477358749
198 18 266 1296 4338.328710459824 5622474.008755932
199 12 146 576 1764.1247121448075 1016135.8341954091
1401's generation fitness ratios and roulette cutoffs:
29559297.91588427 437788234.34159243 2188941.171707962 0.00013111135664884823 0.00013111135664884823
29559297.91588427 437788234.34159243 2188941.171707962 0.0 0.00013111135664884823
29559297.91588427 437788234.34159243 2188941.171707962 9.428224755405389e-07 0.00013205417912438876
29559297.91588427 437788234.34159243 2188941.171707962 0.0026476515148825073 0.002779705694006896
29559297.91588427 437788234.34159243 2188941.171707962 0.0 0.002779705694006896
29559297.91588427 437788234.34159243 2188941.171707962 0.0 0.002779705694006896
29559297.91588427 437788234.34159243 2188941.171707962 6.404264905923352e-07 0.0027803461204974887
29559297.91588427 437788234.34159243 2188941.171707962 0.0 0.0027803461204974887
29559297.91588427 437788234.34159243 2188941.171707962 0.004264072400574127 0.007044418521071615
29559297.91588427 437788234.34159243 2188941.171707962 0.013038064362758138 0.02008248288382975
29559297.91588427 437788234.34159243 2188941.171707962 3.5171009924943466e-06 0.020085999984822245
29559297.91588427 437788234.34159243 2188941.171707962 0.0 0.020085999984822245
29559297.91588427 437788234.34159243 2188941.171707962 0.0 0.020085999984822245
29559297.91588427 437788234.34159243 2188941.171707962 8.378948564895503e-05 0.0201697894704712
29559297.91588427 437788234.34159243 2188941.171707962 0.0 0.0201697894704712
29559297.91588427 437788234.34159243 2188941.171707962 0.0 0.0201697894704712
29559297.91588427 437788234.34159243 2188941.171707962 5.308022978779438e-07 0.02017032027276908
29559297.91588427 437788234.34159243 2188941.171707962 0.0 0.02017032027276908
29559297.91588427 437788234.34159243 2188941.171707962 0.012626254492586045 0.03279657476535512
29559297.91588427 437788234.34159243 2188941.171707962 2.123209191511775e-06 0.03279869797454663
29559297.91588427 437788234.34159243 2188941.171707962 2.0803116545564232e-05 0.0328195010910922
29559297.91588427 437788234.34159243 2188941.171707962 1.007830876972593e-06 0.03282050892196917
29559297.91588427 437788234.34159243 2188941.171707962 0.0 0.03282050892196917
29559297.91588427 437788234.34159243 2188941.171707962 4.560921903337636e-05 0.03286611814100255
29559297.91588427 437788234.34159243 2188941.171707962 0.01241705359806009 0.04528317173906264
29559297.91588427 437788234.34159243 2188941.171707962 0.0 0.04528317173906264
29559297.91588427 437788234.34159243 2188941.171707962 0.0 0.04528317173906264
29559297.91588427 437788234.34159243 2188941.171707962 0.013828119677877945 0.05911129141694059
29559297.91588427 437788234.34159243 2188941.171707962 0.0 0.05911129141694059
29559297.91588427 437788234.34159243 2188941.171707962 0.0 0.05911129141694059
29559297.91588427 437788234.34159243 2188941.171707962 0.00025323127145959295 0.05936452268840018
29559297.91588427 437788234.34159243 2188941.171707962 0.0 0.05936452268840018
29559297.91588427 437788234.34159243 2188941.171707962 0.0020252063841801767 0.061389729072580355
29559297.91588427 437788234.34159243 2188941.171707962 0.0 0.061389729072580355
29559297.91588427 437788234.34159243 2188941.171707962 1.3428353988363706e-07 0.06138986335612024
29559297.91588427 437788234.34159243 2188941.171707962 0.007373837469794291 0.06876370082591453
29559297.91588427 437788234.34159243 2188941.171707962 1.3537328031891405e-06 0.06876505455871772
29559297.91588427 437788234.34159243 2188941.171707962 0.0 0.06876505455871772
29559297.91588427 437788234.34159243 2188941.171707962 0.0 0.06876505455871772
29559297.91588427 437788234.34159243 2188941.171707962 0.0 0.06876505455871772
29559297.91588427 437788234.34159243 2188941.171707962 0.0 0.06876505455871772
29559297.91588427 437788234.34159243 2188941.171707962 0.003544104205471302 0.07230915876418902
29559297.91588427 437788234.34159243 2188941.171707962 0.00012527030027205808 0.07243442906446107
29559297.91588427 437788234.34159243 2188941.171707962 0.0012581169775209668 0.07369254604198204
29559297.91588427 437788234.34159243 2188941.171707962 0.0028084197139017367 0.07650096575588378
29559297.91588427 437788234.34159243 2188941.171707962 0.0 0.07650096575588378
29559297.91588427 437788234.34159243 2188941.171707962 0.0 0.07650096575588378
29559297.91588427 437788234.34159243 2188941.171707962 0.0 0.07650096575588378
29559297.91588427 437788234.34159243 2188941.171707962 2.3986765576701576e-06 0.07650336443244145
29559297.91588427 437788234.34159243 2188941.171707962 0.00010460462065196468 0.07660796905309342
29559297.91588427 437788234.34159243 2188941.171707962 3.9177179610789594e-05 0.0766471462327042
29559297.91588427 437788234.34159243 2188941.171707962 0.0 0.0766471462327042
29559297.91588427 437788234.34159243 2188941.171707962 3.726631345634344e-05 0.07668441254616054
29559297.91588427 437788234.34159243 2188941.171707962 0.004579461232713117 0.08126387377887366
29559297.91588427 437788234.34159243 2188941.171707962 0.0 0.08126387377887366
29559297.91588427 437788234.34159243 2188941.171707962 0.0 0.08126387377887366
29559297.91588427 437788234.34159243 2188941.171707962 2.1588089019031418e-05 0.08128546186789269
29559297.91588427 437788234.34159243 2188941.171707962 0.0 0.08128546186789269
29559297.91588427 437788234.34159243 2188941.171707962 0.0 0.08128546186789269
29559297.91588427 437788234.34159243 2188941.171707962 1.3428353988363706e-07 0.08128559615143258
29559297.91588427 437788234.34159243 2188941.171707962 0.023623286082545613 0.10490888223397819
29559297.91588427 437788234.34159243 2188941.171707962 0.0 0.10490888223397819
29559297.91588427 437788234.34159243 2188941.171707962 3.7712899021621558e-06 0.10491265352388035
29559297.91588427 437788234.34159243 2188941.171707962 0.0 0.10491265352388035
29559297.91588427 437788234.34159243 2188941.171707962 0.0 0.10491265352388035
29559297.91588427 437788234.34159243 2188941.171707962 0.0 0.10491265352388035
29559297.91588427 437788234.34159243 2188941.171707962 0.0 0.10491265352388035
29559297.91588427 437788234.34159243 2188941.171707962 0.0 0.10491265352388035
29559297.91588427 437788234.34159243 2188941.171707962 5.3244058570509906e-05 0.10496589758245085
29559297.91588427 437788234.34159243 2188941.171707962 3.7712899021621558e-06 0.10496966887235301
29559297.91588427 437788234.34159243 2188941.171707962 7.309470079324107e-08 0.1049697419670538
29559297.91588427 437788234.34159243 2188941.171707962 0.0 0.1049697419670538
29559297.91588427 437788234.34159243 2188941.171707962 4.786168225248576e-07 0.10497022058387633
29559297.91588427 437788234.34159243 2188941.171707962 0.0 0.10497022058387633
29559297.91588427 437788234.34159243 2188941.171707962 0.0 0.10497022058387633
29559297.91588427 437788234.34159243 2188941.171707962 4.568418799577567e-06 0.1049747890026759
29559297.91588427 437788234.34159243 2188941.171707962 2.1588089019031418e-05 0.10499637709169493
29559297.91588427 437788234.34159243 2188941.171707962 0.0 0.10499637709169493
29559297.91588427 437788234.34159243 2188941.171707962 0.0 0.10499637709169493
29559297.91588427 437788234.34159243 2188941.171707962 0.0 0.10499637709169493
29559297.91588427 437788234.34159243 2188941.171707962 5.262818457113356e-06 0.10500163991015204
29559297.91588427 437788234.34159243 2188941.171707962 1.0666818654556848e-05 0.1050123067288066
29559297.91588427 437788234.34159243 2188941.171707962 0.0004184184826078587 0.10543072521141446
29559297.91588427 437788234.34159243 2188941.171707962 0.0 0.10543072521141446
29559297.91588427 437788234.34159243 2188941.171707962 0.0 0.10543072521141446
29559297.91588427 437788234.34159243 2188941.171707962 3.333380829549015e-07 0.10543105854949741
29559297.91588427 437788234.34159243 2188941.171707962 0.004381428131580133 0.10981248668107754
29559297.91588427 437788234.34159243 2188941.171707962 0.0 0.10981248668107754
29559297.91588427 437788234.34159243 2188941.171707962 2.466946151771886e-07 0.10981273337569272
29559297.91588427 437788234.34159243 2188941.171707962 1.0215294985543426e-07 0.10981283552864257
29559297.91588427 437788234.34159243 2188941.171707962 6.928301949305983e-06 0.10981976383059187
29559297.91588427 437788234.34159243 2188941.171707962 1.3428353988363706e-07 0.10981989811413176
29559297.91588427 437788234.34159243 2188941.171707962 0.0 0.10981989811413176
29559297.91588427 437788234.34159243 2188941.171707962 0.0 0.10981989811413176
29559297.91588427 437788234.34159243 2188941.171707962 0.0 0.10981989811413176
29559297.91588427 437788234.34159243 2188941.171707962 0.0 0.10981989811413176
29559297.91588427 437788234.34159243 2188941.171707962 0.022811584068027857 0.13263148218215962
29559297.91588427 437788234.34159243 2188941.171707962 0.0 0.13263148218215962
29559297.91588427 437788234.34159243 2188941.171707962 0.0 0.13263148218215962
29559297.91588427 437788234.34159243 2188941.171707962 0.0 0.13263148218215962
29559297.91588427 437788234.34159243 2188941.171707962 0.0006530744082782403 0.13328455659043786
29559297.91588427 437788234.34159243 2188941.171707962 0.011482291849802491 0.14476684844024035
29559297.91588427 437788234.34159243 2188941.171707962 4.282633739714346e-07 0.1447672767036143
29559297.91588427 437788234.34159243 2188941.171707962 0.0006744856355471267 0.14544176233916142
29559297.91588427 437788234.34159243 2188941.171707962 0.005902085247338162 0.15134384758649957
29559297.91588427 437788234.34159243 2188941.171707962 0.003544104205471302 0.15488795179197087
29559297.91588427 437788234.34159243 2188941.171707962 0.007149072042682711 0.16203702383465357
29559297.91588427 437788234.34159243 2188941.171707962 0.022978578000135863 0.18501560183478943
29559297.91588427 437788234.34159243 2188941.171707962 0.00014246894376825957 0.1851580707785577
29559297.91588427 437788234.34159243 2188941.171707962 0.00391698606617692 0.1890750568447346
29559297.91588427 437788234.34159243 2188941.171707962 0.00033387236012271163 0.18940892920485733
29559297.91588427 437788234.34159243 2188941.171707962 0.0 0.18940892920485733
29559297.91588427 437788234.34159243 2188941.171707962 0.00089691924181994 0.19030584844667728
29559297.91588427 437788234.34159243 2188941.171707962 0.003364420093879074 0.19367026854055636
29559297.91588427 437788234.34159243 2188941.171707962 0.0002907929550637028 0.19396106149562006
29559297.91588427 437788234.34159243 2188941.171707962 0.0 0.19396106149562006
29559297.91588427 437788234.34159243 2188941.171707962 0.0 0.19396106149562006
29559297.91588427 437788234.34159243 2188941.171707962 0.005299259630092128 0.19926032112571218
29559297.91588427 437788234.34159243 2188941.171707962 0.01430953636139969 0.21356985748711188
29559297.91588427 437788234.34159243 2188941.171707962 1.2183595228702265e-05 0.21358204108234058
29559297.91588427 437788234.34159243 2188941.171707962 0.0032727175593905366 0.21685475864173112
29559297.91588427 437788234.34159243 2188941.171707962 0.0027818830517082863 0.2196366416934394
29559297.91588427 437788234.34159243 2188941.171707962 0.009573301856785116 0.22920994355022453
29559297.91588427 437788234.34159243 2188941.171707962 0.02206559001082804 0.2512755335610526
29559297.91588427 437788234.34159243 2188941.171707962 0.0027778524552823786 0.254053386016335
29559297.91588427 437788234.34159243 2188941.171707962 0.00023096120854743557 0.2542843472248824
29559297.91588427 437788234.34159243 2188941.171707962 0.002428909496846603 0.256713256721729
29559297.91588427 437788234.34159243 2188941.171707962 0.005184528343501252 0.26189778506523026
29559297.91588427 437788234.34159243 2188941.171707962 0.0029797522581646143 0.26487753732339486
29559297.91588427 437788234.34159243 2188941.171707962 0.0017427730045637138 0.2666203103279586
29559297.91588427 437788234.34159243 2188941.171707962 1.211311743476127e-06 0.26662152163970204
29559297.91588427 437788234.34159243 2188941.171707962 0.04342717456568534 0.3100486962053874
29559297.91588427 437788234.34159243 2188941.171707962 0.006662613125897072 0.31671130933128444
29559297.91588427 437788234.34159243 2188941.171707962 0.01679515983621071 0.33350646916749516
29559297.91588427 437788234.34159243 2188941.171707962 0.0038539790083203028 0.33736044817581545
29559297.91588427 437788234.34159243 2188941.171707962 0.06751962615061984 0.4048800743264353
29559297.91588427 437788234.34159243 2188941.171707962 0.01305872172675826 0.41793879605319356
29559297.91588427 437788234.34159243 2188941.171707962 0.004506190728386976 0.42244498678158054
29559297.91588427 437788234.34159243 2188941.171707962 8.378948564895503e-05 0.4225287762672295
29559297.91588427 437788234.34159243 2188941.171707962 0.00017272414554635204 0.4227015004127759
29559297.91588427 437788234.34159243 2188941.171707962 0.007135038869402653 0.4298365392821785
29559297.91588427 437788234.34159243 2188941.171707962 0.002154111471635204 0.4319906507538137
29559297.91588427 437788234.34159243 2188941.171707962 0.004542776739471457 0.43653342749328516
29559297.91588427 437788234.34159243 2188941.171707962 0.009806090408689069 0.44633951790197424
29559297.91588427 437788234.34159243 2188941.171707962 0.020519749832883856 0.4668592677348581
29559297.91588427 437788234.34159243 2188941.171707962 0.009594162901291784 0.47645343063614987
29559297.91588427 437788234.34159243 2188941.171707962 0.0018171384021434126 0.4782705690382933
29559297.91588427 437788234.34159243 2188941.171707962 0.0076846533503870905 0.4859552223886804
29559297.91588427 437788234.34159243 2188941.171707962 0.0018707415515917673 0.48782596394027217
29559297.91588427 437788234.34159243 2188941.171707962 0.019947351375903408 0.5077733153161755
29559297.91588427 437788234.34159243 2188941.171707962 0.0027632753944360215 0.5105365907106115
29559297.91588427 437788234.34159243 2188941.171707962 0.0003759040420880508 0.5109124947526996
29559297.91588427 437788234.34159243 2188941.171707962 0.006765188903997865 0.5176776836566975
29559297.91588427 437788234.34159243 2188941.171707962 0.011845328369995833 0.5295230120266934
29559297.91588427 437788234.34159243 2188941.171707962 0.0032838637704030982 0.5328068757970965
29559297.91588427 437788234.34159243 2188941.171707962 0.0020637593341494456 0.534870635131246
29559297.91588427 437788234.34159243 2188941.171707962 0.005027262836137067 0.5398978979673831
29559297.91588427 437788234.34159243 2188941.171707962 0.0009366119988755274 0.5408345099662586
29559297.91588427 437788234.34159243 2188941.171707962 0.01750501732377875 0.5583395272900373
29559297.91588427 437788234.34159243 2188941.171707962 0.03327653545148433 0.5916160627415217
29559297.91588427 437788234.34159243 2188941.171707962 0.007875765180344087 0.5994918279218657
29559297.91588427 437788234.34159243 2188941.171707962 0.008371218822302842 0.6078630467441686
29559297.91588427 437788234.34159243 2188941.171707962 0.04254078086821274 0.6504038276123814
29559297.91588427 437788234.34159243 2188941.171707962 0.0015265597372764292 0.6519303873496578
29559297.91588427 437788234.34159243 2188941.171707962 0.0029183093520637944 0.6548486967017216
29559297.91588427 437788234.34159243 2188941.171707962 0.026045260609797245 0.6808939573115189
29559297.91588427 437788234.34159243 2188941.171707962 0.0008538271341394276 0.6817477844456583
29559297.91588427 437788234.34159243 2188941.171707962 0.014228919373934164 0.6959767038195924
29559297.91588427 437788234.34159243 2188941.171707962 0.01009031401586467 0.7060670178354571
29559297.91588427 437788234.34159243 2188941.171707962 0.004506190728386976 0.7105732085638441
29559297.91588427 437788234.34159243 2188941.171707962 0.000997288177339896 0.711570496741184
29559297.91588427 437788234.34159243 2188941.171707962 0.007292261729650476 0.7188627584708345
29559297.91588427 437788234.34159243 2188941.171707962 0.0028271163732565673 0.7216898748440911
29559297.91588427 437788234.34159243 2188941.171707962 0.005038678303721977 0.726728553147813
29559297.91588427 437788234.34159243 2188941.171707962 0.001990553474903773 0.7287191066227168
29559297.91588427 437788234.34159243 2188941.171707962 0.0 0.7287191066227168
29559297.91588427 437788234.34159243 2188941.171707962 0.01483284206004642 0.7435519486827632
29559297.91588427 437788234.34159243 2188941.171707962 0.002407383051129547 0.7459593317338927
29559297.91588427 437788234.34159243 2188941.171707962 0.00018217282422221105 0.7461415045581149
29559297.91588427 437788234.34159243 2188941.171707962 0.015459329694777093 0.761600834252892
29559297.91588427 437788234.34159243 2188941.171707962 0.0027885877429126467 0.7643894219958047
29559297.91588427 437788234.34159243 2188941.171707962 0.009573301856785116 0.7739627238525898
29559297.91588427 437788234.34159243 2188941.171707962 0.0586562423830975 0.8326189662356873
29559297.91588427 437788234.34159243 2188941.171707962 0.0051413720376812435 0.8377603382733686
29559297.91588427 437788234.34159243 2188941.171707962 0.040845807820104066 0.8786061460934727
29559297.91588427 437788234.34159243 2188941.171707962 0.008158825132744544 0.8867649712262172
29559297.91588427 437788234.34159243 2188941.171707962 0.0035003400801529275 0.8902653113063701
29559297.91588427 437788234.34159243 2188941.171707962 0.020728071177183303 0.9109933824835534
29559297.91588427 437788234.34159243 2188941.171707962 0.0008654966530506363 0.9118588791366041
29559297.91588427 437788234.34159243 2188941.171707962 0.006492619944394058 0.9183514990809982
29559297.91588427 437788234.34159243 2188941.171707962 0.00869666484843223 0.9270481639294305
29559297.91588427 437788234.34159243 2188941.171707962 0.01358853882567536 0.9406367027551058
29559297.91588427 437788234.34159243 2188941.171707962 0.0024171037179054667 0.9430538064730113
29559297.91588427 437788234.34159243 2188941.171707962 0.028032907768462175 0.9710867142414734
29559297.91588427 437788234.34159243 2188941.171707962 0.0034224180546462103 0.9745091322961196
29559297.91588427 437788234.34159243 2188941.171707962 0.00010855170942731348 0.9746176840055469
29559297.91588427 437788234.34159243 2188941.171707962 0.0038900862307623633 0.9785077702363093
29559297.91588427 437788234.34159243 2188941.171707962 0.006328254758891179 0.9848360249952005
29559297.91588427 437788234.34159243 2188941.171707962 0.01284290798086842 0.9976789329760689
29559297.91588427 437788234.34159243 2188941.171707962 0.00232106702393137 1.0000000000000002
1401's generation extracting best parents:
0
0
0
1159110.6818522552
0
0
0
0
1866760.7273520622
5707911.1766039245
0
0
0
0
0
0
0
0
5527625.660656843
0
0
0
0
0
5436039.970419644
0
0
6053788.098042415
0
0
0
0
886611.5271075602
0
0
3228179.286223118
0
0
0
0
0
1551567.1224358936
0
550788.810184085
1229493.1078391615
0
0
0
0
0
0
0
0
2004834.247305248
0
0
0
0
0
0
10341996.703423958
0
0
0
0
0
0
0
0
0
0
0
0
0
0
0
0
0
0
0
0
0
183178.68871678278
0
0
0
1918137.6856190485
0
0
0
0
0
0
0
0
0
9986643.111676715
0
0
0
285908.2920938111
5026812.2751198895
0
295281.87547494343
2583863.479365735
1551567.1224358936
3129779.6267469055
10059751.09036004
0
1714810.4138522136
0
0
392660.6912233513
1472903.5324826946
0
0
0
2319953.5167757133
6264546.657903986
0
1432757.2418243086
1217875.6693521715
4191078.9167010444
9660055.690545887
1216111.1216595299
0
1063348.0
2269725.509395354
1304500.4798772593
762965.5165261403
0
19011906.075555496
2916813.636487597
7352723.370179514
1687226.6652421067
29559297.91588427
5716954.72751569
1972757.2825869885
0
0
3123636.0685944194
943044.6577421454
1988774.2077812655
4292991.005814012
8983305.04846941
4200211.63654214
795521.8126286671
3364250.821793167
818988.6407808108
8732715.738648087
1209729.4559297133
0
2961720.1052685585
5185745.392296849
1437636.9218630968
903489.5550032662
2200876.520603553
410037.7132508667
7663490.626296087
14568075.700310731
3447917.332391831
3664821.107503066
18623853.34380745
668309.8919992131
1277601.498502565
11402308.655329762
373795.473487842
6229253.489303514
4417420.756957617
1972757.2825869885
436601.030287378
3192466.386980449
1237678.285326199
2205874.0780017343
871440.8911406441
0
6493643.73573543
1053923.97533788
0
6767912.651181012
1220810.904276334
4191078.9167010444
25679012.786008734
2250832.1864697067
17881814.085819367
3571837.6491660425
1532407.7032852583
9074505.681965932
378904.25156759593
2842392.6217072825
3807297.548655739
5948902.419774592
1058179.5688823329
12272477.195415765
1498294.357322352
0
1703033.9824019955
2770435.477358749
5622474.008755932
1016135.8341954091
