0 2 23 16 110.30412503619254 1764.8660005790807
1 1 23 4 110.30412503619254 441.2165001447702
2 1 56 4 14.696938456699069 58.787753826796276
3 0 50 0 1.0 0.0
4 2 29 16 156.16977940690063 2498.71647051041
5 2 44 16 291.8629815512752 4669.807704820403
6 0 50 0 1.0 0.0
7 2 22 16 103.18914671611545 1651.0263474578471
8 0 6 0 14.696938456699069 0.0
9 1 13 4 46.87216658103186 187.48866632412745
10 3 84 36 198.25236442474022 7137.085119290648
11 1 51 4 1.0 4.0
12 2 14 16 52.38320341483518 838.1312546373629
13 1 13 4 46.87216658103186 187.48866632412745
14 1 32 4 181.01933598375618 724.0773439350247
15 0 50 0 1.0 0.0
16 0 50 0 1.0 0.0
17 0 9 0 27.0 0.0
18 4 59 64 453.18759912424787 29004.006343951864
19 0 50 0 1.0 0.0
20 0 9 0 27.0 0.0
21 0 6 0 14.696938456699069 0.0
22 1 61 4 36.4828726939094 145.9314907756376
23 0 6 0 14.696938456699069 0.0
24 1 20 4 89.44271909999159 357.77087639996637
25 1 14 4 52.38320341483518 209.53281365934072
26 1 56 4 14.696938456699069 58.787753826796276
27 0 50 0 1.0 0.0
28 2 8 16 22.627416997969522 362.03867196751236
29 1 31 4 172.60069524773067 690.4027809909227
30 1 5 4 11.180339887498949 44.721359549995796
31 0 50 0 1.0 0.0
32 0 50 0 1.0 0.0
33 2 18 16 76.36753236814714 1221.8805178903542
34 1 5 4 11.180339887498949 44.721359549995796
35 5 50 100 353.5533905932738 35355.33905932738
36 2 20 16 89.44271909999159 1431.0835055998655
37 0 50 0 1.0 0.0
38 1 4 4 8.0 32.0
39 1 13 4 46.87216658103186 187.48866632412745
40 0 14 0 52.38320341483518 0.0
41 0 7 0 18.520259177452132 0.0
42 0 50 0 1.0 0.0
43 1 18 4 76.36753236814714 305.47012947258855
44 0 6 0 14.696938456699069 0.0
45 2 43 16 281.96985654498604 4511.517704719777
46 1 55 4 11.180339887498949 44.721359549995796
47 1 14 4 52.38320341483518 209.53281365934072
48 1 12 4 41.569219381653056 166.27687752661222
49 2 44 16 291.8629815512752 4669.807704820403
50 3 62 36 488.18848818873226 17574.78557479436
51 2 24 16 117.57550765359255 1881.2081224574808
52 0 50 0 1.0 0.0
53 1 22 4 103.18914671611545 412.7565868644618
54 0 50 0 1.0 0.0
55 1 13 4 46.87216658103186 187.48866632412745
56 3 69 36 573.1570465413472 20633.6536754885
57 2 26 16 132.5745073534124 2121.1921176545984
58 0 10 0 31.622776601683793 0.0
59 0 50 0 1.0 0.0
60 4 67 64 548.4186357154541 35098.79268578906
61 1 14 4 52.38320341483518 209.53281365934072
62 1 55 4 11.180339887498949 44.721359549995796
63 0 50 0 1.0 0.0
64 0 50 0 1.0 0.0
65 0 50 0 1.0 0.0
66 0 14 0 52.38320341483518 0.0
67 1 67 4 70.09279563550022 280.3711825420009
68 0 6 0 14.696938456699069 0.0
69 0 50 0 1.0 0.0
70 1 10 4 31.622776601683793 126.49110640673517
71 1 17 4 70.09279563550022 280.3711825420009
72 0 50 0 1.0 0.0
73 0 50 0 1.0 0.0
74 2 12 16 41.569219381653056 665.1075101064489
75 3 77 36 140.29611541307906 5050.660154870846
76 1 11 4 36.4828726939094 145.9314907756376
77 1 23 4 110.30412503619254 441.2165001447702
78 1 14 4 52.38320341483518 209.53281365934072
79 1 22 4 103.18914671611545 412.7565868644618
80 1 13 4 46.87216658103186 187.48866632412745
81 4 31 64 172.60069524773067 11046.444495854763
82 4 75 64 649.519052838329 41569.219381653056
83 1 21 4 96.23408959407264 384.93635837629057
84 0 50 0 1.0 0.0
85 1 11 4 36.4828726939094 145.9314907756376
86 0 50 0 1.0 0.0
87 0 9 0 27.0 0.0
88 0 9 0 27.0 0.0
89 1 18 4 76.36753236814714 305.47012947258855
90 0 6 0 14.696938456699069 0.0
91 1 54 4 8.0 32.0
92 0 2 0 2.8284271247461903 0.0
93 2 25 16 125.0 2000.0
94 2 16 16 64.0 1024.0
95 0 50 0 1.0 0.0
96 0 50 0 1.0 0.0
97 0 50 0 1.0 0.0
98 0 14 0 52.38320341483518 0.0
99 0 8 0 22.627416997969522 0.0
100 1 53 4 5.196152422706632 20.784609690826528
101 0 7 0 18.520259177452132 0.0
102 0 50 0 1.0 0.0
103 2 14 16 52.38320341483518 838.1312546373629
104 0 7 0 18.520259177452132 0.0
105 1 19 4 82.8190799272728 331.2763197090912
106 1 50 4 1.0 4.0
107 1 62 4 41.569219381653056 166.27687752661222
108 0 50 0 1.0 0.0
109 1 19 4 82.8190799272728 331.2763197090912
110 1 58 4 22.627416997969522 90.50966799187809
111 1 16 4 64.0 256.0
112 2 19 16 82.8190799272728 1325.1052788363647
113 3 20 36 89.44271909999159 3219.937887599697
114 4 75 64 649.519052838329 41569.219381653056
115 0 50 0 1.0 0.0
116 3 30 36 164.31676725154983 5915.403621055794
117 0 50 0 1.0 0.0
118 0 50 0 1.0 0.0
119 0 50 0 1.0 0.0
120 5 59 100 453.18759912424787 45318.759912424786
121 1 60 4 31.622776601683793 126.49110640673517
122 1 7 4 18.520259177452132 74.08103670980853
123 0 50 0 1.0 0.0
124 4 35 64 207.06279240848656 13252.01871414314
125 2 15 16 58.09475019311125 929.51600308978
126 2 18 16 76.36753236814714 1221.8805178903542
127 1 14 4 52.38320341483518 209.53281365934072
128 1 53 4 5.196152422706632 20.784609690826528
129 1 16 4 64.0 256.0
130 6 80 144 715.5417527999327 103038.01240319031
131 0 50 0 1.0 0.0
132 4 63 64 500.0469977912076 32003.007858637287
133 5 108 100 1122.3689233046325 112236.89233046325
134 0 50 0 1.0 0.0
135 3 26 36 132.5745073534124 4772.682264722846
136 1 15 4 58.09475019311125 232.379000772445
137 4 56 64 419.06562731868144 26820.200148395612
138 0 50 0 1.0 0.0
139 4 36 64 216.0 13824.0
140 5 82 100 742.5415813272682 74254.15813272682
141 4 56 64 419.06562731868144 26820.200148395612
142 2 48 16 332.55375505322445 5320.860080851591
143 4 38 64 234.2477321128211 14991.85485522055
144 2 27 16 140.29611541307906 2244.737846609265
145 1 8 4 22.627416997969522 90.50966799187809
146 4 46 64 311.9871792237623 19967.17947032079
147 5 76 100 662.5526394181824 66255.26394181824
148 0 50 0 1.0 0.0
149 1 11 4 36.4828726939094 145.9314907756376
150 5 53 100 385.84582413186746 38584.58241318675
151 2 30 16 164.31676725154983 2629.0682760247973
152 3 48 36 332.55375505322445 11971.93518191608
153 4 63 64 500.0469977912076 32003.007858637287
154 4 71 64 598.2566338955214 38288.42456931337
155 2 29 16 156.16977940690063 2498.71647051041
156 2 27 16 140.29611541307906 2244.737846609265
157 2 35 16 207.06279240848656 3313.004678535785
158 2 33 16 189.57056733575496 3033.1290773720793
159 1 29 4 156.16977940690063 624.6791176276025
160 4 65 64 524.0467536394058 33538.99223292197
161 1 14 4 52.38320341483518 209.53281365934072
162 2 28 16 148.16207341961706 2370.593174713873
163 5 51 100 364.21284985568536 36421.284985568534
164 1 52 4 2.8284271247461903 11.313708498984761
165 3 50 36 353.5533905932738 12727.922061357856
166 3 41 36 262.5280937347468 9451.011374450885
167 5 67 100 548.4186357154541 54841.863571545415
168 4 88 64 825.5131737289236 52832.84311865111
169 1 22 4 103.18914671611545 412.7565868644618
170 3 44 36 291.8629815512752 10507.067335845906
171 5 53 100 385.84582413186746 38584.58241318675
172 2 69 16 82.8190799272728 1325.1052788363647
173 3 29 36 156.16977940690063 5622.112058648423
174 1 26 4 132.5745073534124 530.2980294136496
175 5 59 100 453.18759912424787 45318.759912424786
176 0 6 0 14.696938456699069 0.0
177 1 63 4 46.87216658103186 187.48866632412745
178 4 50 64 353.5533905932738 22627.41699796952
179 4 45 64 301.8691769624716 19319.627325598183
180 4 70 64 585.6620185738528 37482.36918872658
181 1 17 4 70.09279563550022 280.3711825420009
182 4 29 64 156.16977940690063 9994.86588204164
183 4 89 64 839.6243207530378 53735.956528194416
184 3 33 36 189.57056733575496 6824.5404240871785
185 1 44 4 291.8629815512752 1167.4519262051008
186 3 33 36 189.57056733575496 6824.5404240871785
187 4 50 64 353.5533905932738 22627.41699796952
188 4 49 64 343.0 21952.0
189 4 44 64 291.8629815512752 18679.230819281613
190 1 21 4 96.23408959407264 384.93635837629057
191 1 23 4 110.30412503619254 441.2165001447702
192 1 15 4 58.09475019311125 232.379000772445
193 1 6 4 14.696938456699069 58.787753826796276
194 4 48 64 332.55375505322445 21283.440323406365
195 3 36 36 216.0 7776.0
196 2 34 16 198.25236442474022 3172.0378307958435
197 3 26 36 132.5745073534124 4772.682264722846
198 1 23 4 110.30412503619254 441.2165001447702
199 4 49 64 343.0 21952.0
401's generation fitness ratios and roulette cutoffs:
112236.89233046325 1582297.9368852195 7911.4896844260975 0.001115381597509537 0.001115381597509537
112236.89233046325 1582297.9368852195 7911.4896844260975 0.00027884539937738425 0.0013942269968869212
112236.89233046325 1582297.9368852195 7911.4896844260975 3.7153403576143805e-05 0.001431380400463065
112236.89233046325 1582297.9368852195 7911.4896844260975 0.0 0.001431380400463065
112236.89233046325 1582297.9368852195 7911.4896844260975 0.0015791693917197264 0.003010549792182791
112236.89233046325 1582297.9368852195 7911.4896844260975 0.0029512821801518613 0.005961831972334653
112236.89233046325 1582297.9368852195 7911.4896844260975 0.0 0.005961831972334653
112236.89233046325 1582297.9368852195 7911.4896844260975 0.0010434358213901995 0.007005267793724852
112236.89233046325 1582297.9368852195 7911.4896844260975 0.0 0.007005267793724852
112236.89233046325 1582297.9368852195 7911.4896844260975 0.00011849138013363152 0.0071237591738584835
112236.89233046325 1582297.9368852195 7911.4896844260975 0.004510582332768583 0.011634341506627066
112236.89233046325 1582297.9368852195 7911.4896844260975 2.527968915812447e-06 0.011636869475542879
112236.89233046325 1582297.9368852195 7911.4896844260975 0.000529692439773535 0.012166561915316414
112236.89233046325 1582297.9368852195 7911.4896844260975 0.00011849138013363152 0.012285053295450045
112236.89233046325 1582297.9368852195 7911.4896844260975 0.0004576112545279452 0.012742664549977991
112236.89233046325 1582297.9368852195 7911.4896844260975 0.0 0.012742664549977991
112236.89233046325 1582297.9368852195 7911.4896844260975 0.0 0.012742664549977991
112236.89233046325 1582297.9368852195 7911.4896844260975 0.0 0.012742664549977991
112236.89233046325 1582297.9368852195 7911.4896844260975 0.01833030661788433 0.031072971167862323
112236.89233046325 1582297.9368852195 7911.4896844260975 0.0 0.031072971167862323
112236.89233046325 1582297.9368852195 7911.4896844260975 0.0 0.031072971167862323
112236.89233046325 1582297.9368852195 7911.4896844260975 0.0 0.031072971167862323
112236.89233046325 1582297.9368852195 7911.4896844260975 9.222756812974566e-05 0.031165198735992067
112236.89233046325 1582297.9368852195 7911.4896844260975 0.0 0.031165198735992067
112236.89233046325 1582297.9368852195 7911.4896844260975 0.000226108413630523 0.03139130714962259
112236.89233046325 1582297.9368852195 7911.4896844260975 0.00013242310994338375 0.03152373025956597
112236.89233046325 1582297.9368852195 7911.4896844260975 3.7153403576143805e-05 0.031560883663142116
112236.89233046325 1582297.9368852195 7911.4896844260975 0.0 0.031560883663142116
112236.89233046325 1582297.9368852195 7911.4896844260975 0.0002288056272639726 0.03178968929040609
112236.89233046325 1582297.9368852195 7911.4896844260975 0.00043632919243388025 0.03222601848283997
112236.89233046325 1582297.9368852195 7911.4896844260975 2.8263551703815374e-05 0.03225428203454379
112236.89233046325 1582297.9368852195 7911.4896844260975 0.0 0.03225428203454379
112236.89233046325 1582297.9368852195 7911.4896844260975 0.0 0.03225428203454379
112236.89233046325 1582297.9368852195 7911.4896844260975 0.0007722189920159074 0.03302650102655969
112236.89233046325 1582297.9368852195 7911.4896844260975 2.8263551703815374e-05 0.03305476457826351
112236.89233046325 1582297.9368852195 7911.4896844260975 0.022344299537497322 0.05539906411576083
112236.89233046325 1582297.9368852195 7911.4896844260975 0.000904433654522092 0.05630349777028292
112236.89233046325 1582297.9368852195 7911.4896844260975 0.0 0.05630349777028292
112236.89233046325 1582297.9368852195 7911.4896844260975 2.0223751326499577e-05 0.05632372152160942
112236.89233046325 1582297.9368852195 7911.4896844260975 0.00011849138013363152 0.056442212901743054
112236.89233046325 1582297.9368852195 7911.4896844260975 0.0 0.056442212901743054
112236.89233046325 1582297.9368852195 7911.4896844260975 0.0 0.056442212901743054
112236.89233046325 1582297.9368852195 7911.4896844260975 0.0 0.056442212901743054
112236.89233046325 1582297.9368852195 7911.4896844260975 0.00019305474800397686 0.05663526764974703
112236.89233046325 1582297.9368852195 7911.4896844260975 0.0 0.05663526764974703
112236.89233046325 1582297.9368852195 7911.4896844260975 0.002851244130167278 0.059486511779914306
112236.89233046325 1582297.9368852195 7911.4896844260975 2.8263551703815374e-05 0.05951477533161812
112236.89233046325 1582297.9368852195 7911.4896844260975 0.00013242310994338375 0.0596471984415615
112236.89233046325 1582297.9368852195 7911.4896844260975 0.00010508569445140723 0.059752284136012905
112236.89233046325 1582297.9368852195 7911.4896844260975 0.0029512821801518613 0.06270356631616476
112236.89233046325 1582297.9368852195 7911.4896844260975 0.011107127908787283 0.07381069422495204
112236.89233046325 1582297.9368852195 7911.4896844260975 0.0011889089144366018 0.07499960313938864
112236.89233046325 1582297.9368852195 7911.4896844260975 0.0 0.07499960313938864
112236.89233046325 1582297.9368852195 7911.4896844260975 0.00026085895534754986 0.07526046209473619
112236.89233046325 1582297.9368852195 7911.4896844260975 0.0 0.07526046209473619
112236.89233046325 1582297.9368852195 7911.4896844260975 0.00011849138013363152 0.07537895347486982
112236.89233046325 1582297.9368852195 7911.4896844260975 0.013040308777818543 0.08841926225268837
112236.89233046325 1582297.9368852195 7911.4896844260975 0.001340576934474301 0.08975983918716267
112236.89233046325 1582297.9368852195 7911.4896844260975 0.0 0.08975983918716267
112236.89233046325 1582297.9368852195 7911.4896844260975 0.0 0.08975983918716267
112236.89233046325 1582297.9368852195 7911.4896844260975 0.022182164223055006 0.11194200341021768
112236.89233046325 1582297.9368852195 7911.4896844260975 0.00013242310994338375 0.11207442652016106
112236.89233046325 1582297.9368852195 7911.4896844260975 2.8263551703815374e-05 0.11210269007186488
112236.89233046325 1582297.9368852195 7911.4896844260975 0.0 0.11210269007186488
112236.89233046325 1582297.9368852195 7911.4896844260975 0.0 0.11210269007186488
112236.89233046325 1582297.9368852195 7911.4896844260975 0.0 0.11210269007186488
112236.89233046325 1582297.9368852195 7911.4896844260975 0.0 0.11210269007186488
112236.89233046325 1582297.9368852195 7911.4896844260975 0.00017719240858893892 0.11227988248045381
112236.89233046325 1582297.9368852195 7911.4896844260975 0.0 0.11227988248045381
112236.89233046325 1582297.9368852195 7911.4896844260975 0.0 0.11227988248045381
112236.89233046325 1582297.9368852195 7911.4896844260975 7.99413962807378e-05 0.11235982387673456
112236.89233046325 1582297.9368852195 7911.4896844260975 0.00017719240858893892 0.11253701628532349
112236.89233046325 1582297.9368852195 7911.4896844260975 0.0 0.11253701628532349
112236.89233046325 1582297.9368852195 7911.4896844260975 0.0 0.11253701628532349
112236.89233046325 1582297.9368852195 7911.4896844260975 0.0004203427778056289 0.11295735906312912
112236.89233046325 1582297.9368852195 7911.4896844260975 0.0031919779689614943 0.11614933703209061
112236.89233046325 1582297.9368852195 7911.4896844260975 9.222756812974566e-05 0.11624156460022037
112236.89233046325 1582297.9368852195 7911.4896844260975 0.00027884539937738425 0.11652040999959774
112236.89233046325 1582297.9368852195 7911.4896844260975 0.00013242310994338375 0.11665283310954112
112236.89233046325 1582297.9368852195 7911.4896844260975 0.00026085895534754986 0.11691369206488868
112236.89233046325 1582297.9368852195 7911.4896844260975 0.00011849138013363152 0.11703218344502231
112236.89233046325 1582297.9368852195 7911.4896844260975 0.006981267078942084 0.1240134505239644
112236.89233046325 1582297.9368852195 7911.4896844260975 0.02627142361285181 0.1502848741368162
112236.89233046325 1582297.9368852195 7911.4896844260975 0.0002432767871353257 0.15052815092395153
112236.89233046325 1582297.9368852195 7911.4896844260975 0.0 0.15052815092395153
112236.89233046325 1582297.9368852195 7911.4896844260975 9.222756812974566e-05 0.15062037849208126
112236.89233046325 1582297.9368852195 7911.4896844260975 0.0 0.15062037849208126
112236.89233046325 1582297.9368852195 7911.4896844260975 0.0 0.15062037849208126
112236.89233046325 1582297.9368852195 7911.4896844260975 0.0 0.15062037849208126
112236.89233046325 1582297.9368852195 7911.4896844260975 0.00019305474800397686 0.15081343324008525
112236.89233046325 1582297.9368852195 7911.4896844260975 0.0 0.15081343324008525
112236.89233046325 1582297.9368852195 7911.4896844260975 2.0223751326499577e-05 0.15083365699141174
112236.89233046325 1582297.9368852195 7911.4896844260975 0.0 0.15083365699141174
112236.89233046325 1582297.9368852195 7911.4896844260975 0.0012639844579062235 0.15209764144931798
112236.89233046325 1582297.9368852195 7911.4896844260975 0.0006471600424479865 0.15274480149176597
112236.89233046325 1582297.9368852195 7911.4896844260975 0.0 0.15274480149176597
112236.89233046325 1582297.9368852195 7911.4896844260975 0.0 0.15274480149176597
112236.89233046325 1582297.9368852195 7911.4896844260975 0.0 0.15274480149176597
112236.89233046325 1582297.9368852195 7911.4896844260975 0.0 0.15274480149176597
112236.89233046325 1582297.9368852195 7911.4896844260975 0.0 0.15274480149176597
112236.89233046325 1582297.9368852195 7911.4896844260975 1.3135711806425904e-05 0.1527579372035724
112236.89233046325 1582297.9368852195 7911.4896844260975 0.0 0.1527579372035724
112236.89233046325 1582297.9368852195 7911.4896844260975 0.0 0.1527579372035724
112236.89233046325 1582297.9368852195 7911.4896844260975 0.000529692439773535 0.1532876296433459
112236.89233046325 1582297.9368852195 7911.4896844260975 0.0 0.1532876296433459
112236.89233046325 1582297.9368852195 7911.4896844260975 0.00020936405969233218 0.15349699370303824
112236.89233046325 1582297.9368852195 7911.4896844260975 2.527968915812447e-06 0.15349952167195405
112236.89233046325 1582297.9368852195 7911.4896844260975 0.00010508569445140723 0.15360460736640547
112236.89233046325 1582297.9368852195 7911.4896844260975 0.0 0.15360460736640547
112236.89233046325 1582297.9368852195 7911.4896844260975 0.00020936405969233218 0.1538139714260978
112236.89233046325 1582297.9368852195 7911.4896844260975 5.720140681599315e-05 0.1538711728329138
112236.89233046325 1582297.9368852195 7911.4896844260975 0.00016179001061199661 0.1540329628435258
112236.89233046325 1582297.9368852195 7911.4896844260975 0.0008374562387693287 0.15487041908229512
112236.89233046325 1582297.9368852195 7911.4896844260975 0.0020349757226747066 0.15690539480496984
112236.89233046325 1582297.9368852195 7911.4896844260975 0.02627142361285181 0.18317681841782166
112236.89233046325 1582297.9368852195 7911.4896844260975 0.0 0.18317681841782166
112236.89233046325 1582297.9368852195 7911.4896844260975 0.0037384891196283595 0.18691530753745
112236.89233046325 1582297.9368852195 7911.4896844260975 0.0 0.18691530753745
112236.89233046325 1582297.9368852195 7911.4896844260975 0.0 0.18691530753745
112236.89233046325 1582297.9368852195 7911.4896844260975 0.0 0.18691530753745
112236.89233046325 1582297.9368852195 7911.4896844260975 0.028641104090444267 0.21555641162789427
112236.89233046325 1582297.9368852195 7911.4896844260975 7.99413962807378e-05 0.215636353024175
112236.89233046325 1582297.9368852195 7911.4896844260975 4.681863951338919e-05 0.2156831716636884
112236.89233046325 1582297.9368852195 7911.4896844260975 0.0 0.2156831716636884
112236.89233046325 1582297.9368852195 7911.4896844260975 0.008375172845279673 0.22405834450896805
112236.89233046325 1582297.9368852195 7911.4896844260975 0.0005874468906402976 0.22464579139960836
112236.89233046325 1582297.9368852195 7911.4896844260975 0.0007722189920159074 0.22541801039162426
112236.89233046325 1582297.9368852195 7911.4896844260975 0.00013242310994338375 0.22555043350156764
112236.89233046325 1582297.9368852195 7911.4896844260975 1.3135711806425904e-05 0.22556356921337406
112236.89233046325 1582297.9368852195 7911.4896844260975 0.00016179001061199661 0.22572535922398607
112236.89233046325 1582297.9368852195 7911.4896844260975 0.06511922312559061 0.29084458234957666
112236.89233046325 1582297.9368852195 7911.4896844260975 0.0 0.29084458234957666
112236.89233046325 1582297.9368852195 7911.4896844260975 0.02022565226978413 0.3110702346193608
112236.89233046325 1582297.9368852195 7911.4896844260975 0.07093284375469988 0.38200307837406067
112236.89233046325 1582297.9368852195 7911.4896844260975 0.0 0.38200307837406067
112236.89233046325 1582297.9368852195 7911.4896844260975 0.003016298102567177 0.3850193764766278
112236.89233046325 1582297.9368852195 7911.4896844260975 0.0001468617226600744 0.3851662381992879
112236.89233046325 1582297.9368852195 7911.4896844260975 0.01695015807275312 0.40211639627204104
112236.89233046325 1582297.9368852195 7911.4896844260975 0.0 0.40211639627204104
112236.89233046325 1582297.9368852195 7911.4896844260975 0.008736660573047816 0.4108530568450889
112236.89233046325 1582297.9368852195 7911.4896844260975 0.046928050907338856 0.45778110775242775
112236.89233046325 1582297.9368852195 7911.4896844260975 0.01695015807275312 0.4747312658251809
112236.89233046325 1582297.9368852195 7911.4896844260975 0.0033627422224450313 0.4780940080476259
112236.89233046325 1582297.9368852195 7911.4896844260975 0.009474735766092366 0.4875687438137183
112236.89233046325 1582297.9368852195 7911.4896844260975 0.0014186568750939976 0.4889874006888123
112236.89233046325 1582297.9368852195 7911.4896844260975 5.720140681599315e-05 0.4890446020956283
112236.89233046325 1582297.9368852195 7911.4896844260975 0.012619102259354848 0.5016637043549831
112236.89233046325 1582297.9368852195 7911.4896844260975 0.04187281193846644 0.5435365162934496
112236.89233046325 1582297.9368852195 7911.4896844260975 0.0 0.5435365162934496
112236.89233046325 1582297.9368852195 7911.4896844260975 9.222756812974566e-05 0.5436287438615793
112236.89233046325 1582297.9368852195 7911.4896844260975 0.024385156242534928 0.5680139001041142
112236.89233046325 1582297.9368852195 7911.4896844260975 0.0016615507198348264 0.5696754508239491
112236.89233046325 1582297.9368852195 7911.4896844260975 0.007566170000501321 0.5772416208244504
112236.89233046325 1582297.9368852195 7911.4896844260975 0.02022565226978413 0.5974672730942345
112236.89233046325 1582297.9368852195 7911.4896844260975 0.024197986786663444 0.6216652598808979
112236.89233046325 1582297.9368852195 7911.4896844260975 0.0015791693917197264 0.6232444292726177
112236.89233046325 1582297.9368852195 7911.4896844260975 0.0014186568750939976 0.6246630861477117
112236.89233046325 1582297.9368852195 7911.4896844260975 0.002093793211319918 0.6267568793590317
112236.89233046325 1582297.9368852195 7911.4896844260975 0.0019169140063108757 0.6286737933653426
112236.89233046325 1582297.9368852195 7911.4896844260975 0.0003947923479299316 0.6290685857132725
112236.89233046325 1582297.9368852195 7911.4896844260975 0.021196382458125457 0.650264968171398
112236.89233046325 1582297.9368852195 7911.4896844260975 0.00013242310994338375 0.6503973912813414
112236.89233046325 1582297.9368852195 7911.4896844260975 0.001498196464428454 0.6518955877457699
112236.89233046325 1582297.9368852195 7911.4896844260975 0.02301796907936596 0.6749135568251359
112236.89233046325 1582297.9368852195 7911.4896844260975 7.1501758519991435e-06 0.6749207070009878
112236.89233046325 1582297.9368852195 7911.4896844260975 0.008043947833499036 0.6829646548344869
112236.89233046325 1582297.9368852195 7911.4896844260975 0.005972965744400427 0.6889376205788873
112236.89233046325 1582297.9368852195 7911.4896844260975 0.03465963159852345 0.7235972521774108
112236.89233046325 1582297.9368852195 7911.4896844260975 0.03338994628448638 0.7569871984618972
112236.89233046325 1582297.9368852195 7911.4896844260975 0.00026085895534754986 0.7572480574172448
112236.89233046325 1582297.9368852195 7911.4896844260975 0.006640384905341688 0.7638884423225865
112236.89233046325 1582297.9368852195 7911.4896844260975 0.024385156242534928 0.7882735985651214
112236.89233046325 1582297.9368852195 7911.4896844260975 0.0008374562387693287 0.7891110548038907
112236.89233046325 1582297.9368852195 7911.4896844260975 0.0035531311313693847 0.79266418593526
112236.89233046325 1582297.9368852195 7911.4896844260975 0.0003351442336185752 0.7929993301688786
112236.89233046325 1582297.9368852195 7911.4896844260975 0.028641104090444267 0.8216404342593229
112236.89233046325 1582297.9368852195 7911.4896844260975 0.0 0.8216404342593229
112236.89233046325 1582297.9368852195 7911.4896844260975 0.00011849138013363152 0.8217589256394565
112236.89233046325 1582297.9368852195 7911.4896844260975 0.014300351703998286 0.8360592773434548
112236.89233046325 1582297.9368852195 7911.4896844260975 0.01220985433604824 0.848269131679503
112236.89233046325 1582297.9368852195 7911.4896844260975 0.02368856605002675 0.8719576977295298
112236.89233046325 1582297.9368852195 7911.4896844260975 0.00017719240858893892 0.8721348901381187
112236.89233046325 1582297.9368852195 7911.4896844260975 0.0063166775668789055 0.8784515677049977
112236.89233046325 1582297.9368852195 7911.4896844260975 0.033960706941181106 0.9124122746461788
112236.89233046325 1582297.9368852195 7911.4896844260975 0.00431305651419947 0.9167253311603782
112236.89233046325 1582297.9368852195 7911.4896844260975 0.0007378205450379653 0.9174631517054163
112236.89233046325 1582297.9368852195 7911.4896844260975 0.00431305651419947 0.9217762082196157
112236.89233046325 1582297.9368852195 7911.4896844260975 0.014300351703998286 0.9360765599236139
112236.89233046325 1582297.9368852195 7911.4896844260975 0.01387349340997871 0.9499500533335926
112236.89233046325 1582297.9368852195 7911.4896844260975 0.011805128720607445 0.9617551820542001
112236.89233046325 1582297.9368852195 7911.4896844260975 0.0002432767871353257 0.9619984588413354
112236.89233046325 1582297.9368852195 7911.4896844260975 0.00027884539937738425 0.9622773042407128
112236.89233046325 1582297.9368852195 7911.4896844260975 0.0001468617226600744 0.9624241659633729
112236.89233046325 1582297.9368852195 7911.4896844260975 3.7153403576143805e-05 0.962461319366949
112236.89233046325 1582297.9368852195 7911.4896844260975 0.013450968889780125 0.9759122882567292
112236.89233046325 1582297.9368852195 7911.4896844260975 0.004914371572339397 0.9808266598290686
112236.89233046325 1582297.9368852195 7911.4896844260975 0.0020047032590082585 0.9828313630880768
112236.89233046325 1582297.9368852195 7911.4896844260975 0.003016298102567177 0.985847661190644
112236.89233046325 1582297.9368852195 7911.4896844260975 0.00027884539937738425 0.9861265065900214
112236.89233046325 1582297.9368852195 7911.4896844260975 0.01387349340997871 1.0000000000000002
401's generation extracting best parents:
1764.8660005790807
441.2165001447702
0
0
2498.71647051041
4669.807704820403
0
1651.0263474578471
0
0
7137.085119290648
0
838.1312546373629
0
724.0773439350247
0
0
0
29004.006343951864
0
0
0
0
0
357.77087639996637
0
0
0
362.03867196751236
690.4027809909227
0
0
0
1221.8805178903542
0
35355.33905932738
1431.0835055998655
0
0
0
0
0
0
0
0
4511.517704719777
0
0
0
4669.807704820403
17574.78557479436
1881.2081224574808
0
412.7565868644618
0
0
20633.6536754885
2121.1921176545984
0
0
35098.79268578906
0
0
0
0
0
0
0
0
0
0
0
0
0
665.1075101064489
5050.660154870846
0
441.2165001447702
0
412.7565868644618
0
11046.444495854763
41569.219381653056
384.93635837629057
0
0
0
0
0
0
0
0
0
2000.0
1024.0
0
0
0
0
0
0
0
0
838.1312546373629
0
331.2763197090912
0
0
0
331.2763197090912
0
0
1325.1052788363647
3219.937887599697
41569.219381653056
0
5915.403621055794
0
0
0
45318.759912424786
0
0
0
13252.01871414314
929.51600308978
1221.8805178903542
0
0
0
103038.01240319031
0
32003.007858637287
112236.89233046325
0
4772.682264722846
0
26820.200148395612
0
13824.0
74254.15813272682
26820.200148395612
5320.860080851591
14991.85485522055
2244.737846609265
0
19967.17947032079
66255.26394181824
0
0
38584.58241318675
2629.0682760247973
11971.93518191608
32003.007858637287
38288.42456931337
2498.71647051041
2244.737846609265
3313.004678535785
3033.1290773720793
624.6791176276025
33538.99223292197
0
2370.593174713873
36421.284985568534
0
12727.922061357856
9451.011374450885
54841.863571545415
52832.84311865111
412.7565868644618
10507.067335845906
38584.58241318675
1325.1052788363647
5622.112058648423
530.2980294136496
45318.759912424786
0
0
22627.41699796952
19319.627325598183
37482.36918872658
0
9994.86588204164
53735.956528194416
6824.5404240871785
1167.4519262051008
6824.5404240871785
22627.41699796952
21952.0
18679.230819281613
384.93635837629057
441.2165001447702
0
0
21283.440323406365
7776.0
3172.0378307958435
4772.682264722846
441.2165001447702
21952.0
