0 0 50 0 1.0 0.0
1 0 50 0 1.0 0.0
2 0 50 0 1.0 0.0
3 3 66 36 64.0 2304.0
4 0 50 0 1.0 0.0
5 0 50 0 1.0 0.0
6 1 8 4 22.627416997969522 90.50966799187809
7 1 16 4 64.0 256.0
8 19 404 1444 8120.299501865679 11725712.48069404
9 0 50 0 1.0 0.0
10 0 50 0 1.0 0.0
11 0 50 0 1.0 0.0
12 1 21 4 96.23408959407264 384.93635837629057
13 7 84 196 769.8727167525811 150895.0524835059
14 1 2 4 2.8284271247461903 11.313708498984761
15 1 61 4 36.4828726939094 145.9314907756376
16 0 50 0 1.0 0.0
17 21 266 1764 4338.328710459824 7652811.845251129
18 0 50 0 1.0 0.0
19 0 50 0 1.0 0.0
20 14 200 784 2828.42712474619 2217486.865801013
21 1 22 4 103.18914671611545 412.7565868644618
22 0 50 0 1.0 0.0
23 30 550 3600 12898.64333951443 46435116.02225195
24 19 280 1444 4685.296148590823 6765567.638565148
25 4 96 64 311.9871792237623 19967.17947032079
26 1 57 4 18.520259177452132 74.08103670980853
27 2 63 16 46.87216658103186 749.9546652965098
28 27 473 2916 10287.07037985062 29997097.22764441
29 0 7 0 18.520259177452132 0.0
30 0 50 0 1.0 0.0
31 1 63 4 46.87216658103186 187.48866632412745
32 0 50 0 1.0 0.0
33 11 380 484 1482.2280526288794 717398.3774723776
34 26 414 2704 8423.653839041583 22777559.98076844
35 0 6 0 14.696938456699069 0.0
36 0 50 0 1.0 0.0
37 6 91 144 868.0846732894205 125004.19295367655
38 0 50 0 1.0 0.0
39 1 16 4 64.0 256.0
40 24 378 2304 7349.159951994514 16932464.52939536
41 0 50 0 1.0 0.0
42 1 57 4 18.520259177452132 74.08103670980853
43 0 50 0 1.0 0.0
44 13 319 676 5697.522180737868 3851524.994178799
45 7 337 196 811.4819776187269 159050.46761327048
46 1 71 4 96.23408959407264 384.93635837629057
47 3 53 36 385.84582413186746 13890.44966874723
48 2 70 16 585.6620185738528 9370.592297181645
49 17 344 1156 6380.249524901044 7375568.450785607
50 3 43 36 281.96985654498604 10150.914835619498
51 4 103 64 385.84582413186746 24694.132744439517
52 0 50 0 1.0 0.0
53 1 53 4 5.196152422706632 20.784609690826528
54 0 50 0 1.0 0.0
55 2 55 16 11.180339887498949 178.88543819998318
56 0 2 0 2.8284271247461903 0.0
57 21 274 1764 4535.5070278856365 8000634.397190263
58 0 50 0 1.0 0.0
59 0 50 0 1.0 0.0
60 0 50 0 1.0 0.0
61 20 264 1600 4289.492277647787 6863187.644236459
62 5 63 100 500.0469977912076 50004.69977912076
63 1 54 4 8.0 32.0
64 24 379 2304 7378.3425645601465 16999701.268746577
65 0 2 0 2.8284271247461903 0.0
66 1 30 4 164.31676725154983 657.2670690061993
67 0 50 0 1.0 0.0
68 0 50 0 1.0 0.0
69 24 335 2304 6131.506747937247 14126991.547247417
70 0 50 0 1.0 0.0
71 2 20 16 89.44271909999159 1431.0835055998655
72 1 13 4 46.87216658103186 187.48866632412745
73 0 50 0 1.0 0.0
74 0 50 0 1.0 0.0
75 18 422 1296 2255.7588523598884 2923463.4726584153
76 3 27 36 140.29611541307906 5050.660154870846
77 0 2 0 2.8284271247461903 0.0
78 3 81 36 172.60069524773067 6213.625028918304
79 2 67 16 70.09279563550022 1121.4847301680036
80 0 50 0 1.0 0.0
81 2 50 16 353.5533905932738 5656.85424949238
82 0 2 0 2.8284271247461903 0.0
83 0 50 0 1.0 0.0
84 0 50 0 1.0 0.0
85 2 29 16 156.16977940690063 2498.71647051041
86 2 15 16 58.09475019311125 929.51600308978
87 1 22 4 103.18914671611545 412.7565868644618
88 4 124 64 636.5720697611544 40740.61246471388
89 15 206 900 2956.656219447909 2660990.5975031178
90 0 50 0 1.0 0.0
91 0 50 0 1.0 0.0
92 1 55 4 11.180339887498949 44.721359549995796
93 7 353 196 1045.3358312044986 204885.82291608173
94 0 50 0 1.0 0.0
95 0 50 0 1.0 0.0
96 0 50 0 1.0 0.0
97 0 50 0 1.0 0.0
98 7 125 196 1397.5424859373686 273918.32724372426
99 0 50 0 1.0 0.0
100 17 278 1156 4635.186296148193 5358275.358347311
101 21 385 1764 7554.245495084205 13325689.053328536
102 20 305 1600 5326.596004954759 8522553.607927615
103 21 306 1764 5352.813839467985 9442363.612821527
104 17 241 1156 3741.3261017986656 4324972.973679258
105 25 324 2500 5832.0 14580000.0
106 23 361 2116 6859.0 14513644.0
107 0 2 0 2.8284271247461903 0.0
108 30 655 3600 16763.393898611343 60348218.03500083
109 22 322 1936 5778.083419266288 11186369.499699533
110 29 288 3364 4887.522071561417 16441624.248732606
111 0 50 0 1.0 0.0
112 22 399 1936 7970.018757819834 15429956.315139199
113 0 50 0 1.0 0.0
114 20 437 1600 9135.286147680323 14616457.836288515
115 15 218 900 3218.7314271308815 2896858.284417793
116 21 408 1764 8241.196029703455 14537469.796396894
117 13 213 676 3108.6326576165284 2101435.676548773
118 19 259 1444 4168.21052731265 6018896.001439466
119 22 383 1936 7495.457757869095 14511206.219234567
120 18 223 1296 3330.1001486441814 4315809.792642859
121 0 50 0 1.0 0.0
122 20 354 1600 6660.47025366828 10656752.405869247
123 11 435 484 2516.272044116057 1217875.6693521715
124 23 317 2116 5644.024539280459 11942755.925117452
125 18 282 1296 4735.58528589656 6137318.530521941
126 17 314 1156 5564.094176054176 6432092.867518628
127 11 202 484 2870.959421517483 1389544.3600144617
128 20 408 1600 8241.196029703455 13185913.647525528
129 0 50 0 1.0 0.0
130 14 159 784 2004.9137138540402 1571852.3516615676
131 14 217 784 3196.609610196403 2506141.93439398
132 7 355 196 1075.929830425758 210882.24676344855
133 10 118 400 1281.8080979616254 512723.2391846502
134 18 317 1296 5644.024539280459 7314655.802907475
135 0 50 0 1.0 0.0
136 20 321 1600 5751.187790361222 9201900.464577956
137 23 357 2116 6745.316375085753 14273089.449681453
138 4 31 64 172.60069524773067 11046.444495854763
139 21 333 1764 6076.6797677679215 10719263.110342614
140 13 426 676 2334.9038524102016 1578395.0042292962
141 11 186 484 2536.7017956393693 1227763.6690894547
142 22 250 1936 3952.847075210474 7652711.937607477
143 18 241 1296 3741.3261017986656 4848758.6279310705
144 16 265 1024 4313.8874579664225 4417420.756957617
145 20 410 1600 8301.8672598398 13282987.615743682
146 24 314 2304 5564.094176054176 12819672.981628822
147 24 433 2304 9010.146336214524 20759377.158638265
148 26 397 2704 7910.168961532996 21389096.87198522
149 25 483 2500 10615.017051328745 26537542.628321864
150 18 247 1296 3881.9097104389225 5030954.984728844
151 27 381 2916 7436.823313754335 21685776.78290764
152 21 358 1764 6773.677878375971 11948767.777455213
153 29 523 3364 11960.588070826618 40235418.270260744
154 0 50 0 1.0 0.0
155 13 212 676 3086.7665930549397 2086654.2169051392
156 14 278 784 4635.186296148193 3633986.0561801833
157 18 272 1296 4485.938920672014 5813776.84119093
158 21 323 1764 5805.020844062491 10240056.768926235
159 17 267 1156 4362.815948444308 5043415.236401619
160 28 394 3136 7820.676697064008 24525642.12199273
161 23 375 2116 7261.843774138907 15366061.426077927
162 18 302 1296 5248.200453488796 6801667.787721479
163 21 343 1764 6352.448897866082 11205719.85583577
164 16 226 1024 3397.5249815122775 3479065.581068572
165 26 540 2704 12548.46604171203 33931052.17678933
166 11 105 484 1075.929830425758 520750.03792606684
167 16 255 1024 4072.0234527811845 4169752.015647933
168 32 448 4096 9482.372698855492 38839798.574512094
169 22 387 1936 7613.186126714622 14739128.341319509
170 16 248 1024 3905.507905509858 3999240.0952420947
171 23 381 2116 7436.823313754335 15736318.131904172
172 28 360 3136 6830.519745963699 21420509.92334216
173 28 486 3136 10714.068134933621 33599317.67115183
174 22 380 1936 7407.563702054813 14341043.327178117
175 16 302 1024 5248.200453488796 5374157.264372527
176 27 321 2916 5751.187790361222 16770463.596693324
177 22 388 1936 7642.713654193777 14796293.634519152
178 21 389 1764 7672.279257169932 13533900.60964776
179 4 47 64 322.21576621884907 20621.80903800634
180 24 357 2304 6745.316375085753 15541208.928197574
181 31 459 3844 9833.746946103505 37800923.26082187
182 15 204 900 2913.702798845483 2622332.5189609346
183 25 470 2500 10189.357192679036 25473392.98169759
184 15 226 900 3397.5249815122775 3057772.4833610496
185 18 266 1296 4338.328710459824 5622474.008755932
186 21 331 1764 6022.017186956544 10622838.317791343
187 27 430 2916 8916.66978193092 26001009.08411056
188 19 255 1444 4072.0234527811845 5880001.865816031
189 2 65 16 58.09475019311125 929.51600308978
190 20 378 1600 7349.159951994514 11758655.923191221
191 27 328 2916 5940.332650618146 17322010.009202514
192 17 297 1156 5118.405318065384 5916876.547683584
193 14 240 784 3718.06401235912 2914962.1856895504
194 20 340 1600 6269.290230959164 10030864.369534662
195 26 494 2704 10979.698720821078 29689105.341100194
196 28 427 3136 8823.518742542568 27670554.776613496
197 26 426 2704 8792.540929674426 23775030.673839647
198 29 481 3364 10549.15356794089 35487352.60255315
199 11 145 484 1746.0312139248829 845079.1075396433
3001's generation fitness ratios and roulette cutoffs:
60348218.03500083 1350327639.0514164 6751638.195257082 0.0 0.0
60348218.03500083 1350327639.0514164 6751638.195257082 0.0 0.0
60348218.03500083 1350327639.0514164 6751638.195257082 0.0 0.0
60348218.03500083 1350327639.0514164 6751638.195257082 1.7062525666870917e-06 1.7062525666870917e-06
60348218.03500083 1350327639.0514164 6751638.195257082 0.0 1.7062525666870917e-06
60348218.03500083 1350327639.0514164 6751638.195257082 0.0 1.7062525666870917e-06
60348218.03500083 1350327639.0514164 6751638.195257082 6.702793112896636e-08 1.7732804978160581e-06
60348218.03500083 1350327639.0514164 6751638.195257082 1.8958361852078797e-07 1.962864116336846e-06
60348218.03500083 1350327639.0514164 6751638.195257082 0.008683605475876334 0.00868556833999267
60348218.03500083 1350327639.0514164 6751638.195257082 0.0 0.00868556833999267
60348218.03500083 1350327639.0514164 6751638.195257082 0.0 0.00868556833999267
60348218.03500083 1350327639.0514164 6751638.195257082 0.0 0.00868556833999267
60348218.03500083 1350327639.0514164 6751638.195257082 2.850688582859062e-07 0.008685853408850957
60348218.03500083 1350327639.0514164 6751638.195257082 0.00011174699244807523 0.008797600401299031
60348218.03500083 1350327639.0514164 6751638.195257082 8.378491391120795e-09 0.008797608779790422
60348218.03500083 1350327639.0514164 6751638.195257082 1.0807117217725925e-07 0.0087977168509626
60348218.03500083 1350327639.0514164 6751638.195257082 0.0 0.0087977168509626
60348218.03500083 1350327639.0514164 6751638.195257082 0.005667374068286943 0.014465090919249543
60348218.03500083 1350327639.0514164 6751638.195257082 0.0 0.014465090919249543
60348218.03500083 1350327639.0514164 6751638.195257082 0.0 0.014465090919249543
60348218.03500083 1350327639.0514164 6751638.195257082 0.0016421843126596758 0.01610727523190922
60348218.03500083 1350327639.0514164 6751638.195257082 3.056714347892758e-07 0.016107580903344007
60348218.03500083 1350327639.0514164 6751638.195257082 0.0 0.016107580903344007
60348218.03500083 1350327639.0514164 6751638.195257082 0.034388036413793524 0.05049561731713753
60348218.03500083 1350327639.0514164 6751638.195257082 0.005010315602602826 0.055505932919740354
60348218.03500083 1350327639.0514164 6751638.195257082 1.4786914592333615e-05 0.05552071983433269
60348218.03500083 1350327639.0514164 6751638.195257082 5.486152735631574e-08 0.055520774695860045
60348218.03500083 1350327639.0514164 6751638.195257082 5.553871842713232e-07 0.055521330083044315
60348218.03500083 1350327639.0514164 6751638.195257082 0.02221468061537783 0.07773601069842215
60348218.03500083 1350327639.0514164 6751638.195257082 0.0 0.07773601069842215
60348218.03500083 1350327639.0514164 6751638.195257082 0.0 0.07773601069842215
60348218.03500083 1350327639.0514164 6751638.195257082 1.388467960678308e-07 0.07773614954521822
60348218.03500083 1350327639.0514164 6751638.195257082 0.0 0.07773614954521822
60348218.03500083 1350327639.0514164 6751638.195257082 0.0005312772668834199 0.07826742681210164
60348218.03500083 1350327639.0514164 6751638.195257082 0.01686817282120457 0.0951355996333062
60348218.03500083 1350327639.0514164 6751638.195257082 0.0 0.0951355996333062
60348218.03500083 1350327639.0514164 6751638.195257082 0.0 0.0951355996333062
60348218.03500083 1350327639.0514164 6751638.195257082 9.257323136886245e-05 0.09522817286467507
60348218.03500083 1350327639.0514164 6751638.195257082 0.0 0.09522817286467507
60348218.03500083 1350327639.0514164 6751638.195257082 1.8958361852078797e-07 0.0952283624482936
60348218.03500083 1350327639.0514164 6751638.195257082 0.012539523031084623 0.10776788547937821
60348218.03500083 1350327639.0514164 6751638.195257082 0.0 0.10776788547937821
60348218.03500083 1350327639.0514164 6751638.195257082 5.486152735631574e-08 0.10776794034090557
60348218.03500083 1350327639.0514164 6751638.195257082 0.0 0.10776794034090557
60348218.03500083 1350327639.0514164 6751638.195257082 0.00285228923913935 0.11062022958004493
60348218.03500083 1350327639.0514164 6751638.195257082 0.0001177865749122938 0.11073801615495722
60348218.03500083 1350327639.0514164 6751638.195257082 2.850688582859062e-07 0.1107383012238155
60348218.03500083 1350327639.0514164 6751638.195257082 1.0286725433913985e-05 0.11074858794924942
60348218.03500083 1350327639.0514164 6751638.195257082 6.9394952944637475e-06 0.1107555274445439
60348218.03500083 1350327639.0514164 6751638.195257082 0.005462058420108194 0.11621758586465208
60348218.03500083 1350327639.0514164 6751638.195257082 7.517371741535524e-06 0.11622510323639362
60348218.03500083 1350327639.0514164 6751638.195257082 1.8287511882513752e-05 0.11624339074827614
60348218.03500083 1350327639.0514164 6751638.195257082 0.0 0.11624339074827614
60348218.03500083 1350327639.0514164 6751638.195257082 1.5392271541910663e-08 0.11624340614054768
60348218.03500083 1350327639.0514164 6751638.195257082 0.0 0.11624340614054768
60348218.03500083 1350327639.0514164 6751638.195257082 1.3247558076027188e-07 0.11624353861612843
60348218.03500083 1350327639.0514164 6751638.195257082 0.0 0.11624353861612843
60348218.03500083 1350327639.0514164 6751638.195257082 0.005924957888598489 0.12216849650472693
60348218.03500083 1350327639.0514164 6751638.195257082 0.0 0.12216849650472693
60348218.03500083 1350327639.0514164 6751638.195257082 0.0 0.12216849650472693
60348218.03500083 1350327639.0514164 6751638.195257082 0.0 0.12216849650472693
60348218.03500083 1350327639.0514164 6751638.195257082 0.005082609172584025 0.12725110567731096
60348218.03500083 1350327639.0514164 6751638.195257082 3.7031530965513126e-05 0.12728813720827648
60348218.03500083 1350327639.0514164 6751638.195257082 2.3697952315098496e-08 0.1272881609062288
60348218.03500083 1350327639.0514164 6751638.195257082 0.012589315938677369 0.13987747684490617
60348218.03500083 1350327639.0514164 6751638.195257082 0.0 0.13987747684490617
60348218.03500083 1350327639.0514164 6751638.195257082 4.867463643622958e-07 0.13987796359127053
60348218.03500083 1350327639.0514164 6751638.195257082 0.0 0.13987796359127053
60348218.03500083 1350327639.0514164 6751638.195257082 0.0 0.13987796359127053
60348218.03500083 1350327639.0514164 6751638.195257082 0.01046189912632715 0.15033986271759767
60348218.03500083 1350327639.0514164 6751638.195257082 0.0 0.15033986271759767
60348218.03500083 1350327639.0514164 6751638.195257082 1.059804646082175e-06 0.15034092252224374
60348218.03500083 1350327639.0514164 6751638.195257082 1.388467960678308e-07 0.1503410613690398
60348218.03500083 1350327639.0514164 6751638.195257082 0.0 0.1503410613690398
60348218.03500083 1350327639.0514164 6751638.195257082 0.0 0.1503410613690398
60348218.03500083 1350327639.0514164 6751638.195257082 0.0021650030615622306 0.15250606443060202
60348218.03500083 1350327639.0514164 6751638.195257082 3.7403219846842905e-06 0.15250980475258671
60348218.03500083 1350327639.0514164 6751638.195257082 0.0 0.15250980475258671
60348218.03500083 1350327639.0514164 6751638.195257082 4.601568426225266e-06 0.15251440632101293
60348218.03500083 1350327639.0514164 6751638.195257082 8.305278643010141e-07 0.15251523684887722
60348218.03500083 1350327639.0514164 6751638.195257082 0.0 0.15251523684887722
60348218.03500083 1350327639.0514164 6751638.195257082 4.189245695560398e-06 0.15251942609457278
60348218.03500083 1350327639.0514164 6751638.195257082 0.0 0.15251942609457278
60348218.03500083 1350327639.0514164 6751638.195257082 0.0 0.15251942609457278
60348218.03500083 1350327639.0514164 6751638.195257082 0.0 0.15251942609457278
60348218.03500083 1350327639.0514164 6751638.195257082 1.8504519927220912e-06 0.1525212765465655
60348218.03500083 1350327639.0514164 6751638.195257082 6.883633099169548e-07 0.1525219649098754
60348218.03500083 1350327639.0514164 6751638.195257082 3.056714347892758e-07 0.1525222705813102
60348218.03500083 1350327639.0514164 6751638.195257082 3.017090910864678e-05 0.15255244149041886
60348218.03500083 1350327639.0514164 6751638.195257082 0.001970625884079823 0.15452306737449867
60348218.03500083 1350327639.0514164 6751638.195257082 0.0 0.15452306737449867
60348218.03500083 1350327639.0514164 6751638.195257082 0.0 0.15452306737449867
60348218.03500083 1350327639.0514164 6751638.195257082 3.311889519006797e-08 0.15452310049339385
60348218.03500083 1350327639.0514164 6751638.195257082 0.00015173045192203187 0.1546748309453159
60348218.03500083 1350327639.0514164 6751638.195257082 0.0 0.1546748309453159
60348218.03500083 1350327639.0514164 6751638.195257082 0.0 0.1546748309453159
60348218.03500083 1350327639.0514164 6751638.195257082 0.0 0.1546748309453159
60348218.03500083 1350327639.0514164 6751638.195257082 0.0 0.1546748309453159
60348218.03500083 1350327639.0514164 6751638.195257082 0.00020285323303916632 0.15487768417835507
60348218.03500083 1350327639.0514164 6751638.195257082 0.0 0.15487768417835507
60348218.03500083 1350327639.0514164 6751638.195257082 0.003968129810415059 0.15884581398877012
60348218.03500083 1350327639.0514164 6751638.195257082 0.009868485742237802 0.16871429973100793
60348218.03500083 1350327639.0514164 6751638.195257082 0.006311470906360602 0.17502577063736854
60348218.03500083 1350327639.0514164 6751638.195257082 0.006992646332452054 0.1820184169698206
60348218.03500083 1350327639.0514164 6751638.195257082 0.0032029063529481496 0.18522132332276875
60348218.03500083 1350327639.0514164 6751638.195257082 0.010797379523566752 0.1960187028463355
60348218.03500083 1350327639.0514164 6751638.195257082 0.010748238857197357 0.20676694170353285
60348218.03500083 1350327639.0514164 6751638.195257082 0.0 0.20676694170353285
60348218.03500083 1350327639.0514164 6751638.195257082 0.04469153729045677 0.25145847899398965
60348218.03500083 1350327639.0514164 6751638.195257082 0.008284189093217242 0.2597426680872069
60348218.03500083 1350327639.0514164 6751638.195257082 0.012176025857163514 0.2719186939443704
60348218.03500083 1350327639.0514164 6751638.195257082 0.0 0.2719186939443704
60348218.03500083 1350327639.0514164 6751638.195257082 0.011426824030631926 0.28334551797500235
60348218.03500083 1350327639.0514164 6751638.195257082 0.0 0.28334551797500235
60348218.03500083 1350327639.0514164 6751638.195257082 0.010824378775625405 0.29416989675062777
60348218.03500083 1350327639.0514164 6751638.195257082 0.0021453002964915906 0.29631519704711934
60348218.03500083 1350327639.0514164 6751638.195257082 0.010765883313037445 0.3070810803601568
60348218.03500083 1350327639.0514164 6751638.195257082 0.0015562413267531116 0.30863732168690994
60348218.03500083 1350327639.0514164 6751638.195257082 0.0044573597009890465 0.313094681387899
60348218.03500083 1350327639.0514164 6751638.195257082 0.010746433531811922 0.3238411149197109
60348218.03500083 1350327639.0514164 6751638.195257082 0.003196120458346425 0.32703723537805734
60348218.03500083 1350327639.0514164 6751638.195257082 0.0 0.32703723537805734
60348218.03500083 1350327639.0514164 6751638.195257082 0.007891975323378144 0.3349292107014355
60348218.03500083 1350327639.0514164 6751638.195257082 0.0009019112355633257 0.3358311219369988
60348218.03500083 1350327639.0514164 6751638.195257082 0.00884433938825917 0.344675461325258
60348218.03500083 1350327639.0514164 6751638.195257082 0.00454505880871498 0.349220520133973
60348218.03500083 1350327639.0514164 6751638.195257082 0.004763357189398175 0.35398387732337117
60348218.03500083 1350327639.0514164 6751638.195257082 0.0010290423744792742 0.3550129196978504
60348218.03500083 1350327639.0514164 6751638.195257082 0.009764973526564576 0.364777893224415
60348218.03500083 1350327639.0514164 6751638.195257082 0.0 0.364777893224415
60348218.03500083 1350327639.0514164 6751638.195257082 0.001164052564876602 0.3659419457892916
60348218.03500083 1350327639.0514164 6751638.195257082 0.001855951001754289 0.3677978967910459
60348218.03500083 1350327639.0514164 6751638.195257082 0.00015617116962190743 0.3679540679606678
60348218.03500083 1350327639.0514164 6751638.195257082 0.0003797028397825213 0.3683337708004503
60348218.03500083 1350327639.0514164 6751638.195257082 0.0054169488880831205 0.37375071968853346
60348218.03500083 1350327639.0514164 6751638.195257082 0.0 0.37375071968853346
60348218.03500083 1350327639.0514164 6751638.195257082 0.006814568700557847 0.3805652883890913
60348218.03500083 1350327639.0514164 6751638.195257082 0.010570093536490204 0.3911353819255815
60348218.03500083 1350327639.0514164 6751638.195257082 8.180566091067138e-06 0.3911435624916726
60348218.03500083 1350327639.0514164 6751638.195257082 0.007938268313809177 0.39908183080548176
60348218.03500083 1350327639.0514164 6751638.195257082 0.001168897798269236 0.400250728603751
60348218.03500083 1350327639.0514164 6751638.195257082 0.0009092339026341333 0.40115996250638514
60348218.03500083 1350327639.0514164 6751638.195257082 0.0056673000805814696 0.4068272625869666
60348218.03500083 1350327639.0514164 6751638.195257082 0.003590801586004154 0.4104180641729708
60348218.03500083 1350327639.0514164 6751638.195257082 0.003271369576690872 0.41368943374966166
60348218.03500083 1350327639.0514164 6751638.195257082 0.009836862722498051 0.4235262964721597
60348218.03500083 1350327639.0514164 6751638.195257082 0.009493749969181137 0.43302004644134084
60348218.03500083 1350327639.0514164 6751638.195257082 0.01537358531239233 0.44839363175373315
60348218.03500083 1350327639.0514164 6751638.195257082 0.015839931179229005 0.46423356293296214
60348218.03500083 1350327639.0514164 6751638.195257082 0.019652669367683284 0.4838862323006454
60348218.03500083 1350327639.0514164 6751638.195257082 0.003725729103984726 0.48761196140463015
60348218.03500083 1350327639.0514164 6751638.195257082 0.01605964075366298 0.5036716021582931
60348218.03500083 1350327639.0514164 6751638.195257082 0.00884879153169747 0.5125203936899906
60348218.03500083 1350327639.0514164 6751638.195257082 0.029796781985833812 0.5423171756758244
60348218.03500083 1350327639.0514164 6751638.195257082 0.0 0.5423171756758244
60348218.03500083 1350327639.0514164 6751638.195257082 0.001545294754072412 0.5438624704298968
60348218.03500083 1350327639.0514164 6751638.195257082 0.0026911883835340883 0.5465536588134309
60348218.03500083 1350327639.0514164 6751638.195257082 0.004305456448536457 0.5508591152619673
60348218.03500083 1350327639.0514164 6751638.195257082 0.007583386781684859 0.5584425020436522
60348218.03500083 1350327639.0514164 6751638.195257082 0.0037349566805464623 0.5621774587241987
60348218.03500083 1350327639.0514164 6751638.195257082 0.018162734297004837 0.5803401930212035
60348218.03500083 1350327639.0514164 6751638.195257082 0.011379505967064659 0.5917196989882682
60348218.03500083 1350327639.0514164 6751638.195257082 0.005037049965517659 0.5967567489537858
60348218.03500083 1350327639.0514164 6751638.195257082 0.00829851921249839 0.6050552681662842
60348218.03500083 1350327639.0514164 6751638.195257082 0.0025764603200394832 0.6076317284863236
60348218.03500083 1350327639.0514164 6751638.195257082 0.025128014265208515 0.6327597427515321
60348218.03500083 1350327639.0514164 6751638.195257082 0.00038564717396430203 0.6331453899254964
60348218.03500083 1350327639.0514164 6751638.195257082 0.00308795576351908 0.6362333456890155
60348218.03500083 1350327639.0514164 6751638.195257082 0.028763240454588068 0.6649965861436036
60348218.03500083 1350327639.0514164 6751638.195257082 0.010915223768709579 0.6759118099123131
60348218.03500083 1350327639.0514164 6751638.195257082 0.00296168128355241 0.6788734911958656
60348218.03500083 1350327639.0514164 6751638.195257082 0.011653703647033904 0.6905271948428995
60348218.03500083 1350327639.0514164 6751638.195257082 0.015863194460264272 0.7063903893031638
60348218.03500083 1350327639.0514164 6751638.195257082 0.024882344624712574 0.7312727339278764
60348218.03500083 1350327639.0514164 6751638.195257082 0.01062041752863214 0.7418931514565086
60348218.03500083 1350327639.0514164 6751638.195257082 0.003979891330779385 0.7458730427872879
60348218.03500083 1350327639.0514164 6751638.195257082 0.012419551456766676 0.7582925942440546
60348218.03500083 1350327639.0514164 6751638.195257082 0.010957558155969696 0.7692501524000243
60348218.03500083 1350327639.0514164 6751638.195257082 0.010022679102647347 0.7792728315026716
60348218.03500083 1350327639.0514164 6751638.195257082 1.527170772605442e-05 0.7792881032103977
60348218.03500083 1350327639.0514164 6751638.195257082 0.011509213378106535 0.7907973165885042
60348218.03500083 1350327639.0514164 6751638.195257082 0.027993889903176698 0.8187912064916809
60348218.03500083 1350327639.0514164 6751638.195257082 0.001941997218395886 0.8207332037100769
60348218.03500083 1350327639.0514164 6751638.195257082 0.018864601630751068 0.839597805340828
60348218.03500083 1350327639.0514164 6751638.195257082 0.002264467078159702 0.8418622724189877
60348218.03500083 1350327639.0514164 6751638.195257082 0.004163785029761836 0.8460260574487496
60348218.03500083 1350327639.0514164 6751638.195257082 0.007866859872063137 0.8538929173208127
60348218.03500083 1350327639.0514164 6751638.195257082 0.019255333544365465 0.8731482508651782
60348218.03500083 1350327639.0514164 6751638.195257082 0.004354500119649952 0.8775027509848282
60348218.03500083 1350327639.0514164 6751638.195257082 6.883633099169548e-07 0.8775034393481381
60348218.03500083 1350327639.0514164 6751638.195257082 0.008708002104919876 0.886211441453058
60348218.03500083 1350327639.0514164 6751638.195257082 0.012828005224991876 0.8990394466780498
60348218.03500083 1350327639.0514164 6751638.195257082 0.004381808071291568 0.9034212547493413
60348218.03500083 1350327639.0514164 6751638.195257082 0.0021587073398995705 0.9055799620892409
60348218.03500083 1350327639.0514164 6751638.195257082 0.007428467047139155 0.91300842913638
60348218.03500083 1350327639.0514164 6751638.195257082 0.021986593832854014 0.9349950229692341
60348218.03500083 1350327639.0514164 6751638.195257082 0.02049173398839086 0.955486756957625
60348218.03500083 1350327639.0514164 6751638.195257082 0.017606860724958002 0.973093617682583
60348218.03500083 1350327639.0514164 6751638.195257082 0.02628054968013722 0.9993741673627202
60348218.03500083 1350327639.0514164 6751638.195257082 0.0006258326372800145 1.0000000000000002
3001's generation extracting best parents:
0
0
0
0
0
0
0
0
11725712.48069404
0
0
0
0
0
0
0
0
7652811.845251129
0
0
2217486.865801013
0
0
46435116.02225195
6765567.638565148
0
0
0
29997097.22764441
0
0
0
0
0
22777559.98076844
0
0
0
0
0
16932464.52939536
0
0
0
3851524.994178799
0
0
0
0
7375568.450785607
0
0
0
0
0
0
0
8000634.397190263
0
0
0
6863187.644236459
0
0
16999701.268746577
0
0
0
0
14126991.547247417
0
0
0
0
0
2923463.4726584153
0
0
0
0
0
0
0
0
0
0
0
0
0
2660990.5975031178
0
0
0
0
0
0
0
0
0
0
5358275.358347311
13325689.053328536
8522553.607927615
9442363.612821527
4324972.973679258
14580000.0
14513644.0
0
60348218.03500083
11186369.499699533
16441624.248732606
0
15429956.315139199
0
14616457.836288515
2896858.284417793
14537469.796396894
2101435.676548773
6018896.001439466
14511206.219234567
4315809.792642859
0
10656752.405869247
0
11942755.925117452
6137318.530521941
6432092.867518628
1389544.3600144617
13185913.647525528
0
1571852.3516615676
2506141.93439398
0
0
7314655.802907475
0
9201900.464577956
14273089.449681453
0
10719263.110342614
1578395.0042292962
0
7652711.937607477
4848758.6279310705
4417420.756957617
13282987.615743682
12819672.981628822
20759377.158638265
21389096.87198522
26537542.628321864
5030954.984728844
21685776.78290764
11948767.777455213
40235418.270260744
0
2086654.2169051392
3633986.0561801833
5813776.84119093
10240056.768926235
5043415.236401619
24525642.12199273
15366061.426077927
6801667.787721479
11205719.85583577
3479065.581068572
33931052.17678933
0
4169752.015647933
38839798.574512094
14739128.341319509
3999240.0952420947
15736318.131904172
21420509.92334216
33599317.67115183
14341043.327178117
5374157.264372527
16770463.596693324
14796293.634519152
13533900.60964776
0
15541208.928197574
37800923.26082187
2622332.5189609346
25473392.98169759
3057772.4833610496
5622474.008755932
10622838.317791343
26001009.08411056
5880001.865816031
0
11758655.923191221
17322010.009202514
5916876.547683584
2914962.1856895504
10030864.369534662
29689105.341100194
27670554.776613496
23775030.673839647
35487352.60255315
0
