0 4 101 64 1015.0374377332099 64962.396014925434
1 1 63 4 46.87216658103186 187.48866632412745
2 9 137 324 1603.5438877685885 519548.2196370227
3 3 47 36 322.21576621884907 11599.767583878567
4 16 262 1024 2956.656219447909 3027615.9687146586
5 1 12 4 41.569219381653056 166.27687752661222
6 19 278 1444 4635.186296148193 6693209.01163799
7 0 5 0 11.180339887498949 0.0
8 4 79 64 702.1673589679315 44938.710973947615
9 9 159 324 2004.9137138540402 649592.043288709
10 1 12 4 41.569219381653056 166.27687752661222
11 0 6 0 14.696938456699069 0.0
12 6 144 144 1728.0 248832.0
13 0 5 0 11.180339887498949 0.0
14 0 50 0 1.0 0.0
15 0 50 0 1.0 0.0
16 5 85 100 783.6612788698955 78366.12788698955
17 4 41 64 262.5280937347468 16801.797999023795
18 2 7 16 18.520259177452132 296.3241468392341
19 0 50 0 1.0 0.0
20 5 79 100 702.1673589679315 70216.73589679315
21 0 50 0 1.0 0.0
22 6 91 144 868.0846732894205 125004.19295367655
23 0 50 0 1.0 0.0
24 9 350 324 1000.0 324000.0
25 20 325 1600 5859.020822628982 9374433.316206371
26 0 50 0 1.0 0.0
27 0 50 0 1.0 0.0
28 4 53 64 385.84582413186746 24694.132744439517
29 24 327 2304 5913.187211648215 13623983.335637487
30 10 127 400 1431.21731403725 572486.9256149
31 13 244 676 3811.4018418424475 2576507.6450854945
32 3 58 36 441.7148401401067 15901.734245043841
33 1 6 4 14.696938456699069 58.787753826796276
34 0 50 0 1.0 0.0
35 1 61 4 36.4828726939094 145.9314907756376
36 3 30 36 164.31676725154983 5915.403621055794
37 19 299 1444 5170.1933232713845 7465759.158803879
38 0 50 0 1.0 0.0
39 0 50 0 1.0 0.0
40 1 15 4 58.09475019311125 232.379000772445
41 1 54 4 8.0 32.0
42 0 2 0 2.8284271247461903 0.0
43 0 50 0 1.0 0.0
44 0 50 0 1.0 0.0
45 0 50 0 1.0 0.0
46 15 200 900 2828.42712474619 2545584.4122715713
47 0 50 0 1.0 0.0
48 0 50 0 1.0 0.0
49 1 13 4 46.87216658103186 187.48866632412745
50 0 7 0 18.520259177452132 0.0
51 1 35 4 207.06279240848656 828.2511696339462
52 0 50 0 1.0 0.0
53 0 2 0 2.8284271247461903 0.0
54 1 9 4 27.0 108.0
55 0 50 0 1.0 0.0
56 7 121 196 1331.0 260876.0
57 6 156 144 1948.4393755003002 280575.27007204323
58 22 369 1936 7088.258530838163 13722868.515702683
59 0 50 0 1.0 0.0
60 1 50 4 1.0 4.0
61 3 96 36 311.9871792237623 11231.538452055443
62 0 50 0 1.0 0.0
63 0 9 0 27.0 0.0
64 0 50 0 1.0 0.0
65 14 486 784 3625.500792993983 2842392.6217072825
66 1 42 4 272.19110933313016 1088.7644373325206
67 0 6 0 14.696938456699069 0.0
68 22 273 1936 4510.7002782273175 8732715.738648087
69 13 201 676 2849.6668226303227 1926374.7720980982
70 1 19 4 82.8190799272728 331.2763197090912
71 0 50 0 1.0 0.0
72 0 50 0 1.0 0.0
73 1 66 4 64.0 256.0
74 0 50 0 1.0 0.0
75 0 5 0 11.180339887498949 0.0
76 4 34 64 198.25236442474022 12688.151323183374
77 9 366 324 1249.358235255205 404792.0682226864
78 1 68 4 76.36753236814714 305.47012947258855
79 11 144 484 1728.0 836352.0
80 0 50 0 1.0 0.0
81 1 24 4 117.57550765359255 470.3020306143702
82 0 50 0 1.0 0.0
83 1 44 4 291.8629815512752 1167.4519262051008
84 1 54 4 8.0 32.0
85 1 53 4 5.196152422706632 20.784609690826528
86 0 50 0 1.0 0.0
87 0 50 0 1.0 0.0
88 0 5 0 11.180339887498949 0.0
89 0 50 0 1.0 0.0
90 0 50 0 1.0 0.0
91 1 57 4 18.520259177452132 74.08103670980853
92 0 50 0 1.0 0.0
93 1 55 4 11.180339887498949 44.721359549995796
94 1 52 4 2.8284271247461903 11.313708498984761
95 0 50 0 1.0 0.0
96 2 39 16 243.55492193753753 3896.8787510006005
97 17 292 1156 4989.698187265438 5768091.104478846
98 7 58 196 441.7148401401067 86576.10866746091
99 0 2 0 2.8284271247461903 0.0
100 30 414 3600 8423.653839041583 30325153.820549697
101 4 53 64 385.84582413186746 24694.132744439517
102 18 292 1296 4989.698187265438 6466648.850696008
103 0 50 0 1.0 0.0
104 8 140 256 1656.5023392678925 424064.5988525805
105 13 120 676 1314.5341380123987 888625.0772963815
106 11 176 484 2334.9038524102016 1130093.4645665376
107 7 78 196 688.877347573572 135019.96012442012
108 0 50 0 1.0 0.0
109 0 50 0 1.0 0.0
110 19 285 1444 4811.353759598228 6947594.828859841
111 5 85 100 783.6612788698955 78366.12788698955
112 18 323 1296 5805.020844062491 7523307.013904989
113 8 112 256 1185.2965873569365 303435.92636337574
114 16 296 1024 5092.576558089235 5214798.395483376
115 14 241 784 3741.3261017986656 2933199.663810154
116 4 111 64 476.42523023030594 30491.21473473958
117 15 501 900 3976.5878589564695 3578929.0730608227
118 14 225 784 3375.0 2646000.0
119 11 174 484 2295.2176367394877 1110885.336181912
120 13 169 676 2197.0 1485172.0
121 0 2 0 2.8284271247461903 0.0
122 6 41 144 262.5280937347468 37804.04549780354
123 25 377 2500 7320.015915283245 18300039.788208112
124 9 154 324 1911.089741482592 619193.0762403598
125 5 56 100 419.06562731868144 41906.56273186814
126 0 50 0 1.0 0.0
127 24 365 2304 6973.315208708122 16066518.240863513
128 16 281 1024 4710.418346601499 4823468.386919935
129 3 26 36 132.5745073534124 4772.682264722846
130 9 158 324 1986.0292042162926 643473.4621660787
131 1 16 4 64.0 256.0
132 9 150 324 1837.1173070873836 595226.0074963123
133 0 50 0 1.0 0.0
134 16 292 1024 4989.698187265438 5109450.943759808
135 22 347 1936 6463.8937955384135 12514098.388162369
136 19 307 1444 5379.074548656116 7767383.648259432
137 7 61 196 476.42523023030594 93379.34512513997
138 0 50 0 1.0 0.0
139 13 192 676 2660.4300404257956 1798450.7073278378
140 9 372 324 1347.5340440968457 436601.030287378
141 26 401 2704 8030.018742194815 21713170.67889478
142 19 316 1444 5617.338871743452 8111437.330797545
143 16 496 1024 3858.359236774098 3950959.8584566764
144 13 223 676 3330.1001486441814 2251147.7004834665
145 24 433 2304 9010.146336214524 20759377.158638265
146 10 149 400 1818.7767867443217 727510.7146977286
147 6 79 144 702.1673589679315 101112.09969138213
148 15 252 900 4000.375982329661 3600338.3840966946
149 12 198 576 2786.1069613351174 1604797.6097290276
150 0 50 0 1.0 0.0
151 10 126 400 1414.3464922005498 565738.59688022
152 14 154 784 1911.089741482592 1498294.357322352
153 12 160 576 2023.8577025077627 1165742.0366444713
154 0 50 0 1.0 0.0
155 17 171 1156 2236.1151580363658 2584949.1226900388
156 4 20 64 89.44271909999159 5724.334022399462
157 18 299 1296 5170.1933232713845 6700570.546959714
158 20 326 1600 5886.083247797299 9417733.196475679
159 14 246 784 3858.359236774098 3024953.6416308926
160 16 220 1024 3263.127334322092 3341442.390345822
161 24 379 2304 7378.3425645601465 16999701.268746577
162 0 50 0 1.0 0.0
163 27 482 2916 10582.068228848271 30857310.955321558
164 7 68 196 560.7423650840018 109905.50355646435
165 25 363 2500 6916.078874622527 17290197.186556317
166 19 269 1444 4411.928036584459 6370824.084827959
167 16 209 1024 3021.4779496134006 3093993.420404122
168 12 212 576 3086.7665930549397 1777977.5575996453
169 19 293 1444 5015.352131206741 7242168.477462535
170 24 388 2304 7642.713654193777 17608812.25926246
171 19 236 1444 3625.500792993983 5235223.145083311
172 17 263 1156 4265.143256679663 4930505.6047216905
173 22 313 1936 5537.535282054643 10720668.306057788
174 11 203 484 2892.3047903013266 1399875.5185058422
175 11 120 484 1314.5341380123987 636234.522798001
176 17 248 1156 3905.507905509858 4514767.138769396
177 17 296 1156 5092.576558089235 5887018.501151156
178 8 122 256 1347.5340440968457 344968.7152887925
179 12 169 576 2197.0 1265472.0
180 16 233 1024 3556.5906427363834 3641948.8181620566
181 15 263 900 4265.143256679663 3838628.931011697
182 0 50 0 1.0 0.0
183 9 120 324 1314.5341380123987 425909.06071601715
184 11 124 484 1380.8055619818454 668309.8919992131
185 0 50 0 1.0 0.0
186 14 180 784 2414.953415699773 1893323.477908622
187 14 218 784 3218.7314271308815 2523485.438870611
188 12 197 576 2765.0267629807854 1592655.4154769324
189 20 261 1600 4216.584043986317 6746534.470378106
190 12 128 576 1448.1546878700494 834137.1002131485
191 13 165 676 2119.4633754797464 1432757.2418243086
192 15 240 900 3718.06401235912 3346257.611123208
193 20 261 1600 4216.584043986317 6746534.470378106
194 23 343 2116 6352.448897866082 13441781.86788463
195 11 160 484 2023.8577025077627 979547.1280137572
196 18 281 1296 4710.418346601499 6104702.177195543
197 19 266 1444 4338.328710459824 6264546.657903986
198 19 297 1444 5118.405318065384 7390977.279286414
199 17 226 1156 3397.5249815122775 3927538.878628193
1701's generation fitness ratios and roulette cutoffs:
30857310.955321558 522284300.81712085 2611421.504085604 0.0001243812917855101 0.0001243812917855101
30857310.955321558 522284300.81712085 2611421.504085604 3.5897817727011686e-07 0.00012474026996278021
30857310.955321558 522284300.81712085 2611421.504085604 0.000994761318355123 0.001119501588317903
30857310.955321558 522284300.81712085 2611421.504085604 2.22096807538166e-05 0.0011417112690717197
30857310.955321558 522284300.81712085 2611421.504085604 0.005796873396305254 0.006938584665376974
30857310.955321558 522284300.81712085 2611421.504085604 3.1836468618043814e-07 0.006938903030063155
30857310.955321558 522284300.81712085 2611421.504085604 0.012815259813795617 0.019754162843858773
30857310.955321558 522284300.81712085 2611421.504085604 0.0 0.019754162843858773
30857310.955321558 522284300.81712085 2611421.504085604 8.604262257862316e-05 0.019840205466437395
30857310.955321558 522284300.81712085 2611421.504085604 0.0012437518077269669 0.021083957274164362
30857310.955321558 522284300.81712085 2611421.504085604 3.1836468618043814e-07 0.02108427563885054
30857310.955321558 522284300.81712085 2611421.504085604 0.0 0.02108427563885054
30857310.955321558 522284300.81712085 2611421.504085604 0.00047643017339540737 0.02156070581224595
30857310.955321558 522284300.81712085 2611421.504085604 0.0 0.02156070581224595
30857310.955321558 522284300.81712085 2611421.504085604 0.0 0.02156070581224595
30857310.955321558 522284300.81712085 2611421.504085604 0.0 0.02156070581224595
30857310.955321558 522284300.81712085 2611421.504085604 0.00015004496165093356 0.021710750773896885
30857310.955321558 522284300.81712085 2611421.504085604 3.216983158930329e-05 0.021742920605486188
30857310.955321558 522284300.81712085 2611421.504085604 5.673617728421685e-07 0.02174348796725903
30857310.955321558 522284300.81712085 2611421.504085604 0.0 0.02174348796725903
30857310.955321558 522284300.81712085 2611421.504085604 0.0001344415977790987 0.021877929565038128
30857310.955321558 522284300.81712085 2611421.504085604 0.0 0.021877929565038128
30857310.955321558 522284300.81712085 2611421.504085604 0.00023934127975530913 0.022117270844793438
30857310.955321558 522284300.81712085 2611421.504085604 0.0 0.022117270844793438
30857310.955321558 522284300.81712085 2611421.504085604 0.00062035178827527 0.022737622633068708
30857310.955321558 522284300.81712085 2611421.504085604 0.017948908863505843 0.04068653149657455
30857310.955321558 522284300.81712085 2611421.504085604 0.0 0.04068653149657455
30857310.955321558 522284300.81712085 2611421.504085604 0.0 0.04068653149657455
30857310.955321558 522284300.81712085 2611421.504085604 4.7281016691110974e-05 0.04073381251326566
30857310.955321558 522284300.81712085 2611421.504085604 0.02608537785708393 0.06681919037034958
30857310.955321558 522284300.81712085 2611421.504085604 0.0010961212594735022 0.06791531162982309
30857310.955321558 522284300.81712085 2611421.504085604 0.004933151620782998 0.0728484632506061
30857310.955321558 522284300.81712085 2611421.504085604 3.0446510109848912e-05 0.07287890976071594
30857310.955321558 522284300.81712085 2611421.504085604 1.1255891424425746e-07 0.07287902231963019
30857310.955321558 522284300.81712085 2611421.504085604 0.0 0.07287902231963019
30857310.955321558 522284300.81712085 2611421.504085604 2.794100656430335e-07 0.07287930172969583
30857310.955321558 522284300.81712085 2611421.504085604 1.1326022267567808e-05 0.0728906277519634
30857310.955321558 522284300.81712085 2611421.504085604 0.014294435324063156 0.08718506307602655
30857310.955321558 522284300.81712085 2611421.504085604 0.0 0.08718506307602655
30857310.955321558 522284300.81712085 2611421.504085604 0.0 0.08718506307602655
30857310.955321558 522284300.81712085 2611421.504085604 4.449281749592797e-07 0.08718550800420151
30857310.955321558 522284300.81712085 2611421.504085604 6.126931242224889e-08 0.08718556927351394
30857310.955321558 522284300.81712085 2611421.504085604 0.0 0.08718556927351394
30857310.955321558 522284300.81712085 2611421.504085604 0.0 0.08718556927351394
30857310.955321558 522284300.81712085 2611421.504085604 0.0 0.08718556927351394
30857310.955321558 522284300.81712085 2611421.504085604 0.0 0.08718556927351394
30857310.955321558 522284300.81712085 2611421.504085604 0.0048739439578960545 0.09205951323141
30857310.955321558 522284300.81712085 2611421.504085604 0.0 0.09205951323141
30857310.955321558 522284300.81712085 2611421.504085604 0.0 0.09205951323141
30857310.955321558 522284300.81712085 2611421.504085604 3.5897817727011686e-07 0.09205987220958727
30857310.955321558 522284300.81712085 2611421.504085604 0.0 0.09205987220958727
30857310.955321558 522284300.81712085 2611421.504085604 1.5858243648873536e-06 0.09206145803395216
30857310.955321558 522284300.81712085 2611421.504085604 0.0 0.09206145803395216
30857310.955321558 522284300.81712085 2611421.504085604 0.0 0.09206145803395216
30857310.955321558 522284300.81712085 2611421.504085604 2.0678392942509e-07 0.09206166481788158
30857310.955321558 522284300.81712085 2611421.504085604 0.0 0.09206166481788158
30857310.955321558 522284300.81712085 2611421.504085604 0.0004994904108583313 0.09256115522873991
30857310.955321558 522284300.81712085 2611421.504085604 0.0005372079337500274 0.09309836316248994
30857310.955321558 522284300.81712085 2611421.504085604 0.026274709950563458 0.1193730731130534
30857310.955321558 522284300.81712085 2611421.504085604 0.0 0.1193730731130534
30857310.955321558 522284300.81712085 2611421.504085604 7.65866405278111e-09 0.11937308077171745
30857310.955321558 522284300.81712085 2611421.504085604 2.150464495004646e-05 0.11939458541666749
30857310.955321558 522284300.81712085 2611421.504085604 0.0 0.11939458541666749
30857310.955321558 522284300.81712085 2611421.504085604 0.0 0.11939458541666749
30857310.955321558 522284300.81712085 2611421.504085604 0.0 0.11939458541666749
30857310.955321558 522284300.81712085 2611421.504085604 0.005442232548939956 0.12483681796560744
30857310.955321558 522284300.81712085 2611421.504085604 2.084620264536257e-06 0.12483890258587198
30857310.955321558 522284300.81712085 2611421.504085604 0.0 0.12483890258587198
30857310.955321558 522284300.81712085 2611421.504085604 0.01672023402768499 0.14155913661355696
30857310.955321558 522284300.81712085 2611421.504085604 0.0036883643048130276 0.14524750091837
30857310.955321558 522284300.81712085 2611421.504085604 6.342835103234099e-07 0.14524813520188032
30857310.955321558 522284300.81712085 2611421.504085604 0.0 0.14524813520188032
30857310.955321558 522284300.81712085 2611421.504085604 0.0 0.14524813520188032
30857310.955321558 522284300.81712085 2611421.504085604 4.901544993779911e-07 0.1452486253563797
30857310.955321558 522284300.81712085 2611421.504085604 0.0 0.1452486253563797
30857310.955321558 522284300.81712085 2611421.504085604 0.0 0.1452486253563797
30857310.955321558 522284300.81712085 2611421.504085604 2.42935721087779e-05 0.14527291892848848
30857310.955321558 522284300.81712085 2611421.504085604 0.0007750416154370019 0.1460479605439255
30857310.955321558 522284300.81712085 2611421.504085604 5.848732749475265e-07 0.14604854541720044
30857310.955321558 522284300.81712085 2611421.504085604 0.001601334749467897 0.14764988016666833
30857310.955321558 522284300.81712085 2611421.504085604 0.0 0.14764988016666833
30857310.955321558 522284300.81712085 2611421.504085604 9.004713139540597e-07 0.1476507806379823
30857310.955321558 522284300.81712085 2611421.504085604 0.0 0.1476507806379823
30857310.955321558 522284300.81712085 2611421.504085604 2.235280525144268e-06 0.14765301591850744
30857310.955321558 522284300.81712085 2611421.504085604 6.126931242224889e-08 0.14765307718781986
30857310.955321558 522284300.81712085 2611421.504085604 3.979558577255477e-08 0.14765311698340564
30857310.955321558 522284300.81712085 2611421.504085604 0.0 0.14765311698340564
30857310.955321558 522284300.81712085 2611421.504085604 0.0 0.14765311698340564
30857310.955321558 522284300.81712085 2611421.504085604 0.0 0.14765311698340564
30857310.955321558 522284300.81712085 2611421.504085604 0.0 0.14765311698340564
30857310.955321558 522284300.81712085 2611421.504085604 0.0 0.14765311698340564
30857310.955321558 522284300.81712085 2611421.504085604 1.4184044321054213e-07 0.14765325882384886
30857310.955321558 522284300.81712085 2611421.504085604 0.0 0.14765325882384886
30857310.955321558 522284300.81712085 2611421.504085604 8.562646719426302e-08 0.14765334445031605
30857310.955321558 522284300.81712085 2611421.504085604 2.1661973146204683e-08 0.1476533661122892
30857310.955321558 522284300.81712085 2611421.504085604 0.0 0.1476533661122892
30857310.955321558 522284300.81712085 2611421.504085604 7.461221302083713e-06 0.1476608273335913
30857310.955321558 522284300.81712085 2611421.504085604 0.01104396799875966 0.15870479533235093
30857310.955321558 522284300.81712085 2611421.504085604 0.00016576433282028852 0.15887055966517122
30857310.955321558 522284300.81712085 2611421.504085604 0.0 0.15887055966517122
30857310.955321558 522284300.81712085 2611421.504085604 0.05806254136512544 0.21693310103029667
30857310.955321558 522284300.81712085 2611421.504085604 4.7281016691110974e-05 0.21698038204698777
30857310.955321558 522284300.81712085 2611421.504085604 0.01238147277369595 0.22936185482068372
30857310.955321558 522284300.81712085 2611421.504085604 0.0 0.22936185482068372
30857310.955321558 522284300.81712085 2611421.504085604 0.000811942074822325 0.23017379689550604
30857310.955321558 522284300.81712085 2611421.504085604 0.0017014202339724084 0.23187521712947845
30857310.955321558 522284300.81712085 2611421.504085604 0.0021637515483396517 0.2340389686778181
30857310.955321558 522284300.81712085 2611421.504085604 0.00025851812875320884 0.2342974868065713
30857310.955321558 522284300.81712085 2611421.504085604 0.0 0.2342974868065713
30857310.955321558 522284300.81712085 2611421.504085604 0.0 0.2342974868065713
30857310.955321558 522284300.81712085 2611421.504085604 0.013302323692269202 0.2475998104988405
30857310.955321558 522284300.81712085 2611421.504085604 0.00015004496165093356 0.24774985546049144
30857310.955321558 522284300.81712085 2611421.504085604 0.014404620246357537 0.26215447570684897
30857310.955321558 522284300.81712085 2611421.504085604 0.0005809784553903806 0.26273545416223937
30857310.955321558 522284300.81712085 2611421.504085604 0.009984597253497289 0.27272005141573663
30857310.955321558 522284300.81712085 2611421.504085604 0.005616097706213117 0.27833614912194976
30857310.955321558 522284300.81712085 2611421.504085604 5.8380492553644945e-05 0.2783945296145034
30857310.955321558 522284300.81712085 2611421.504085604 0.006852453859826036 0.2852469834743294
30857310.955321558 522284300.81712085 2611421.504085604 0.005066206270914705 0.2903131897452441
30857310.955321558 522284300.81712085 2611421.504085604 0.0021269743977445177 0.2924401641429886
30857310.955321558 522284300.81712085 2611421.504085604 0.0028436083521492573 0.2952837724951379
30857310.955321558 522284300.81712085 2611421.504085604 0.0 0.2952837724951379
30857310.955321558 522284300.81712085 2611421.504085604 7.23821210759324e-05 0.2953561546162138
30857310.955321558 522284300.81712085 2611421.504085604 0.035038464222603385 0.33039461883881716
30857310.955321558 522284300.81712085 2611421.504085604 0.0011855479386832495 0.3315801667775004
30857310.955321558 522284300.81712085 2611421.504085604 8.02370713925438e-05 0.33166040384889295
30857310.955321558 522284300.81712085 2611421.504085604 0.0 0.33166040384889295
30857310.955321558 522284300.81712085 2611421.504085604 0.03076201642616335 0.3624224202750563
30857310.955321558 522284300.81712085 2611421.504085604 0.00923533098615745 0.37165775126121375
30857310.955321558 522284300.81712085 2611421.504085604 9.138092524044702e-06 0.3716668893537378
30857310.955321558 522284300.81712085 2611421.504085604 0.0012320367684024885 0.3728989261221403
30857310.955321558 522284300.81712085 2611421.504085604 4.901544993779911e-07 0.3728994162766397
30857310.955321558 522284300.81712085 2611421.504085604 0.0011396590067231068 0.3740390752833628
30857310.955321558 522284300.81712085 2611421.504085604 0.0 0.3740390752833628
30857310.955321558 522284300.81712085 2611421.504085604 0.009782892068105443 0.38382196735146823
30857310.955321558 522284300.81712085 2611421.504085604 0.023960318869596296 0.40778228622106455
30857310.955321558 522284300.81712085 2611421.504085604 0.01487194548277108 0.42265423170383565
30857310.955321558 522284300.81712085 2611421.504085604 0.00017879025844553764 0.4228330219622812
30857310.955321558 522284300.81712085 2611421.504085604 0.0 0.4228330219622812
30857310.955321558 522284300.81712085 2611421.504085604 0.0034434324457276186 0.4262764544080088
30857310.955321558 522284300.81712085 2611421.504085604 0.0008359451540172849 0.4271123995620261
30857310.955321558 522284300.81712085 2611421.504085604 0.04157346993758808 0.4686858694996142
30857310.955321558 522284300.81712085 2611421.504085604 0.015530693375441482 0.4842165628750557
30857310.955321558 522284300.81712085 2611421.504085604 0.007564768560485824 0.49178133143554154
30857310.955321558 522284300.81712085 2611421.504085604 0.004310195992798397 0.49609152742833995
30857310.955321558 522284300.81712085 2611421.504085604 0.039747273900747046 0.535838801329087
30857310.955321558 522284300.81712085 2611421.504085604 0.0013929400396671472 0.5372317413687542
30857310.955321558 522284300.81712085 2611421.504085604 0.0001935959008019021 0.5374253372695561
30857310.955321558 522284300.81712085 2611421.504085604 0.006893445540032348 0.5443187828095885
30857310.955321558 522284300.81712085 2611421.504085604 0.003072651441405189 0.5473914342509937
30857310.955321558 522284300.81712085 2611421.504085604 0.0 0.5473914342509937
30857310.955321558 522284300.81712085 2611421.504085604 0.0010832004637993413 0.5484746347147931
30857310.955321558 522284300.81712085 2611421.504085604 0.002868733283727369 0.5513433679985205
30857310.955321558 522284300.81712085 2611421.504085604 0.0022320066577162134 0.5535753746562366
30857310.955321558 522284300.81712085 2611421.504085604 0.0 0.5535753746562366
30857310.955321558 522284300.81712085 2611421.504085604 0.004949314231053568 0.5585246888872902
30857310.955321558 522284300.81712085 2611421.504085604 1.0960187800865667e-05 0.5585356490750911
30857310.955321558 522284300.81712085 2611421.504085604 0.012829354695281058 0.5713650037703721
30857310.955321558 522284300.81712085 2611421.504085604 0.01803181367263291 0.5893968174430051
30857310.955321558 522284300.81712085 2611421.504085604 0.005791775929121959 0.595188593372127
30857310.955321558 522284300.81712085 2611421.504085604 0.006397746179845135 0.6015863395519722
30857310.955321558 522284300.81712085 2611421.504085604 0.032548750253741716 0.6341350898057139
30857310.955321558 522284300.81712085 2611421.504085604 0.0 0.6341350898057139
30857310.955321558 522284300.81712085 2611421.504085604 0.0590814445447525 0.6932165343504664
30857310.955321558 522284300.81712085 2611421.504085604 0.00021043233232267503 0.693426966682789
30857310.955321558 522284300.81712085 2611421.504085604 0.033104952914543996 0.726531919597333
30857310.955321558 522284300.81712085 2611421.504085604 0.012198000351266003 0.738729919948599
30857310.955321558 522284300.81712085 2611421.504085604 0.005923964047097582 0.7446538839956967
30857310.955321558 522284300.81712085 2611421.504085604 0.0034042332017599907 0.7480581171974566
30857310.955321558 522284300.81712085 2611421.504085604 0.013866333845631707 0.7619244510430884
30857310.955321558 522284300.81712085 2611421.504085604 0.03371499436554619 0.7956394454086345
30857310.955321558 522284300.81712085 2611421.504085604 0.010023703827384307 0.8056631492360188
30857310.955321558 522284300.81712085 2611421.504085604 0.009440271509229452 0.8151034207452482
30857310.955321558 522284300.81712085 2611421.504085604 0.02052649924434864 0.8356299199895969
30857310.955321558 522284300.81712085 2611421.504085604 0.0026802940779872535 0.8383102140675841
30857310.955321558 522284300.81712085 2611421.504085604 0.0012181766172228486 0.839528390684807
30857310.955321558 522284300.81712085 2611421.504085604 0.00864427119809265 0.8481726618828996
30857310.955321558 522284300.81712085 2611421.504085604 0.011271674243205923 0.8594443361261056
30857310.955321558 522284300.81712085 2611421.504085604 0.0006604998747790893 0.8601048360008847
30857310.955321558 522284300.81712085 2611421.504085604 0.002422956229050255 0.862527792229935
30857310.955321558 522284300.81712085 2611421.504085604 0.006973115623931599 0.8695009078538666
30857310.955321558 522284300.81712085 2611421.504085604 0.007349692351476217 0.8768506002053428
30857310.955321558 522284300.81712085 2611421.504085604 0.0 0.8768506002053428
30857310.955321558 522284300.81712085 2611421.504085604 0.0008154736032648821 0.8776660738086076
30857310.955321558 522284300.81712085 2611421.504085604 0.0012795902364931002 0.8789456640451008
30857310.955321558 522284300.81712085 2611421.504085604 0.0 0.8789456640451008
30857310.955321558 522284300.81712085 2611421.504085604 0.0036250821151363193 0.8825707461602371
30857310.955321558 522284300.81712085 2611421.504085604 0.004831631804598729 0.8874023779648359
30857310.955321558 522284300.81712085 2611421.504085604 0.0030494031947450873 0.890451781159581
30857310.955321558 522284300.81712085 2611421.504085604 0.012917360257283364 0.9033691414168644
30857310.955321558 522284300.81712085 2611421.504085604 0.001597093956123379 0.9049662353729878
30857310.955321558 522284300.81712085 2611421.504085604 0.0027432515960804115 0.9077094869690683
30857310.955321558 522284300.81712085 2611421.504085604 0.006406965719413627 0.914116452688482
30857310.955321558 522284300.81712085 2611421.504085604 0.012917360257283364 0.9270338129457654
30857310.955321558 522284300.81712085 2611421.504085604 0.025736522899223242 0.9527703358449886
30857310.955321558 522284300.81712085 2611421.504085604 0.001875505594330985 0.9546458414393196
30857310.955321558 522284300.81712085 2611421.504085604 0.011688465779355525 0.9663343072186752
30857310.955321558 522284300.81712085 2611421.504085604 0.011994514573964827 0.97832882179264
30857310.955321558 522284300.81712085 2611421.504085604 0.0141512530009482 0.9924800747935882
30857310.955321558 522284300.81712085 2611421.504085604 0.007519925206412495 1.0000000000000007
1701's generation extracting best parents:
0
0
519548.2196370227
0
3027615.9687146586
0
6693209.01163799
0
0
649592.043288709
0
0
248832.0
0
0
0
0
0
0
0
0
0
125004.19295367655
0
324000.0
9374433.316206371
0
0
0
13623983.335637487
572486.9256149
2576507.6450854945
0
0
0
0
0
7465759.158803879
0
0
0
0
0
0
0
0
2545584.4122715713
0
0
0
0
0
0
0
0
0
260876.0
280575.27007204323
13722868.515702683
0
0
0
0
0
0
2842392.6217072825
0
0
8732715.738648087
1926374.7720980982
0
0
0
0
0
0
0
404792.0682226864
0
836352.0
0
0
0
0
0
0
0
0
0
0
0
0
0
0
0
0
0
5768091.104478846
0
0
30325153.820549697
0
6466648.850696008
0
424064.5988525805
888625.0772963815
1130093.4645665376
135019.96012442012
0
0
6947594.828859841
0
7523307.013904989
303435.92636337574
5214798.395483376
2933199.663810154
0
3578929.0730608227
2646000.0
1110885.336181912
1485172.0
0
0
18300039.788208112
619193.0762403598
0
0
16066518.240863513
4823468.386919935
0
643473.4621660787
0
595226.0074963123
0
5109450.943759808
12514098.388162369
7767383.648259432
0
0
1798450.7073278378
436601.030287378
21713170.67889478
8111437.330797545
3950959.8584566764
2251147.7004834665
20759377.158638265
727510.7146977286
0
3600338.3840966946
1604797.6097290276
0
565738.59688022
1498294.357322352
1165742.0366444713
0
2584949.1226900388
0
6700570.546959714
9417733.196475679
3024953.6416308926
3341442.390345822
16999701.268746577
0
30857310.955321558
109905.50355646435
17290197.186556317
6370824.084827959
3093993.420404122
1777977.5575996453
7242168.477462535
17608812.25926246
5235223.145083311
4930505.6047216905
10720668.306057788
1399875.5185058422
636234.522798001
4514767.138769396
5887018.501151156
344968.7152887925
1265472.0
3641948.8181620566
3838628.931011697
0
425909.06071601715
668309.8919992131
0
1893323.477908622
2523485.438870611
1592655.4154769324
6746534.470378106
834137.1002131485
1432757.2418243086
3346257.611123208
6746534.470378106
13441781.86788463
979547.1280137572
6104702.177195543
6264546.657903986
7390977.279286414
3927538.878628193
