0 0 50 0 1.0 0.0
1 0 5 0 11.180339887498949 0.0
2 9 167 324 2158.1156132144542 699229.4586814832
3 0 12 0 41.569219381653056 0.0
4 1 22 4 103.18914671611545 412.7565868644618
5 1 22 4 103.18914671611545 412.7565868644618
6 12 121 576 1331.0 766656.0
7 3 79 36 156.16977940690063 5622.112058648423
8 1 14 4 52.38320341483518 209.53281365934072
9 5 74 100 636.5720697611544 63657.206976115434
10 0 10 0 31.622776601683793 0.0
11 0 50 0 1.0 0.0
12 0 14 0 52.38320341483518 0.0
13 10 110 400 1153.6897329871667 461475.8931948667
14 1 38 4 234.2477321128211 936.9909284512844
15 0 2 0 2.8284271247461903 0.0
16 0 50 0 1.0 0.0
17 0 5 0 11.180339887498949 0.0
18 0 2 0 2.8284271247461903 0.0
19 2 23 16 110.30412503619254 1764.8660005790807
20 0 50 0 1.0 0.0
21 5 48 100 332.55375505322445 33255.375505322445
22 0 50 0 1.0 0.0
23 2 16 16 64.0 1024.0
24 0 50 0 1.0 0.0
25 1 65 4 58.09475019311125 232.379000772445
26 0 50 0 1.0 0.0
27 0 5 0 11.180339887498949 0.0
28 0 50 0 1.0 0.0
29 17 182 1156 2455.3142365082317 2838343.2574035157
30 10 195 400 2723.0268085349435 1089210.7234139773
31 6 41 144 262.5280937347468 37804.04549780354
32 0 50 0 1.0 0.0
33 5 59 100 453.18759912424787 45318.759912424786
34 0 50 0 1.0 0.0
35 0 50 0 1.0 0.0
36 0 5 0 11.180339887498949 0.0
37 1 9 4 27.0 108.0
38 0 50 0 1.0 0.0
39 1 23 4 110.30412503619254 441.2165001447702
40 15 242 900 3764.636503037179 3388172.852733461
41 0 50 0 1.0 0.0
42 0 50 0 1.0 0.0
43 0 50 0 1.0 0.0
44 12 163 576 2081.044689573004 1198681.7411940503
45 17 294 1156 5041.049890647781 5827453.673588835
46 2 14 16 52.38320341483518 838.1312546373629
47 5 54 100 396.81733833087486 39681.733833087485
48 0 50 0 1.0 0.0
49 0 5 0 11.180339887498949 0.0
50 1 21 4 96.23408959407264 384.93635837629057
51 0 5 0 11.180339887498949 0.0
52 12 129 576 1465.1583532164707 843931.2114526872
53 0 50 0 1.0 0.0
54 2 61 16 36.4828726939094 583.7259631025504
55 0 6 0 14.696938456699069 0.0
56 0 50 0 1.0 0.0
57 2 22 16 103.18914671611545 1651.0263474578471
58 0 50 0 1.0 0.0
59 4 43 64 281.96985654498604 18046.070818879107
60 0 50 0 1.0 0.0
61 0 6 0 14.696938456699069 0.0
62 0 5 0 11.180339887498949 0.0
63 0 50 0 1.0 0.0
64 3 63 36 46.87216658103186 1687.397996917147
65 3 49 36 343.0 12348.0
66 1 14 4 52.38320341483518 209.53281365934072
67 0 9 0 27.0 0.0
68 0 2 0 2.8284271247461903 0.0
69 19 256 1444 4096.0 5914624.0
70 1 14 4 52.38320341483518 209.53281365934072
71 0 50 0 1.0 0.0
72 0 50 0 1.0 0.0
73 5 108 100 1122.3689233046325 112236.89233046325
74 0 5 0 11.180339887498949 0.0
75 8 88 256 825.5131737289236 211331.37247460443
76 0 50 0 1.0 0.0
77 0 50 0 1.0 0.0
78 1 61 4 36.4828726939094 145.9314907756376
79 0 10 0 31.622776601683793 0.0
80 3 106 36 419.06562731868144 15086.362583472532
81 16 220 1024 3263.127334322092 3341442.390345822
82 0 50 0 1.0 0.0
83 0 50 0 1.0 0.0
84 0 50 0 1.0 0.0
85 3 48 36 332.55375505322445 11971.93518191608
86 1 20 4 89.44271909999159 357.77087639996637
87 0 50 0 1.0 0.0
88 1 19 4 82.8190799272728 331.2763197090912
89 10 115 400 1233.2376088978149 493295.043559126
90 10 427 400 2354.8318411300625 941932.736452025
91 1 51 4 1.0 4.0
92 0 50 0 1.0 0.0
93 9 107 324 1106.8166063083802 358608.58044391515
94 2 55 16 11.180339887498949 178.88543819998318
95 11 104 484 1060.5960588272992 513328.4924724128
96 2 23 16 110.30412503619254 1764.8660005790807
97 16 268 1024 4387.349085723633 4492645.463781
98 0 50 0 1.0 0.0
99 11 128 484 1448.1546878700494 700906.868929104
100 5 100 100 353.5533905932738 35355.33905932738
101 17 206 1156 2956.656219447909 3417894.5896817828
102 9 131 324 1499.363531636007 485793.7842500663
103 13 210 676 3043.189116699782 2057195.8428890526
104 0 50 0 1.0 0.0
105 16 201 1024 2849.6668226303227 2918058.8263734505
106 10 133 400 1533.830825091216 613532.3300364864
107 0 50 0 1.0 0.0
108 12 156 576 1948.4393755003002 1122301.080288173
109 14 220 784 3263.127334322092 2558291.83010852
110 12 178 576 2374.8162034144875 1367894.1331667448
111 10 133 400 1533.830825091216 613532.3300364864
112 7 100 196 1000.0 196000.0
113 10 111 400 1169.4575665666541 467783.02662666165
114 4 54 64 396.81733833087486 25396.30965317599
115 3 59 36 453.18759912424787 16314.753568472923
116 5 47 100 322.21576621884907 32221.576621884906
117 9 139 324 1638.785831034672 530966.6092552337
118 19 247 1444 3881.9097104389225 5605477.621873804
119 2 23 16 110.30412503619254 1764.8660005790807
120 10 184 400 2495.8974337900986 998358.9735160394
121 4 52 64 374.9773326482549 23998.549289488314
122 0 50 0 1.0 0.0
123 4 47 64 322.21576621884907 20621.80903800634
124 15 198 900 2786.1069613351174 2507496.265201606
125 0 50 0 1.0 0.0
126 14 247 784 3881.9097104389225 3043417.2129841154
127 5 93 100 896.8595207723448 89685.95207723448
128 9 156 324 1948.4393755003002 631294.3576620973
129 3 24 36 117.57550765359255 4232.718275529332
130 12 189 576 2598.3204190399615 1496632.561367018
131 9 153 324 1892.505482158506 613171.776219356
132 13 195 676 2723.0268085349435 1840766.1225696218
133 17 291 1156 4964.088133786507 5738485.882657202
134 20 218 1600 3218.7314271308815 5149970.28340941
135 20 286 1600 4836.6988742323 7738718.19877168
136 3 15 36 58.09475019311125 2091.411006952005
137 9 153 324 1892.505482158506 613171.776219356
138 0 2 0 2.8284271247461903 0.0
139 17 219 1156 3240.9040405417745 3746485.0708662914
140 19 216 1444 3174.538706646999 4584033.892398266
141 15 226 900 3397.5249815122775 3057772.4833610496
142 8 140 256 1656.5023392678925 424064.5988525805
143 22 359 1936 6802.0790204172135 13168824.983527726
144 15 195 900 2723.0268085349435 2450724.127681449
145 12 148 576 1800.497708968273 1037086.6803657252
146 16 222 1024 3307.7255025167974 3387110.9145772005
147 11 173 484 2275.4597337681016 1101322.5111437612
148 8 117 256 1265.5484976878602 323980.4154080922
149 11 200 484 2828.42712474619 1368958.728377156
150 21 314 1764 5564.094176054176 9815062.126559567
151 6 132 144 1516.5645386860397 218385.2935707897
152 7 99 196 985.0375627355537 193067.36229616852
153 3 59 36 453.18759912424787 16314.753568472923
154 14 224 784 3352.5250185494515 2628379.61454277
155 18 223 1296 3330.1001486441814 4315809.792642859
156 19 210 1444 3043.189116699782 4394365.084514486
157 14 229 784 3465.3988226465362 2716872.6769548845
158 11 196 484 2744.0 1328096.0
159 19 304 1444 5300.421115345459 7653808.090558843
160 26 321 2704 5751.187790361222 15551211.785136744
161 23 276 2116 4585.256372330778 9702402.483851925
162 13 146 676 1764.1247121448075 1192548.30540989
163 13 161 676 2042.8609840123727 1380974.025192364
164 16 238 1024 3671.68517168888 3759805.615809413
165 16 187 1024 2557.1865399301632 2618559.016888487
166 9 123 324 1364.1359902883582 441980.0608534281
167 7 79 196 702.1673589679315 137624.80235771457
168 20 284 1600 4786.053071164171 7657684.9138626745
169 15 207 900 2978.2113759771987 2680390.238379479
170 13 176 676 2334.9038524102016 1578395.0042292962
171 22 279 1936 4660.218771688728 9022183.541989379
172 17 219 1156 3240.9040405417745 3746485.0708662914
173 10 76 400 662.5526394181824 265021.05576727295
174 23 316 2116 5617.338871743452 11886289.052609144
175 14 215 784 3152.518834202264 2471574.766014575
176 18 272 1296 4485.938920672014 5813776.84119093
177 7 124 196 1380.8055619818454 270637.8901484417
178 16 213 1024 3108.6326576165284 3183239.841399325
179 24 297 2304 5118.405318065384 11792805.852822645
180 9 94 324 911.3638131942698 295281.87547494343
181 9 104 324 1060.5960588272992 343633.12306004495
182 19 321 1444 5751.187790361222 8304715.169281605
183 18 249 1296 3929.1537256768156 5092183.228477153
184 16 204 1024 2913.702798845483 2983631.6660177745
185 17 211 1156 3064.9520387764633 3543084.5568255917
186 10 157 400 1967.204361524242 786881.7446096968
187 14 176 784 2334.9038524102016 1830564.6202895981
188 9 136 324 1586.0189153979218 513870.12858892663
189 18 281 1296 4710.418346601499 6104702.177195543
190 7 107 196 1106.8166063083802 216936.05483644252
191 14 200 784 2828.42712474619 2217486.865801013
192 4 30 64 164.31676725154983 10516.27310409919
193 17 277 1156 4610.198802654827 5329389.81586898
194 18 295 1296 5066.791391008712 6566561.64274729
195 25 319 2500 5697.522180737868 14243805.451844672
196 15 216 900 3174.538706646999 2857084.835982299
197 14 176 784 2334.9038524102016 1830564.6202895981
198 18 248 1296 3905.507905509858 5061538.245540776
199 27 366 2916 7001.992287913491 20417809.51155574
1301's generation fitness ratios and roulette cutoffs:
20417809.51155574 338702433.44060385 1693512.1672030194 0.0 0.0
20417809.51155574 338702433.44060385 1693512.1672030194 0.0 0.0
20417809.51155574 338702433.44060385 1693512.1672030194 0.002064435887213969 0.002064435887213969
20417809.51155574 338702433.44060385 1693512.1672030194 0.0 0.002064435887213969
20417809.51155574 338702433.44060385 1693512.1672030194 1.218640748079669e-06 0.0020656545279620483
20417809.51155574 338702433.44060385 1693512.1672030194 1.218640748079669e-06 0.002066873168710128
20417809.51155574 338702433.44060385 1693512.1672030194 0.002263508981060934 0.004330382149771062
20417809.51155574 338702433.44060385 1693512.1672030194 1.6598971556058626e-05 0.00434698112132712
20417809.51155574 338702433.44060385 1693512.1672030194 6.186339186608921e-07 0.004347599755245781
20417809.51155574 338702433.44060385 1693512.1672030194 0.00018794434492091892 0.0045355441001666994
20417809.51155574 338702433.44060385 1693512.1672030194 0.0 0.0045355441001666994
20417809.51155574 338702433.44060385 1693512.1672030194 0.0 0.0045355441001666994
20417809.51155574 338702433.44060385 1693512.1672030194 0.0 0.0045355441001666994
20417809.51155574 338702433.44060385 1693512.1672030194 0.0013624817764286683 0.005898025876595368
20417809.51155574 338702433.44060385 1693512.1672030194 2.766413334953493e-06 0.005900792289930321
20417809.51155574 338702433.44060385 1693512.1672030194 0.0 0.005900792289930321
20417809.51155574 338702433.44060385 1693512.1672030194 0.0 0.005900792289930321
20417809.51155574 338702433.44060385 1693512.1672030194 0.0 0.005900792289930321
20417809.51155574 338702433.44060385 1693512.1672030194 0.0 0.005900792289930321
20417809.51155574 338702433.44060385 1693512.1672030194 5.210668204096545e-06 0.005906002958134418
20417809.51155574 338702433.44060385 1693512.1672030194 0.0 0.005906002958134418
20417809.51155574 338702433.44060385 1693512.1672030194 9.818463707953913e-05 0.0060041875952139565
20417809.51155574 338702433.44060385 1693512.1672030194 0.0 0.0060041875952139565
20417809.51155574 338702433.44060385 1693512.1672030194 3.0233027545684065e-06 0.006007210897968525
20417809.51155574 338702433.44060385 1693512.1672030194 0.0 0.006007210897968525
20417809.51155574 338702433.44060385 1693512.1672030194 6.860860089249871e-07 0.00600789698397745
20417809.51155574 338702433.44060385 1693512.1672030194 0.0 0.00600789698397745
20417809.51155574 338702433.44060385 1693512.1672030194 0.0 0.00600789698397745
20417809.51155574 338702433.44060385 1693512.1672030194 0.0 0.00600789698397745
20417809.51155574 338702433.44060385 1693512.1672030194 0.008380049793475305 0.014387946777452755
20417809.51155574 338702433.44060385 1693512.1672030194 0.0032158337699247307 0.017603780547377487
20417809.51155574 338702433.44060385 1693512.1672030194 0.0001116143309446668 0.017715394878322153
20417809.51155574 338702433.44060385 1693512.1672030194 0.0 0.017715394878322153
20417809.51155574 338702433.44060385 1693512.1672030194 0.00013380110515318178 0.017849195983475334
20417809.51155574 338702433.44060385 1693512.1672030194 0.0 0.017849195983475334
20417809.51155574 338702433.44060385 1693512.1672030194 0.0 0.017849195983475334
20417809.51155574 338702433.44060385 1693512.1672030194 0.0 0.017849195983475334
20417809.51155574 338702433.44060385 1693512.1672030194 3.1886396239588664e-07 0.01784951484743773
20417809.51155574 338702433.44060385 1693512.1672030194 0.0 0.01784951484743773
20417809.51155574 338702433.44060385 1693512.1672030194 1.3026670510241363e-06 0.017850817514488755
20417809.51155574 338702433.44060385 1693512.1672030194 0.010003390936155243 0.027854208450644
20417809.51155574 338702433.44060385 1693512.1672030194 0.0 0.027854208450644
20417809.51155574 338702433.44060385 1693512.1672030194 0.0 0.027854208450644
20417809.51155574 338702433.44060385 1693512.1672030194 0.0 0.027854208450644
20417809.51155574 338702433.44060385 1693512.1672030194 0.003539040830080885 0.031393249280724886
20417809.51155574 338702433.44060385 1693512.1672030194 0.01720523119480557 0.048598480475530455
20417809.51155574 338702433.44060385 1693512.1672030194 2.4745356746435682e-06 0.0486009550112051
20417809.51155574 338702433.44060385 1693512.1672030194 0.00011715810078478879 0.04871811311198989
20417809.51155574 338702433.44060385 1693512.1672030194 0.0 0.04871811311198989
20417809.51155574 338702433.44060385 1693512.1672030194 0.0 0.04871811311198989
20417809.51155574 338702433.44060385 1693512.1672030194 1.1365030787232134e-06 0.04871924961506861
20417809.51155574 338702433.44060385 1693512.1672030194 0.0 0.04871924961506861
20417809.51155574 338702433.44060385 1693512.1672030194 0.002491659722901525 0.05121090933797014
20417809.51155574 338702433.44060385 1693512.1672030194 0.0 0.05121090933797014
20417809.51155574 338702433.44060385 1693512.1672030194 1.7234182735947624e-06 0.05121263275624373
20417809.51155574 338702433.44060385 1693512.1672030194 0.0 0.05121263275624373
20417809.51155574 338702433.44060385 1693512.1672030194 0.0 0.05121263275624373
20417809.51155574 338702433.44060385 1693512.1672030194 4.874562992318676e-06 0.05121750731923605
20417809.51155574 338702433.44060385 1693512.1672030194 0.0 0.05121750731923605
20417809.51155574 338702433.44060385 1693512.1672030194 5.328001524985717e-05 0.05127078733448591
20417809.51155574 338702433.44060385 1693512.1672030194 0.0 0.05127078733448591
20417809.51155574 338702433.44060385 1693512.1672030194 0.0 0.05127078733448591
20417809.51155574 338702433.44060385 1693512.1672030194 0.0 0.05127078733448591
20417809.51155574 338702433.44060385 1693512.1672030194 0.0 0.05127078733448591
20417809.51155574 338702433.44060385 1693512.1672030194 4.9819482540359595e-06 0.05127576928273995
20417809.51155574 338702433.44060385 1693512.1672030194 3.645677970059637e-05 0.05131222606244054
20417809.51155574 338702433.44060385 1693512.1672030194 6.186339186608921e-07 0.0513128446963592
20417809.51155574 338702433.44060385 1693512.1672030194 0.0 0.0513128446963592
20417809.51155574 338702433.44060385 1693512.1672030194 0.0 0.0513128446963592
20417809.51155574 338702433.44060385 1693512.1672030194 0.017462596710387118 0.06877544140674632
20417809.51155574 338702433.44060385 1693512.1672030194 6.186339186608921e-07 0.06877606004066499
20417809.51155574 338702433.44060385 1693512.1672030194 0.0 0.06877606004066499
20417809.51155574 338702433.44060385 1693512.1672030194 0.0 0.06877606004066499
20417809.51155574 338702433.44060385 1693512.1672030194 0.00033137315014344454 0.06910743319080843
20417809.51155574 338702433.44060385 1693512.1672030194 0.0 0.06910743319080843
20417809.51155574 338702433.44060385 1693512.1672030194 0.0006239440630167905 0.06973137725382522
20417809.51155574 338702433.44060385 1693512.1672030194 0.0 0.06973137725382522
20417809.51155574 338702433.44060385 1693512.1672030194 0.0 0.06973137725382522
20417809.51155574 338702433.44060385 1693512.1672030194 4.308545683986906e-07 0.06973180810839362
20417809.51155574 338702433.44060385 1693512.1672030194 0.0 0.06973180810839362
20417809.51155574 338702433.44060385 1693512.1672030194 4.454164214358422e-05 0.0697763497505372
20417809.51155574 338702433.44060385 1693512.1672030194 0.009865421858363442 0.07964177160890065
20417809.51155574 338702433.44060385 1693512.1672030194 0.0 0.07964177160890065
20417809.51155574 338702433.44060385 1693512.1672030194 0.0 0.07964177160890065
20417809.51155574 338702433.44060385 1693512.1672030194 0.0 0.07964177160890065
20417809.51155574 338702433.44060385 1693512.1672030194 3.5346469348634085e-05 0.07967711807824929
20417809.51155574 338702433.44060385 1693512.1672030194 1.0562985118402062e-06 0.07967817437676113
20417809.51155574 338702433.44060385 1693512.1672030194 0.0 0.07967817437676113
20417809.51155574 338702433.44060385 1693512.1672030194 9.780748143552534e-07 0.07967915245157549
20417809.51155574 338702433.44060385 1693512.1672030194 0.0014564260390695777 0.08113557849064507
20417809.51155574 338702433.44060385 1693512.1672030194 0.0027810037468101213 0.08391658223745518
20417809.51155574 338702433.44060385 1693512.1672030194 1.1809776385032838e-08 0.08391659404723156
20417809.51155574 338702433.44060385 1693512.1672030194 0.0 0.08391659404723156
20417809.51155574 338702433.44060385 1693512.1672030194 0.0010587717861991746 0.08497536583343074
20417809.51155574 338702433.44060385 1693512.1672030194 5.281492559201031e-07 0.08497589398268666
20417809.51155574 338702433.44060385 1693512.1672030194 0.001515573677041302 0.08649146765972797
20417809.51155574 338702433.44060385 1693512.1672030194 5.210668204096545e-06 0.08649667832793206
20417809.51155574 338702433.44060385 1693512.1672030194 0.01326428457612144 0.09976096290405351
20417809.51155574 338702433.44060385 1693512.1672030194 0.0 0.09976096290405351
20417809.51155574 338702433.44060385 1693512.1672030194 0.00206938834719656 0.10183035125125006
20417809.51155574 338702433.44060385 1693512.1672030194 0.0001043846620769184 0.10193473591332698
20417809.51155574 338702433.44060385 1693512.1672030194 0.010091142702938856 0.11202587861626584
20417809.51155574 338702433.44060385 1693512.1672030194 0.0014342789903080426 0.11346015760657388
20417809.51155574 338702433.44060385 1693512.1672030194 0.0060737557211847145 0.11953391332775859
20417809.51155574 338702433.44060385 1693512.1672030194 0.0 0.11953391332775859
20417809.51155574 338702433.44060385 1693512.1672030194 0.008615405554460453 0.12814931888221903
20417809.51155574 338702433.44060385 1693512.1672030194 0.0018114199056797676 0.1299607387878988
20417809.51155574 338702433.44060385 1693512.1672030194 0.0 0.1299607387878988
20417809.51155574 338702433.44060385 1693512.1672030194 0.003313531198721027 0.13327426998661981
20417809.51155574 338702433.44060385 1693512.1672030194 0.007553213610309511 0.14082748359692931
20417809.51155574 338702433.44060385 1693512.1672030194 0.004038630957774397 0.14486611455470372
20417809.51155574 338702433.44060385 1693512.1672030194 0.0018114199056797676 0.14667753446038348
20417809.51155574 338702433.44060385 1693512.1672030194 0.000578679042866609 0.14725621350325008
20417809.51155574 338702433.44060385 1693512.1672030194 0.0013811032352936841 0.14863731673854377
20417809.51155574 338702433.44060385 1693512.1672030194 7.498118450226483e-05 0.14871229792304605
20417809.51155574 338702433.44060385 1693512.1672030194 4.816839785514544e-05 0.1487604663209012
20417809.51155574 338702433.44060385 1693512.1672030194 9.513240366941563e-05 0.14885559872457063
20417809.51155574 338702433.44060385 1693512.1672030194 0.0015676492308058542 0.15042324795537648
20417809.51155574 338702433.44060385 1693512.1672030194 0.016549859311408822 0.1669731072667853
20417809.51155574 338702433.44060385 1693512.1672030194 5.210668204096545e-06 0.1669783179349894
20417809.51155574 338702433.44060385 1693512.1672030194 0.0029475990573038366 0.16992591699229323
20417809.51155574 338702433.44060385 1693512.1672030194 7.085437516851142e-05 0.16999677136746175
20417809.51155574 338702433.44060385 1693512.1672030194 0.0 0.16999677136746175
20417809.51155574 338702433.44060385 1693512.1672030194 6.088473834842601e-05 0.17005765610581017
20417809.51155574 338702433.44060385 1693512.1672030194 0.007403242544583991 0.17746089865039416
20417809.51155574 338702433.44060385 1693512.1672030194 0.0 0.17746089865039416
20417809.51155574 338702433.44060385 1693512.1672030194 0.008985519182925564 0.18644641783331972
20417809.51155574 338702433.44060385 1693512.1672030194 0.00026479275972772764 0.18671121059304746
20417809.51155574 338702433.44060385 1693512.1672030194 0.0018638612992805778 0.18857507189232803
20417809.51155574 338702433.44060385 1693512.1672030194 1.2496864083710805e-05 0.18858756875641175
20417809.51155574 338702433.44060385 1693512.1672030194 0.004418723970075854 0.19300629272648762
20417809.51155574 338702433.44060385 1693512.1672030194 0.0018103553906909976 0.1948166481171786
20417809.51155574 338702433.44060385 1693512.1672030194 0.005434759071172796 0.2002514071883514
20417809.51155574 338702433.44060385 1693512.1672030194 0.016942558765712337 0.21719396595406376
20417809.51155574 338702433.44060385 1693512.1672030194 0.015204999359157331 0.2323989653132211
20417809.51155574 338702433.44060385 1693512.1672030194 0.02284813285856941 0.25524709817179053
20417809.51155574 338702433.44060385 1693512.1672030194 6.174774080324885e-06 0.25525327294587086
20417809.51155574 338702433.44060385 1693512.1672030194 0.0018103553906909976 0.2570636283365619
20417809.51155574 338702433.44060385 1693512.1672030194 0.0 0.2570636283365619
20417809.51155574 338702433.44060385 1693512.1672030194 0.011061287729198701 0.26812491606576055
20417809.51155574 338702433.44060385 1693512.1672030194 0.013534103802658801 0.28165901986841935
20417809.51155574 338702433.44060385 1693512.1672030194 0.009027902316200135 0.2906869221846195
20417809.51155574 338702433.44060385 1693512.1672030194 0.001252027021314407 0.2919389492059339
20417809.51155574 338702433.44060385 1693512.1672030194 0.03888021957727405 0.33081916878320794
20417809.51155574 338702433.44060385 1693512.1672030194 0.007235625982330645 0.33805479476553857
20417809.51155574 338702433.44060385 1693512.1672030194 0.00306194044675381 0.34111673521229235
20417809.51155574 338702433.44060385 1693512.1672030194 0.0100002556231152 0.35111699083540754
20417809.51155574 338702433.44060385 1693512.1672030194 0.003251593146102664 0.3543685839815102
20417809.51155574 338702433.44060385 1693512.1672030194 0.0009565340647749041 0.35532511804628514
20417809.51155574 338702433.44060385 1693512.1672030194 0.00404177411561828 0.35936689216190343
20417809.51155574 338702433.44060385 1693512.1672030194 0.02897842222996834 0.38834531439187175
20417809.51155574 338702433.44060385 1693512.1672030194 0.000644770370712694 0.38899008476258445
20417809.51155574 338702433.44060385 1693512.1672030194 0.0005700205939914675 0.3895601053565759
20417809.51155574 338702433.44060385 1693512.1672030194 4.816839785514544e-05 0.3896082737544311
20417809.51155574 338702433.44060385 1693512.1672030194 0.0077601438756822304 0.3973684176301133
20417809.51155574 338702433.44060385 1693512.1672030194 0.012742187142861777 0.4101106047729751
20417809.51155574 338702433.44060385 1693512.1672030194 0.012974117250578001 0.42308472202355313
20417809.51155574 338702433.44060385 1693512.1672030194 0.008021414695360687 0.4311061367189138
20417809.51155574 338702433.44060385 1693512.1672030194 0.003921129194464143 0.4350272659133779
20417809.51155574 338702433.44060385 1693512.1672030194 0.022597440510863775 0.4576247064242417
20417809.51155574 338702433.44060385 1693512.1672030194 0.04591408342468807 0.5035387898489297
20417809.51155574 338702433.44060385 1693512.1672030194 0.028645800932969603 0.5321845907818994
20417809.51155574 338702433.44060385 1693512.1672030194 0.0035209322038101615 0.5357055229857095
20417809.51155574 338702433.44060385 1693512.1672030194 0.00407724860776513 0.5397827715934747
20417809.51155574 338702433.44060385 1693512.1672030194 0.011100615893474964 0.5508833874869496
20417809.51155574 338702433.44060385 1693512.1672030194 0.007731149110116115 0.5586145365970657
20417809.51155574 338702433.44060385 1693512.1672030194 0.001304921421330548 0.5599194580183963
20417809.51155574 338702433.44060385 1693512.1672030194 0.00040632953521973727 0.560325787553616
20417809.51155574 338702433.44060385 1693512.1672030194 0.02260888661493941 0.5829346741685554
20417809.51155574 338702433.44060385 1693512.1672030194 0.007913702334971627 0.590848376503527
20417809.51155574 338702433.44060385 1693512.1672030194 0.004660123011800237 0.5955084995153271
20417809.51155574 338702433.44060385 1693512.1672030194 0.026637492533904523 0.6221459920492317
20417809.51155574 338702433.44060385 1693512.1672030194 0.011061287729198701 0.6332072797784304
20417809.51155574 338702433.44060385 1693512.1672030194 0.0007824598514842027 0.6339897396299146
20417809.51155574 338702433.44060385 1693512.1672030194 0.03509360393979445 0.669083343569709
20417809.51155574 338702433.44060385 1693512.1672030194 0.007297186326380498 0.6763805298960895
20417809.51155574 338702433.44060385 1693512.1672030194 0.017164851111736865 0.6935453810078264
20417809.51155574 338702433.44060385 1693512.1672030194 0.0007990432409925445 0.6943444242488189
20417809.51155574 338702433.44060385 1693512.1672030194 0.009398337676713357 0.7037427619255323
20417809.51155574 338702433.44060385 1693512.1672030194 0.034817600018485474 0.7385603619440178
20417809.51155574 338702433.44060385 1693512.1672030194 0.0008718032299780485 0.7394321651739958
20417809.51155574 338702433.44060385 1693512.1672030194 0.0010145575854574006 0.7404467227594532
20417809.51155574 338702433.44060385 1693512.1672030194 0.024519207272651472 0.7649659300321047
20417809.51155574 338702433.44060385 1693512.1672030194 0.01503438630998244 0.7800003163420871
20417809.51155574 338702433.44060385 1693512.1672030194 0.008809005697743224 0.7888093220398303
20417809.51155574 338702433.44060385 1693512.1672030194 0.010460759082343353 0.7992700811221737
20417809.51155574 338702433.44060385 1693512.1672030194 0.0023232243613262593 0.8015933054834999
20417809.51155574 338702433.44060385 1693512.1672030194 0.005404639705993175 0.8069979451894931
20417809.51155574 338702433.44060385 1693512.1672030194 0.0015171728273958233 0.8085151180168889
20417809.51155574 338702433.44060385 1693512.1672030194 0.01802379190247562 0.8265389099193645
20417809.51155574 338702433.44060385 1693512.1672030194 0.0006404915743674019 0.8271794014937319
20417809.51155574 338702433.44060385 1693512.1672030194 0.006547006005464322 0.8337264074991962
20417809.51155574 338702433.44060385 1693512.1672030194 3.1048708440836646e-05 0.8337574562076371
20417809.51155574 338702433.44060385 1693512.1672030194 0.015734725498520997 0.849492181706158
20417809.51155574 338702433.44060385 1693512.1672030194 0.019387406154844848 0.8688795878610028
20417809.51155574 338702433.44060385 1693512.1672030194 0.0420540393145493 0.9109336271755522
20417809.51155574 338702433.44060385 1693512.1672030194 0.008435383256504793 0.919369010432057
20417809.51155574 338702433.44060385 1693512.1672030194 0.005404639705993175 0.9247736501380501
20417809.51155574 338702433.44060385 1693512.1672030194 0.014943908711032001 0.9397175588490821
20417809.51155574 338702433.44060385 1693512.1672030194 0.06028244115091746 0.9999999999999996
1301's generation extracting best parents:
0
0
699229.4586814832
0
0
0
766656.0
0
0
0
0
0
0
461475.8931948667
0
0
0
0
0
0
0
0
0
0
0
0
0
0
0
2838343.2574035157
1089210.7234139773
0
0
0
0
0
0
0
0
0
3388172.852733461
0
0
0
1198681.7411940503
5827453.673588835
0
0
0
0
0
0
843931.2114526872
0
0
0
0
0
0
0
0
0
0
0
0
0
0
0
0
5914624.0
0
0
0
0
0
211331.37247460443
0
0
0
0
0
3341442.390345822
0
0
0
0
0
0
0
493295.043559126
941932.736452025
0
0
358608.58044391515
0
513328.4924724128
0
4492645.463781
0
700906.868929104
0
3417894.5896817828
485793.7842500663
2057195.8428890526
0
2918058.8263734505
613532.3300364864
0
1122301.080288173
2558291.83010852
1367894.1331667448
613532.3300364864
196000.0
467783.02662666165
0
0
0
530966.6092552337
5605477.621873804
0
998358.9735160394
0
0
0
2507496.265201606
0
3043417.2129841154
0
631294.3576620973
0
1496632.561367018
613171.776219356
1840766.1225696218
5738485.882657202
5149970.28340941
7738718.19877168
0
613171.776219356
0
3746485.0708662914
4584033.892398266
3057772.4833610496
424064.5988525805
13168824.983527726
2450724.127681449
1037086.6803657252
3387110.9145772005
1101322.5111437612
323980.4154080922
1368958.728377156
9815062.126559567
218385.2935707897
193067.36229616852
0
2628379.61454277
4315809.792642859
4394365.084514486
2716872.6769548845
1328096.0
7653808.090558843
15551211.785136744
9702402.483851925
1192548.30540989
1380974.025192364
3759805.615809413
2618559.016888487
441980.0608534281
0
7657684.9138626745
2680390.238379479
1578395.0042292962
9022183.541989379
3746485.0708662914
265021.05576727295
11886289.052609144
2471574.766014575
5813776.84119093
270637.8901484417
3183239.841399325
11792805.852822645
295281.87547494343
343633.12306004495
8304715.169281605
5092183.228477153
2983631.6660177745
3543084.5568255917
786881.7446096968
1830564.6202895981
513870.12858892663
6104702.177195543
216936.05483644252
2217486.865801013
0
5329389.81586898
6566561.64274729
14243805.451844672
2857084.835982299
1830564.6202895981
5061538.245540776
20417809.51155574
