0 10 111 400 1169.4575665666541 467783.02662666165
1 2 35 16 207.06279240848656 3313.004678535785
2 0 50 0 1.0 0.0
3 1 24 4 117.57550765359255 470.3020306143702
4 1 53 4 5.196152422706632 20.784609690826528
5 2 36 16 216.0 3456.0
6 1 13 4 46.87216658103186 187.48866632412745
7 23 350 2116 6547.900426854398 13855357.303223906
8 0 50 0 1.0 0.0
9 3 71 36 598.2566338955214 21537.23882023877
10 9 122 324 1347.5340440968457 436601.030287378
11 1 54 4 8.0 32.0
12 3 82 36 181.01933598375618 6516.696095415223
13 0 5 0 11.180339887498949 0.0
14 1 56 4 14.696938456699069 58.787753826796276
15 12 214 576 3130.5501114021476 1803196.864167637
16 0 50 0 1.0 0.0
17 2 14 16 52.38320341483518 838.1312546373629
18 0 50 0 1.0 0.0
19 2 57 16 18.520259177452132 296.3241468392341
20 14 202 784 2870.959421517483 2250832.1864697067
21 11 440 484 2618.969262897142 1267581.1232422167
22 0 13 0 46.87216658103186 0.0
23 0 50 0 1.0 0.0
24 3 57 36 430.34056281043274 15492.26026117558
25 5 141 100 868.0846732894205 86808.46732894205
26 1 20 4 89.44271909999159 357.77087639996637
27 2 46 16 311.9871792237623 4991.794867580197
28 1 55 4 11.180339887498949 44.721359549995796
29 1 14 4 52.38320341483518 209.53281365934072
30 0 3 0 5.196152422706632 0.0
31 0 50 0 1.0 0.0
32 0 50 0 1.0 0.0
33 7 58 196 441.7148401401067 86576.10866746091
34 2 29 16 156.16977940690063 2498.71647051041
35 0 50 0 1.0 0.0
36 7 111 196 1169.4575665666541 229213.6830470642
37 20 303 1600 5274.289241215351 8438862.78594456
38 1 13 4 46.87216658103186 187.48866632412745
39 0 2 0 2.8284271247461903 0.0
40 0 50 0 1.0 0.0
41 21 395 1764 7850.469731168957 13848228.60578204
42 1 49 4 343.0 1372.0
43 6 100 144 1000.0 144000.0
44 0 50 0 1.0 0.0
45 2 80 16 164.31676725154983 2629.0682760247973
46 1 69 4 82.8190799272728 331.2763197090912
47 0 50 0 1.0 0.0
48 19 287 1444 4862.088337329958 7020855.55910446
49 0 5 0 11.180339887498949 0.0
50 0 50 0 1.0 0.0
51 2 22 16 103.18914671611545 1651.0263474578471
52 0 50 0 1.0 0.0
53 0 50 0 1.0 0.0
54 0 50 0 1.0 0.0
55 0 50 0 1.0 0.0
56 4 88 64 234.2477321128211 14991.85485522055
57 29 440 3364 9229.517863897334 31048098.094150633
58 17 245 1156 3834.8565814121393 4433094.208112434
59 1 11 4 36.4828726939094 145.9314907756376
60 0 50 0 1.0 0.0
61 1 52 4 2.8284271247461903 11.313708498984761
62 2 34 16 198.25236442474022 3172.0378307958435
63 0 50 0 1.0 0.0
64 18 280 1296 4685.296148590823 6072143.808573706
65 1 13 4 46.87216658103186 187.48866632412745
66 19 417 1444 8515.380966228111 12296210.115233392
67 0 6 0 14.696938456699069 0.0
68 0 50 0 1.0 0.0
69 0 50 0 1.0 0.0
70 18 294 1296 5041.049890647781 6533200.658279523
71 11 127 484 1431.21731403725 692709.179994029
72 1 22 4 103.18914671611545 412.7565868644618
73 0 50 0 1.0 0.0
74 0 50 0 1.0 0.0
75 0 50 0 1.0 0.0
76 0 50 0 1.0 0.0
77 0 50 0 1.0 0.0
78 0 50 0 1.0 0.0
79 0 5 0 11.180339887498949 0.0
80 0 50 0 1.0 0.0
81 0 50 0 1.0 0.0
82 5 108 100 441.7148401401067 44171.48401401067
83 1 22 4 103.18914671611545 412.7565868644618
84 1 12 4 41.569219381653056 166.27687752661222
85 27 417 2916 8515.380966228111 24830850.89752117
86 6 53 144 385.84582413186746 55561.79867498892
87 0 5 0 11.180339887498949 0.0
88 5 125 100 649.519052838329 64951.9052838329
89 2 22 16 103.18914671611545 1651.0263474578471
90 0 50 0 1.0 0.0
91 1 11 4 36.4828726939094 145.9314907756376
92 0 50 0 1.0 0.0
93 0 50 0 1.0 0.0
94 2 46 16 311.9871792237623 4991.794867580197
95 0 5 0 11.180339887498949 0.0
96 20 241 1600 3741.3261017986656 5986121.762877865
97 12 153 576 1892.505482158506 1090083.1577232995
98 2 63 16 46.87216658103186 749.9546652965098
99 6 71 144 598.2566338955214 86148.95528095508
100 10 177 400 2354.8318411300625 941932.736452025
101 3 86 36 216.0 7776.0
102 15 251 900 3976.5878589564695 3578929.0730608227
103 19 494 1444 3811.4018418424475 5503664.259620494
104 21 357 1764 6745.316375085753 11898738.085651267
105 4 107 64 430.34056281043274 27541.796019867696
106 27 404 2916 8120.299501865679 23678793.34744032
107 19 249 1444 3929.1537256768156 5673697.979877322
108 17 227 1156 3420.0998523434955 3953635.429309081
109 22 333 1936 6076.6797677679215 11764452.030398697
110 14 212 784 3086.7665930549397 2420025.0089550726
111 13 152 676 1873.9818569025688 1266811.7352661365
112 34 691 4624 18164.233289627173 83991414.73123604
113 25 356 2500 6716.994566024302 16792486.415060755
114 0 50 0 1.0 0.0
115 13 224 676 3352.5250185494515 2266306.912539429
116 1 9 4 27.0 108.0
117 23 338 2116 6214.054393067379 13148939.095730575
118 19 303 1444 5274.289241215351 7616073.664314967
119 19 420 1444 8607.438643406063 12429141.401078356
120 31 445 3844 9387.285283829398 36084724.63104021
121 11 401 484 1855.5190648441207 898071.2273845545
122 9 351 324 1015.0374377332099 328872.12982556
123 27 521 2916 11892.046123354887 34677206.49570285
124 18 263 1296 4265.143256679663 5527625.660656843
125 21 385 1764 7554.245495084205 13325689.053328536
126 22 405 1936 8150.467777986733 15779305.618182316
127 23 388 2116 7642.713654193777 16171982.092274033
128 19 327 1444 5913.187211648215 8538642.333620023
129 26 439 2704 9198.071482653308 24871585.289094545
130 17 217 1156 3196.609610196403 3695280.709387042
131 23 294 2116 5041.049890647781 10666861.568610704
132 28 498 3136 11113.324975001857 34851387.12160582
133 27 368 2916 7059.464002316323 20585397.0307544
134 29 459 3364 9833.746946103505 33080724.726692192
135 26 436 2704 9103.94727577 24617073.43368208
136 23 447 2116 9450.64140680409 19997557.216797456
137 20 375 1600 7261.843774138907 11618950.03862225
138 29 424 3364 8730.694359556976 29370055.825549666
139 20 443 1600 9324.07137467319 14918514.199477104
140 3 21 36 96.23408959407264 3464.427225386615
141 28 445 3136 9387.285283829398 29438526.650088992
142 20 384 1600 7524.832489829923 12039731.983727878
143 6 91 144 868.0846732894205 125004.19295367655
144 17 277 1156 4610.198802654827 5329389.81586898
145 12 187 576 2557.1865399301632 1472939.446999774
146 21 396 1764 7880.30050188443 13900850.085324135
147 26 358 2704 6773.677878375971 18316024.983128626
148 4 116 64 536.1865347059734 34315.938221182296
149 26 356 2704 6716.994566024302 18162753.306529712
150 20 359 1600 6802.0790204172135 10883326.432667542
151 22 445 1936 9387.285283829398 18173784.309493717
152 28 461 3136 9898.089765202172 31040409.50367401
153 19 225 1444 3375.0 4873500.0
154 21 329 1764 5967.519501434411 10526704.400530301
155 21 292 1764 4989.698187265438 8801827.602336232
156 24 441 2304 9261.0 21337344.0
157 23 341 2116 6296.969191603212 13324386.809432395
158 20 324 1600 5832.0 9331200.0
159 22 319 1936 5697.522180737868 11030402.941908514
160 15 200 900 2828.42712474619 2545584.4122715713
161 21 320 1764 5724.334022399462 10097725.21551265
162 20 268 1600 4387.349085723633 7019758.537157813
163 22 401 1936 8030.018742194815 15546116.284889162
164 29 535 3364 12374.585851655804 41628106.80497012
165 25 379 2500 7378.3425645601465 18445856.411400367
166 20 332 1600 6049.327896551815 9678924.634482903
167 22 322 1936 5778.083419266288 11186369.499699533
168 27 393 2916 7790.921447428411 22718326.940701246
169 26 423 2704 8699.825687908926 23524328.660105735
170 25 408 2500 8241.196029703455 20602990.074258637
171 29 477 3364 10417.837251560422 35045604.51424926
172 28 371 3136 7145.964665459801 22409745.190881934
173 18 233 1296 3556.5906427363834 4609341.472986353
174 35 581 4900 14004.390061691369 68621511.30228771
175 26 475 2704 10352.3849909091 27992849.01541821
176 15 218 900 3218.7314271308815 2896858.284417793
177 10 128 400 1448.1546878700494 579261.8751480198
178 17 304 1156 5300.421115345459 6127286.80933935
179 19 321 1444 5751.187790361222 8304715.169281605
180 26 399 2704 7970.018757819834 21550930.72114483
181 16 229 1024 3465.3988226465362 3548568.394390053
182 12 375 576 1397.5424859373686 804984.4718999243
183 17 488 1156 3671.68517168888 4244468.058472346
184 16 224 1024 3352.5250185494515 3432985.6189946383
185 27 425 2916 8761.599454437528 25548824.009139832
186 32 499 4096 11146.81564394065 45657356.8775809
187 21 259 1764 4168.21052731265 7352723.370179514
188 19 319 1444 5697.522180737868 8227222.028985482
189 20 277 1600 4610.198802654827 7376318.084247723
190 20 364 1600 6944.677386315364 11111483.818104582
191 16 247 1024 3881.9097104389225 3975075.5434894566
192 20 303 1600 5274.289241215351 8438862.78594456
193 24 376 2304 7290.910505554159 16798257.80479678
194 22 326 1936 5886.083247797299 11395457.167735571
195 23 468 2116 10124.387981502881 21423204.968860097
196 18 254 1296 4048.0938724293437 5246329.65866843
197 24 363 2304 6916.078874622527 15934645.727130303
198 29 407 3364 8210.91608774563 27621521.7191763
199 34 459 4624 9833.746946103505 45471245.87878261
3301's generation fitness ratios and roulette cutoffs:
83991414.73123604 1602716363.0594957 8013581.815297479 0.0002918688779926662 0.0002918688779926662
83991414.73123604 1602716363.0594957 8013581.815297479 2.06711852134051e-06 0.00029393599651400667
83991414.73123604 1602716363.0594957 8013581.815297479 0.0 0.00029393599651400667
83991414.73123604 1602716363.0594957 8013581.815297479 2.9344058715204604e-07 0.0002942294371011587
83991414.73123604 1602716363.0594957 8013581.815297479 1.2968364315660866e-08 0.0002942424054654744
83991414.73123604 1602716363.0594957 8013581.815297479 2.15633912503563e-06 0.00029639874459051003
83991414.73123604 1602716363.0594957 8013581.815297479 1.1698181327993813e-07 0.00029651572640378995
83991414.73123604 1602716363.0594957 8013581.815297479 0.008644921598463503 0.008941437324867293
83991414.73123604 1602716363.0594957 8013581.815297479 0.0 0.008941437324867293
83991414.73123604 1602716363.0594957 8013581.815297479 1.343796027584406e-05 0.008954875285143138
83991414.73123604 1602716363.0594957 8013581.815297479 0.0002724131607753296 0.009227288445918467
83991414.73123604 1602716363.0594957 8013581.815297479 1.9966103009589165e-08 0.009227308412021476
83991414.73123604 1602716363.0594957 8013581.815297479 4.0660320476014955e-06 0.009231374444069077
83991414.73123604 1602716363.0594957 8013581.815297479 0.0 0.009231374444069077
83991414.73123604 1602716363.0594957 8013581.815297479 3.6680073394005755e-08 0.00923141112414247
83991414.73123604 1602716363.0594957 8013581.815297479 0.00112508794801685 0.01035649907215932
83991414.73123604 1602716363.0594957 8013581.815297479 0.0 0.01035649907215932
83991414.73123604 1602716363.0594957 8013581.815297479 5.229442176764311e-07 0.010357022016376996
83991414.73123604 1602716363.0594957 8013581.815297479 0.0 0.010357022016376996
83991414.73123604 1602716363.0594957 8013581.815297479 1.848887012506492e-07 0.010357206905078246
83991414.73123604 1602716363.0594957 8013581.815297479 0.0014043858528860304 0.011761592757964276
83991414.73123604 1602716363.0594957 8013581.815297479 0.0007908954774895262 0.012552488235453803
83991414.73123604 1602716363.0594957 8013581.815297479 0.0 0.012552488235453803
83991414.73123604 1602716363.0594957 8013581.815297479 0.0 0.012552488235453803
83991414.73123604 1602716363.0594957 8013581.815297479 9.666252007062388e-06 0.012562154487460866
83991414.73123604 1602716363.0594957 8013581.815297479 5.4163337524819146e-05 0.012616317824985684
83991414.73123604 1602716363.0594957 8013581.815297479 2.2322781787602256e-07 0.01261654105280356
83991414.73123604 1602716363.0594957 8013581.815297479 3.114584079026398e-06 0.012619655636882587
83991414.73123604 1602716363.0594957 8013581.815297479 2.790347723450282e-08 0.01261968354035982
83991414.73123604 1602716363.0594957 8013581.815297479 1.3073605441910777e-07 0.01261981427641424
83991414.73123604 1602716363.0594957 8013581.815297479 0.0 0.01261981427641424
83991414.73123604 1602716363.0594957 8013581.815297479 0.0 0.01261981427641424
83991414.73123604 1602716363.0594957 8013581.815297479 0.0 0.01261981427641424
83991414.73123604 1602716363.0594957 8013581.815297479 5.401835949449719e-05 0.012673832635908738
83991414.73123604 1602716363.0594957 8013581.815297479 1.5590509513114975e-06 0.01267539168686005
83991414.73123604 1602716363.0594957 8013581.815297479 0.0 0.01267539168686005
83991414.73123604 1602716363.0594957 8013581.815297479 0.00014301575021640644 0.012818407437076455
83991414.73123604 1602716363.0594957 8013581.815297479 0.005265350114623678 0.018083757551700132
83991414.73123604 1602716363.0594957 8013581.815297479 1.1698181327993813e-07 0.018083874533513414
83991414.73123604 1602716363.0594957 8013581.815297479 0.0 0.018083874533513414
83991414.73123604 1602716363.0594957 8013581.815297479 0.0 0.018083874533513414
83991414.73123604 1602716363.0594957 8013581.815297479 0.008640473713855736 0.026724348247369148
83991414.73123604 1602716363.0594957 8013581.815297479 8.560466665361356e-07 0.026725204294035684
83991414.73123604 1602716363.0594957 8013581.815297479 8.984746354315125e-05 0.026815051757578836
83991414.73123604 1602716363.0594957 8013581.815297479 0.0 0.026815051757578836
83991414.73123604 1602716363.0594957 8013581.815297479 1.640382750573566e-06 0.02681669214032941
83991414.73123604 1602716363.0594957 8013581.815297479 2.0669678512341588e-07 0.026816898837114533
83991414.73123604 1602716363.0594957 8013581.815297479 0.0 0.026816898837114533
83991414.73123604 1602716363.0594957 8013581.815297479 0.00438059766589145 0.031197496503005982
83991414.73123604 1602716363.0594957 8013581.815297479 0.0 0.031197496503005982
83991414.73123604 1602716363.0594957 8013581.815297479 0.0 0.031197496503005982
83991414.73123604 1602716363.0594957 8013581.815297479 1.0301425664027853e-06 0.031198526645572384
83991414.73123604 1602716363.0594957 8013581.815297479 0.0 0.031198526645572384
83991414.73123604 1602716363.0594957 8013581.815297479 0.0 0.031198526645572384
83991414.73123604 1602716363.0594957 8013581.815297479 0.0 0.031198526645572384
83991414.73123604 1602716363.0594957 8013581.815297479 0.0 0.031198526645572384
83991414.73123604 1602716363.0594957 8013581.815297479 9.354028698254468e-06 0.03120788067427064
83991414.73123604 1602716363.0594957 8013581.815297479 0.019372172649988768 0.05058005332425941
83991414.73123604 1602716363.0594957 8013581.815297479 0.0027659879878245614 0.053346041312083974
83991414.73123604 1602716363.0594957 8013581.815297479 9.105259928654036e-08 0.05334613236468326
83991414.73123604 1602716363.0594957 8013581.815297479 0.0 0.05334613236468326
83991414.73123604 1602716363.0594957 8013581.815297479 7.059083415974818e-09 0.053346139423766675
83991414.73123604 1602716363.0594957 8013581.815297479 1.979163564999487e-06 0.053348118587331676
83991414.73123604 1602716363.0594957 8013581.815297479 0.0 0.053348118587331676
83991414.73123604 1602716363.0594957 8013581.815297479 0.003788657774094428 0.057136776361426105
83991414.73123604 1602716363.0594957 8013581.815297479 1.1698181327993813e-07 0.05713689334323938
83991414.73123604 1602716363.0594957 8013581.815297479 0.0076721061808844426 0.06480899952412382
83991414.73123604 1602716363.0594957 8013581.815297479 0.0 0.06480899952412382
83991414.73123604 1602716363.0594957 8013581.815297479 0.0 0.06480899952412382
83991414.73123604 1602716363.0594957 8013581.815297479 0.0 0.06480899952412382
83991414.73123604 1602716363.0594957 8013581.815297479 0.004076329916422647 0.06888532944054647
83991414.73123604 1602716363.0594957 8013581.815297479 0.00043220946385777583 0.06931753890440424
83991414.73123604 1602716363.0594957 8013581.815297479 2.575356416006963e-07 0.06931779644004585
83991414.73123604 1602716363.0594957 8013581.815297479 0.0 0.06931779644004585
83991414.73123604 1602716363.0594957 8013581.815297479 0.0 0.06931779644004585
83991414.73123604 1602716363.0594957 8013581.815297479 0.0 0.06931779644004585
83991414.73123604 1602716363.0594957 8013581.815297479 0.0 0.06931779644004585
83991414.73123604 1602716363.0594957 8013581.815297479 0.0 0.06931779644004585
83991414.73123604 1602716363.0594957 8013581.815297479 0.0 0.06931779644004585
83991414.73123604 1602716363.0594957 8013581.815297479 0.0 0.06931779644004585
83991414.73123604 1602716363.0594957 8013581.815297479 0.0 0.06931779644004585
83991414.73123604 1602716363.0594957 8013581.815297479 0.0 0.06931779644004585
83991414.73123604 1602716363.0594957 8013581.815297479 2.7560387497192442e-05 0.06934535682754304
83991414.73123604 1602716363.0594957 8013581.815297479 2.575356416006963e-07 0.06934561436318465
83991414.73123604 1602716363.0594957 8013581.815297479 1.0374691452528693e-07 0.06934571811009918
83991414.73123604 1602716363.0594957 8013581.815297479 0.015492978963614292 0.08483869707371347
83991414.73123604 1602716363.0594957 8013581.815297479 3.466726861696511e-05 0.08487336434233043
83991414.73123604 1602716363.0594957 8013581.815297479 0.0 0.08487336434233043
83991414.73123604 1602716363.0594957 8013581.815297479 4.05261384864402e-05 0.08491389048081688
83991414.73123604 1602716363.0594957 8013581.815297479 1.0301425664027853e-06 0.08491492062338328
83991414.73123604 1602716363.0594957 8013581.815297479 0.0 0.08491492062338328
83991414.73123604 1602716363.0594957 8013581.815297479 9.105259928654036e-08 0.08491501167598256
83991414.73123604 1602716363.0594957 8013581.815297479 0.0 0.08491501167598256
83991414.73123604 1602716363.0594957 8013581.815297479 0.0 0.08491501167598256
83991414.73123604 1602716363.0594957 8013581.815297479 3.114584079026398e-06 0.08491812626006158
83991414.73123604 1602716363.0594957 8013581.815297479 0.0 0.08491812626006158
83991414.73123604 1602716363.0594957 8013581.815297479 0.003734985117048842 0.08865311137711042
83991414.73123604 1602716363.0594957 8013581.815297479 0.000680147269253801 0.08933325864636422
83991414.73123604 1602716363.0594957 8013581.815297479 4.6792725311975254e-07 0.08933372657361735
83991414.73123604 1602716363.0594957 8013581.815297479 5.375184110337624e-05 0.08938747841472072
83991414.73123604 1602716363.0594957 8013581.815297479 0.0005877101888782918 0.08997518860359902
83991414.73123604 1602716363.0594957 8013581.815297479 4.851763031330168e-06 0.08998004036663035
83991414.73123604 1602716363.0594957 8013581.815297479 0.002233039579273308 0.09221307994590365
83991414.73123604 1602716363.0594957 8013581.815297479 0.0034339602355555336 0.09564704018145918
83991414.73123604 1602716363.0594957 8013581.815297479 0.007424107196944844 0.10307114737840403
83991414.73123604 1602716363.0594957 8013581.815297479 1.7184448012555355e-05 0.1030883318264166
83991414.73123604 1602716363.0594957 8013581.815297479 0.014774163347430255 0.11786249517384685
83991414.73123604 1602716363.0594957 8013581.815297479 0.003540051197235268 0.12140254637108212
83991414.73123604 1602716363.0594957 8013581.815297479 0.002466834132623325 0.12386938050370545
83991414.73123604 1602716363.0594957 8013581.815297479 0.007340320659072213 0.13120970116277766
83991414.73123604 1602716363.0594957 8013581.815297479 0.0015099521442055914 0.13271965330698327
83991414.73123604 1602716363.0594957 8013581.815297479 0.0007904154250025025 0.13351006873198576
83991414.73123604 1602716363.0594957 8013581.815297479 0.052405663701405744 0.1859157324333915
83991414.73123604 1602716363.0594957 8013581.815297479 0.01047751604844468 0.19639324848183617
83991414.73123604 1602716363.0594957 8013581.815297479 0.0 0.19639324848183617
83991414.73123604 1602716363.0594957 8013581.815297479 0.0014140411645970695 0.19780728964643324
83991414.73123604 1602716363.0594957 8013581.815297479 6.738559765736344e-08 0.1978073570320309
83991414.73123604 1602716363.0594957 8013581.815297479 0.00820415851413034 0.20601151554616123
83991414.73123604 1602716363.0594957 8013581.815297479 0.00475197847844787 0.21076349402460912
83991414.73123604 1602716363.0594957 8013581.815297479 0.007755047422958746 0.21851854144756785
83991414.73123604 1602716363.0594957 8013581.815297479 0.022514729033000256 0.2410332704805681
83991414.73123604 1602716363.0594957 8013581.815297479 0.0005603432073721309 0.24159361368794025
83991414.73123604 1602716363.0594957 8013581.815297479 0.00020519671315875353 0.241798810401099
83991414.73123604 1602716363.0594957 8013581.815297479 0.021636521155562426 0.26343533155666143
83991414.73123604 1602716363.0594957 8013581.815297479 0.003448910729347591 0.26688424228600904
83991414.73123604 1602716363.0594957 8013581.815297479 0.00831444000976601 0.27519868229577504
83991414.73123604 1602716363.0594957 8013581.815297479 0.009845351293513037 0.2850440335892881
83991414.73123604 1602716363.0594957 8013581.815297479 0.010090358135111709 0.2951343917243998
83991414.73123604 1602716363.0594957 8013581.815297479 0.0053276066373467565 0.3004619983617466
83991414.73123604 1602716363.0594957 8013581.815297479 0.015518394809182632 0.31598039317092924
83991414.73123604 1602716363.0594957 8013581.815297479 0.002305636102905294 0.31828602927383454
83991414.73123604 1602716363.0594957 8013581.815297479 0.006655489277122162 0.3249415185509567
83991414.73123604 1602716363.0594957 8013581.815297479 0.021745199540532847 0.34668671809148954
83991414.73123604 1602716363.0594957 8013581.815297479 0.012844067425291665 0.3595307855167812
83991414.73123604 1602716363.0594957 8013581.815297479 0.02064041117265624 0.38017119668943744
83991414.73123604 1602716363.0594957 8013581.815297479 0.015359594499109916 0.39553079118854734
83991414.73123604 1602716363.0594957 8013581.815297479 0.012477290229085352 0.4080080814176327
83991414.73123604 1602716363.0594957 8013581.815297479 0.007249536041700059 0.4152576174593327
83991414.73123604 1602716363.0594957 8013581.815297479 0.018325173750322155 0.43358279120965487
83991414.73123604 1602716363.0594957 8013581.815297479 0.00930826847677433 0.4428910596864292
83991414.73123604 1602716363.0594957 8013581.815297479 2.1615972141029484e-06 0.44289322128364333
83991414.73123604 1602716363.0594957 8013581.815297479 0.018367895485819147 0.46126111676946246
83991414.73123604 1602716363.0594957 8013581.815297479 0.007512079031092379 0.4687731958005548
83991414.73123604 1602716363.0594957 8013581.815297479 7.799520603573958e-05 0.46885119100659056
83991414.73123604 1602716363.0594957 8013581.815297479 0.0033252233138092342 0.4721764143203998
83991414.73123604 1602716363.0594957 8013581.815297479 0.0009190268976776497 0.47309544121807745
83991414.73123604 1602716363.0594957 8013581.815297479 0.008673306397638688 0.48176874761571614
83991414.73123604 1602716363.0594957 8013581.815297479 0.011428113798104838 0.49319686141382096
83991414.73123604 1602716363.0594957 8013581.815297479 2.1411111168588243e-05 0.49321827252498956
83991414.73123604 1602716363.0594957 8013581.815297479 0.011332481357997765 0.5045507538829873
83991414.73123604 1602716363.0594957 8013581.815297479 0.0067905505200507735 0.511341304403038
83991414.73123604 1602716363.0594957 8013581.815297479 0.011339364049918964 0.522680668452957
83991414.73123604 1602716363.0594957 8013581.815297479 0.019367375425318308 0.5420480438782753
83991414.73123604 1602716363.0594957 8013581.815297479 0.0030407750942885252 0.5450888189725639
83991414.73123604 1602716363.0594957 8013581.815297479 0.006568039512890112 0.551656858485454
83991414.73123604 1602716363.0594957 8013581.815297479 0.005491818643152826 0.5571486771286068
83991414.73123604 1602716363.0594957 8013581.815297479 0.013313237757969979 0.5704619148865768
83991414.73123604 1602716363.0594957 8013581.815297479 0.008313627486773072 0.5787755423733499
83991414.73123604 1602716363.0594957 8013581.815297479 0.005822115637596201 0.5845976580109461
83991414.73123604 1602716363.0594957 8013581.815297479 0.0068823175429819 0.591479975553928
83991414.73123604 1602716363.0594957 8013581.815297479 0.001588293768594334 0.5930682693225223
83991414.73123604 1602716363.0594957 8013581.815297479 0.006300381931732861 0.5993686512542552
83991414.73123604 1602716363.0594957 8013581.815297479 0.004379913189229245 0.6037485644434845
83991414.73123604 1602716363.0594957 8013581.815297479 0.009699854973223395 0.6134484194167078
83991414.73123604 1602716363.0594957 8013581.815297479 0.025973470892569163 0.639421890309277
83991414.73123604 1602716363.0594957 8013581.815297479 0.011509120912815952 0.650931011222093
83991414.73123604 1602716363.0594957 8013581.815297479 0.006039075196066744 0.6569700864181597
83991414.73123604 1602716363.0594957 8013581.815297479 0.006979631429197729 0.6639497178473575
83991414.73123604 1602716363.0594957 8013581.815297479 0.01417488924698643 0.6781246070943439
83991414.73123604 1602716363.0594957 8013581.815297479 0.014677786539346932 0.6928023936336908
83991414.73123604 1602716363.0594957 8013581.815297479 0.012855044441505972 0.7056574380751968
83991414.73123604 1602716363.0594957 8013581.815297479 0.021866379680150743 0.7275238177553475
83991414.73123604 1602716363.0594957 8013581.815297479 0.013982352528118566 0.741506170283466
83991414.73123604 1602716363.0594957 8013581.815297479 0.0028759558330005305 0.7443821261164665
83991414.73123604 1602716363.0594957 8013581.815297479 0.04281575510422386 0.7871978812206903
83991414.73123604 1602716363.0594957 8013581.815297479 0.017465878342928644 0.804663759563619
83991414.73123604 1602716363.0594957 8013581.815297479 0.0018074678409646066 0.8064712274045837
83991414.73123604 1602716363.0594957 8013581.815297479 0.00036142507089791066 0.8068326524754815
83991414.73123604 1602716363.0594957 8013581.815297479 0.0038230637376426998 0.8106557162131243
83991414.73123604 1602716363.0594957 8013581.815297479 0.005181649954224195 0.8158373661673485
83991414.73123604 1602716363.0594957 8013581.815297479 0.013446503210340544 0.829283869377689
83991414.73123604 1602716363.0594957 8013581.815297479 0.0022140963155926324 0.8314979656932817
83991414.73123604 1602716363.0594957 8013581.815297479 0.0005022625902210508 0.8320002282835027
83991414.73123604 1602716363.0594957 8013581.815297479 0.002648296452386556 0.8346485247358892
83991414.73123604 1602716363.0594957 8013581.815297479 0.0021419795156026617 0.8367905042514919
83991414.73123604 1602716363.0594957 8013581.815297479 0.01594095162313596 0.8527314558746278
83991414.73123604 1602716363.0594957 8013581.815297479 0.028487484080104833 0.8812189399547327
83991414.73123604 1602716363.0594957 8013581.815297479 0.004587663506563056 0.8858066034612957
83991414.73123604 1602716363.0594957 8013581.815297479 0.005133298828546416 0.8909399022898421
83991414.73123604 1602716363.0594957 8013581.815297479 0.004602385209424546 0.8955422874992667
83991414.73123604 1602716363.0594957 8013581.815297479 0.006932907203176851 0.9024751947024435
83991414.73123604 1602716363.0594957 8013581.815297479 0.0024802114928815355 0.9049554061953251
83991414.73123604 1602716363.0594957 8013581.815297479 0.005265350114623678 0.9102207563099488
83991414.73123604 1602716363.0594957 8013581.815297479 0.01048111705350649 0.9207018733634553
83991414.73123604 1602716363.0594957 8013581.815297479 0.007110089739136551 0.9278119631025918
83991414.73123604 1602716363.0594957 8013581.815297479 0.013366809912618849 0.9411787730152107
83991414.73123604 1602716363.0594957 8013581.815297479 0.003273398699601145 0.9444521717148119
83991414.73123604 1602716363.0594957 8013581.815297479 0.009942274312787297 0.9543944460275992
83991414.73123604 1602716363.0594957 8013581.815297479 0.017234192122708703 0.9716286381503079
83991414.73123604 1602716363.0594957 8013581.815297479 0.028371361849691575 0.9999999999999994
3301's generation extracting best parents:
0
0
0
0
0
0
0
13855357.303223906
0
0
0
0
0
0
0
1803196.864167637
0
0
0
0
2250832.1864697067
0
0
0
0
0
0
0
0
0
0
0
0
0
0
0
0
8438862.78594456
0
0
0
13848228.60578204
0
0
0
0
0
0
7020855.55910446
0
0
0
0
0
0
0
0
31048098.094150633
4433094.208112434
0
0
0
0
0
6072143.808573706
0
12296210.115233392
0
0
0
6533200.658279523
0
0
0
0
0
0
0
0
0
0
0
0
0
0
24830850.89752117
0
0
0
0
0
0
0
0
0
0
5986121.762877865
0
0
0
0
0
3578929.0730608227
5503664.259620494
11898738.085651267
0
23678793.34744032
5673697.979877322
3953635.429309081
11764452.030398697
2420025.0089550726
0
83991414.73123604
16792486.415060755
0
2266306.912539429
0
13148939.095730575
7616073.664314967
12429141.401078356
36084724.63104021
0
0
34677206.49570285
5527625.660656843
13325689.053328536
15779305.618182316
16171982.092274033
8538642.333620023
24871585.289094545
3695280.709387042
10666861.568610704
34851387.12160582
20585397.0307544
33080724.726692192
24617073.43368208
19997557.216797456
11618950.03862225
29370055.825549666
14918514.199477104
0
29438526.650088992
12039731.983727878
0
5329389.81586898
1472939.446999774
13900850.085324135
18316024.983128626
0
18162753.306529712
10883326.432667542
18173784.309493717
31040409.50367401
4873500.0
10526704.400530301
8801827.602336232
21337344.0
13324386.809432395
9331200.0
11030402.941908514
2545584.4122715713
10097725.21551265
7019758.537157813
15546116.284889162
41628106.80497012
18445856.411400367
9678924.634482903
11186369.499699533
22718326.940701246
23524328.660105735
20602990.074258637
35045604.51424926
22409745.190881934
4609341.472986353
68621511.30228771
27992849.01541821
2896858.284417793
0
6127286.80933935
8304715.169281605
21550930.72114483
3548568.394390053
0
4244468.058472346
3432985.6189946383
25548824.009139832
45657356.8775809
7352723.370179514
8227222.028985482
7376318.084247723
11111483.818104582
3975075.5434894566
8438862.78594456
16798257.80479678
11395457.167735571
21423204.968860097
5246329.65866843
15934645.727130303
27621521.7191763
45471245.87878261
