0 12 158 576 1986.0292042162926 1143952.8216285845
1 1 56 4 14.696938456699069 58.787753826796276
2 18 264 1296 4289.492277647787 5559181.991831532
3 1 14 4 52.38320341483518 209.53281365934072
4 21 322 1764 5778.083419266288 10192539.151585732
5 24 335 2304 6131.506747937247 14126991.547247417
6 1 14 4 52.38320341483518 209.53281365934072
7 1 2 4 2.8284271247461903 11.313708498984761
8 0 10 0 31.622776601683793 0.0
9 15 251 900 3976.5878589564695 3578929.0730608227
10 0 5 0 11.180339887498949 0.0
11 1 11 4 36.4828726939094 145.9314907756376
12 1 33 4 189.57056733575496 758.2822693430198
13 0 50 0 1.0 0.0
14 3 112 36 488.18848818873226 17574.78557479436
15 4 36 64 216.0 13824.0
16 3 36 36 216.0 7776.0
17 7 92 196 882.4330002895404 172956.86805674993
18 0 50 0 1.0 0.0
19 4 58 64 441.7148401401067 28269.749768966827
20 0 50 0 1.0 0.0
21 22 368 1936 7059.464002316323 13667122.308484402
22 0 50 0 1.0 0.0
23 2 60 16 31.622776601683793 505.9644256269407
24 3 76 36 662.5526394181824 23851.895019054566
25 0 50 0 1.0 0.0
26 2 28 16 148.16207341961706 2370.593174713873
27 12 174 576 2295.2176367394877 1322045.3587619448
28 0 6 0 14.696938456699069 0.0
29 3 37 36 225.06221362103412 8102.239690357228
30 0 6 0 14.696938456699069 0.0
31 0 14 0 52.38320341483518 0.0
32 0 50 0 1.0 0.0
33 16 247 1024 3881.9097104389225 3975075.5434894566
34 25 358 2500 6773.677878375971 16934194.69593993
35 0 50 0 1.0 0.0
36 1 11 4 36.4828726939094 145.9314907756376
37 1 16 4 64.0 256.0
38 0 50 0 1.0 0.0
39 25 317 2500 5644.024539280459 14110061.348201148
40 1 4 4 8.0 32.0
41 0 50 0 1.0 0.0
42 0 14 0 52.38320341483518 0.0
43 0 50 0 1.0 0.0
44 0 5 0 11.180339887498949 0.0
45 0 50 0 1.0 0.0
46 1 13 4 46.87216658103186 187.48866632412745
47 2 78 16 148.16207341961706 2370.593174713873
48 0 2 0 2.8284271247461903 0.0
49 6 363 144 1201.2064768390153 172973.7326648182
50 9 112 324 1185.2965873569365 384036.0943036474
51 1 16 4 64.0 256.0
52 0 50 0 1.0 0.0
53 0 50 0 1.0 0.0
54 3 36 36 216.0 7776.0
55 10 417 400 2158.1156132144542 863246.2452857817
56 0 50 0 1.0 0.0
57 4 97 64 955.3392067742221 61141.70923355022
58 1 28 4 148.16207341961706 592.6482936784682
59 22 361 1936 6859.0 13279024.0
60 8 149 256 1818.7767867443217 465606.85740654636
61 15 193 900 2681.2416899638124 2413117.5209674314
62 4 62 64 488.18848818873226 31244.063244078865
63 1 13 4 46.87216658103186 187.48866632412745
64 8 119 256 1298.13674164165 332323.0058602624
65 2 31 16 172.60069524773067 2761.6111239636907
66 2 27 16 140.29611541307906 2244.737846609265
67 0 50 0 1.0 0.0
68 22 330 1936 5994.747701113033 11605831.549354833
69 9 380 324 1482.2280526288794 480241.88905175694
70 1 34 4 198.25236442474022 793.0094576989609
71 1 58 4 22.627416997969522 90.50966799187809
72 7 363 196 1201.2064768390153 235436.469460447
73 0 50 0 1.0 0.0
74 1 21 4 96.23408959407264 384.93635837629057
75 1 14 4 52.38320341483518 209.53281365934072
76 1 55 4 11.180339887498949 44.721359549995796
77 6 320 144 585.6620185738528 84335.33067463481
78 2 59 16 27.0 432.0
79 0 3 0 5.196152422706632 0.0
80 3 39 36 243.55492193753753 8767.977189751351
81 4 61 64 476.42523023030594 30491.21473473958
82 0 50 0 1.0 0.0
83 5 114 100 512.0 51200.0
84 0 50 0 1.0 0.0
85 0 5 0 11.180339887498949 0.0
86 0 50 0 1.0 0.0
87 8 203 256 2892.3047903013266 740430.0263171396
88 20 314 1600 5564.094176054176 8902550.681686683
89 1 15 4 58.09475019311125 232.379000772445
90 0 50 0 1.0 0.0
91 4 47 64 322.21576621884907 20621.80903800634
92 0 9 0 27.0 0.0
93 2 20 16 89.44271909999159 1431.0835055998655
94 14 236 784 3625.500792993983 2842392.6217072825
95 2 61 16 36.4828726939094 583.7259631025504
96 4 47 64 322.21576621884907 20621.80903800634
97 0 50 0 1.0 0.0
98 20 309 1600 5431.724311855306 8690758.89896849
99 6 73 144 623.7122734081797 89814.56737077788
100 21 415 1764 8454.192746797295 14913196.005350428
101 20 285 1600 4811.353759598228 7698166.015357165
102 4 62 64 488.18848818873226 31244.063244078865
103 0 50 0 1.0 0.0
104 22 455 1936 7970.018757819834 15429956.315139199
105 21 324 1764 5832.0 10287648.0
106 15 492 900 3764.636503037179 3388172.852733461
107 15 297 900 5118.405318065384 4606564.786258846
108 19 299 1444 5170.1933232713845 7465759.158803879
109 2 33 16 189.57056733575496 3033.1290773720793
110 0 50 0 1.0 0.0
111 20 304 1600 5300.421115345459 8480673.784552734
112 16 364 1024 6944.677386315364 7111349.643586933
113 23 352 2116 6604.1053898313885 13974287.004883219
114 8 144 256 1728.0 442368.0
115 1 15 4 58.09475019311125 232.379000772445
116 19 294 1444 5041.049890647781 7279276.042095395
117 3 34 36 198.25236442474022 7137.085119290648
118 24 419 2304 8576.716096502203 19760753.886341076
119 23 359 2116 6802.0790204172135 14393199.207202824
120 14 218 784 3218.7314271308815 2523485.438870611
121 14 202 784 2870.959421517483 2250832.1864697067
122 24 353 2304 6632.267862503745 15280745.155208629
123 8 101 256 1015.0374377332099 259849.58405970174
124 18 244 1296 3811.4018418424475 4939576.787027812
125 26 384 2704 7524.832489829923 20347147.052500114
126 14 189 784 2598.3204190399615 2037083.2085273298
127 23 352 2116 6604.1053898313885 13974287.004883219
128 24 361 2304 6859.0 15803136.0
129 21 341 1764 6296.969191603212 11107853.653988065
130 12 203 576 2892.3047903013266 1665967.5592135643
131 16 262 1024 4240.840482734525 4342620.654320153
132 11 102 484 1030.1495037129318 498592.35979705903
133 14 197 784 2765.0267629807854 2167780.9821769358
134 17 262 1156 4240.840482734525 4902411.598041111
135 14 215 784 3152.518834202264 2471574.766014575
136 18 302 1296 5248.200453488796 6801667.787721479
137 11 199 484 2807.240459953511 1358704.3826174994
138 18 305 1296 5326.596004954759 6903268.422421368
139 11 187 484 2557.1865399301632 1237678.285326199
140 20 306 1600 5352.813839467985 8564502.143148776
141 22 413 1936 8393.15179178835 16249141.868902246
142 22 327 1936 5913.187211648215 11447930.441750946
143 11 140 484 1656.5023392678925 801747.13220566
144 6 101 144 1015.0374377332099 146165.39103358221
145 14 218 784 3218.7314271308815 2523485.438870611
146 16 286 1024 4836.6988742323 4952779.647213875
147 21 366 1764 7001.992287913491 12351514.395879399
148 19 276 1444 4585.256372330778 6621110.2016456425
149 21 292 1764 4989.698187265438 8801827.602336232
150 17 285 1156 4811.353759598228 5561924.946095551
151 3 11 36 36.4828726939094 1313.3834169807383
152 21 366 1764 7001.992287913491 12351514.395879399
153 16 245 1024 3834.8565814121393 3926893.1393660307
154 12 185 576 2516.272044116057 1449372.6974108487
155 17 305 1156 5326.596004954759 6157544.981727702
156 20 424 1600 8730.694359556976 13969110.97529116
157 17 314 1156 5564.094176054176 6432092.867518628
158 10 141 400 1674.2822342723464 669712.8937089385
159 13 214 676 3130.5501114021476 2116251.875307852
160 24 313 2304 5537.535282054643 12758481.289853897
161 19 386 1444 7583.6967238939615 10950858.069302881
162 25 389 2500 7672.279257169932 19180698.14292483
163 20 340 1600 6269.290230959164 10030864.369534662
164 17 190 1156 2618.969262897142 3027528.4679090963
165 19 319 1444 5697.522180737868 8227222.028985482
166 14 185 784 2516.272044116057 1972757.2825869885
167 13 209 676 3021.4779496134006 2042519.0939386587
168 20 279 1600 4660.218771688728 7456350.034701966
169 21 330 1764 5994.747701113033 10574734.94476339
170 20 252 1600 4000.375982329661 6400601.571727457
171 19 311 1444 5484.544739538552 7919682.603893668
172 19 303 1444 5274.289241215351 7616073.664314967
173 23 450 2116 9545.941546018392 20199212.311374918
174 29 640 3364 16190.861620062102 54466058.489888914
175 21 335 1764 6131.506747937247 10815977.903361304
176 9 123 324 1364.1359902883582 441980.0608534281
177 24 315 2304 5590.695395029137 12880962.190147132
178 12 203 576 2892.3047903013266 1665967.5592135643
179 17 232 1156 3533.7187211208534 4084978.8416157067
180 17 289 1156 4913.0 5679428.0
181 23 330 2116 5994.747701113033 12684886.135555178
182 15 202 900 2870.959421517483 2583863.479365735
183 22 289 1936 4913.0 9511568.0
184 24 347 2304 6463.8937955384135 14892811.304920506
185 14 193 784 2681.2416899638124 2102093.484931629
186 20 451 1600 9577.77902229948 15324446.43567917
187 19 283 1444 4760.7968870767845 6874590.704938876
188 19 245 1444 3834.8565814121393 5537532.90355913
189 25 495 2500 11013.054753337059 27532636.883342646
190 25 457 2500 9769.544155179401 24423860.3879485
191 11 210 484 3043.189116699782 1472903.5324826946
192 16 279 1024 4660.218771688728 4772064.022209258
193 24 391 2304 7731.524493914509 17813432.433979027
194 21 349 1764 6519.858050602023 11501029.601261968
195 19 363 1444 6916.078874622527 9986817.89495493
196 14 171 784 2236.1151580363658 1753114.2839005108
197 10 169 400 2197.0 878800.0
198 15 183 900 2475.578114299769 2228020.302869792
199 20 303 1600 5274.289241215351 8438862.78594456
2001's generation fitness ratios and roulette cutoffs:
54466058.489888914 916663427.9331177 4583317.139665589 0.0012479529419079764 0.0012479529419079764
54466058.489888914 916663427.9331177 4583317.139665589 6.41323216737797e-08 0.0012480170742296501
54466058.489888914 916663427.9331177 4583317.139665589 0.006064583600074797 0.007312600674304447
54466058.489888914 916663427.9331177 4583317.139665589 2.2858205888260746e-07 0.00731282925636333
54466058.489888914 916663427.9331177 4583317.139665589 0.011119172905771699 0.01843200216213503
54466058.489888914 916663427.9331177 4583317.139665589 0.01541131795679991 0.03384332011893494
54466058.489888914 916663427.9331177 4583317.139665589 2.2858205888260746e-07 0.03384354870099383
54466058.489888914 916663427.9331177 4583317.139665589 1.2342271060704126e-08 0.033843561043264886
54466058.489888914 916663427.9331177 4583317.139665589 0.0 0.033843561043264886
54466058.489888914 916663427.9331177 4583317.139665589 0.003904300056052799 0.03774786109931769
54466058.489888914 916663427.9331177 4583317.139665589 0.0 0.03774786109931769
54466058.489888914 916663427.9331177 4583317.139665589 1.5919855241163298e-07 0.0377480202978701
54466058.489888914 916663427.9331177 4583317.139665589 8.272199438050954e-07 0.037748847517813905
54466058.489888914 916663427.9331177 4583317.139665589 0.0 0.037748847517813905
54466058.489888914 916663427.9331177 4583317.139665589 1.9172561094121305e-05 0.037768020078908025
54466058.489888914 916663427.9331177 4583317.139665589 1.5080780555596286e-05 0.03778310085946362
54466058.489888914 916663427.9331177 4583317.139665589 8.482939062522912e-06 0.037791583798526145
54466058.489888914 916663427.9331177 4583317.139665589 0.00018868088633876352 0.03798026468486491
54466058.489888914 916663427.9331177 4583317.139665589 0.0 0.03798026468486491
54466058.489888914 916663427.9331177 4583317.139665589 3.083983598288538e-05 0.03801110452084779
54466058.489888914 916663427.9331177 4583317.139665589 0.0 0.03801110452084779
54466058.489888914 916663427.9331177 4583317.139665589 0.01490964065109576 0.052920745171943555
54466058.489888914 916663427.9331177 4583317.139665589 0.0 0.052920745171943555
54466058.489888914 916663427.9331177 4583317.139665589 5.519631417692571e-07 0.052921297135085324
54466058.489888914 916663427.9331177 4583317.139665589 2.60203410458248e-05 0.05294731747613115
54466058.489888914 916663427.9331177 4583317.139665589 0.0 0.05294731747613115
54466058.489888914 916663427.9331177 4583317.139665589 2.586110782295591e-06 0.05294990358691345
54466058.489888914 916663427.9331177 4583317.139665589 0.0014422363961251051 0.05439213998303855
54466058.489888914 916663427.9331177 4583317.139665589 0.0 0.05439213998303855
54466058.489888914 916663427.9331177 4583317.139665589 8.838838163998826e-06 0.05440097882120255
54466058.489888914 916663427.9331177 4583317.139665589 0.0 0.05440097882120255
54466058.489888914 916663427.9331177 4583317.139665589 0.0 0.05440097882120255
54466058.489888914 916663427.9331177 4583317.139665589 0.0 0.05440097882120255
54466058.489888914 916663427.9331177 4583317.139665589 0.004336461368871682 0.058737440190074236
54466058.489888914 916663427.9331177 4583317.139665589 0.0184737322117486 0.07721117240182283
54466058.489888914 916663427.9331177 4583317.139665589 0.0 0.07721117240182283
54466058.489888914 916663427.9331177 4583317.139665589 1.5919855241163298e-07 0.07721133160037524
54466058.489888914 916663427.9331177 4583317.139665589 2.7927371399252383e-07 0.07721161087408923
54466058.489888914 916663427.9331177 4583317.139665589 0.0 0.07721161087408923
54466058.489888914 916663427.9331177 4583317.139665589 0.015392848583494111 0.09260445945758335
54466058.489888914 916663427.9331177 4583317.139665589 3.490921424906548e-08 0.0926044943667976
54466058.489888914 916663427.9331177 4583317.139665589 0.0 0.0926044943667976
54466058.489888914 916663427.9331177 4583317.139665589 0.0 0.0926044943667976
54466058.489888914 916663427.9331177 4583317.139665589 0.0 0.0926044943667976
54466058.489888914 916663427.9331177 4583317.139665589 0.0 0.0926044943667976
54466058.489888914 916663427.9331177 4583317.139665589 0.0 0.0926044943667976
54466058.489888914 916663427.9331177 4583317.139665589 2.0453381318689102e-07 0.0926046989006108
54466058.489888914 916663427.9331177 4583317.139665589 2.586110782295591e-06 0.09260728501139309
54466058.489888914 916663427.9331177 4583317.139665589 0.0 0.09260728501139309
54466058.489888914 916663427.9331177 4583317.139665589 0.00018869928415802232 0.09279598429555111
54466058.489888914 916663427.9331177 4583317.139665589 0.00041894994673188565 0.093214934242283
54466058.489888914 916663427.9331177 4583317.139665589 2.7927371399252383e-07 0.09321521351599699
54466058.489888914 916663427.9331177 4583317.139665589 0.0 0.09321521351599699
54466058.489888914 916663427.9331177 4583317.139665589 0.0 0.09321521351599699
54466058.489888914 916663427.9331177 4583317.139665589 8.482939062522912e-06 0.09322369645505951
54466058.489888914 916663427.9331177 4583317.139665589 0.0009417265039494588 0.09416542295900897
54466058.489888914 916663427.9331177 4583317.139665589 0.0 0.09416542295900897
54466058.489888914 916663427.9331177 4583317.139665589 6.670028209962717e-05 0.09423212324110859
54466058.489888914 916663427.9331177 4583317.139665589 6.465276955738977e-07 0.09423276976880417
54466058.489888914 916663427.9331177 4583317.139665589 0.014486259182327576 0.10871902895113174
54466058.489888914 916663427.9331177 4583317.139665589 0.0005079365481574752 0.10922696549928922
54466058.489888914 916663427.9331177 4583317.139665589 0.002632501142113307 0.11185946664140252
54466058.489888914 916663427.9331177 4583317.139665589 3.408455305621565e-05 0.11189355119445873
54466058.489888914 916663427.9331177 4583317.139665589 2.0453381318689102e-07 0.11189375572827193
54466058.489888914 916663427.9331177 4583317.139665589 0.0003625354691084169 0.11225629119738034
54466058.489888914 916663427.9331177 4583317.139665589 3.012677324970344e-06 0.11225930387470531
54466058.489888914 916663427.9331177 4583317.139665589 2.4488135756333972e-06 0.11226175268828095
54466058.489888914 916663427.9331177 4583317.139665589 0.0 0.11226175268828095
54466058.489888914 916663427.9331177 4583317.139665589 0.012660951877968481 0.12492270456624943
54466058.489888914 916663427.9331177 4583317.139665589 0.0005239020936338661 0.1254466066598833
54466058.489888914 916663427.9331177 4583317.139665589 8.651042831358829e-07 0.12544747176416643
54466058.489888914 916663427.9331177 4583317.139665589 9.873816848563301e-08 0.1254475705023349
54466058.489888914 916663427.9331177 4583317.139665589 0.00025684069232619706 0.1257044111946611
54466058.489888914 916663427.9331177 4583317.139665589 0.0 0.1257044111946611
54466058.489888914 916663427.9331177 4583317.139665589 4.199320564629056e-07 0.12570483112671757
54466058.489888914 916663427.9331177 4583317.139665589 2.2858205888260746e-07 0.12570505970877646
54466058.489888914 916663427.9331177 4583317.139665589 4.878711006375918e-08 0.12570510849588654
54466058.489888914 916663427.9331177 4583317.139665589 9.200250397770658e-05 0.12579711099986424
54466058.489888914 916663427.9331177 4583317.139665589 4.7127439236238394e-07 0.1257975822742566
54466058.489888914 916663427.9331177 4583317.139665589 0.0 0.1257975822742566
54466058.489888914 916663427.9331177 4583317.139665589 9.565099820248405e-06 0.12580714737407686
54466058.489888914 916663427.9331177 4583317.139665589 3.326326087154019e-05 0.1258404106349484
54466058.489888914 916663427.9331177 4583317.139665589 0.0 0.1258404106349484
54466058.489888914 916663427.9331177 4583317.139665589 5.585474279850476e-05 0.12589626537774692
54466058.489888914 916663427.9331177 4583317.139665589 0.0 0.12589626537774692
54466058.489888914 916663427.9331177 4583317.139665589 0.0 0.12589626537774692
54466058.489888914 916663427.9331177 4583317.139665589 0.0 0.12589626537774692
54466058.489888914 916663427.9331177 4583317.139665589 0.0008077447007858193 0.12670401007853274
54466058.489888914 916663427.9331177 4583317.139665589 0.009711907784692636 0.13641591786322538
54466058.489888914 916663427.9331177 4583317.139665589 2.5350526015465737e-07 0.13641617136848552
54466058.489888914 916663427.9331177 4583317.139665589 0.0 0.13641617136848552
54466058.489888914 916663427.9331177 4583317.139665589 2.2496598434721193e-05 0.13643866796692025
54466058.489888914 916663427.9331177 4583317.139665589 0.0 0.13643866796692025
54466058.489888914 916663427.9331177 4583317.139665589 1.5611875220402938e-06 0.1364402291544423
54466058.489888914 916663427.9331177 4583317.139665589 0.0031008029065982016 0.1395410320610405
54466058.489888914 916663427.9331177 4583317.139665589 6.367942096465319e-07 0.13954166885525013
54466058.489888914 916663427.9331177 4583317.139665589 2.2496598434721193e-05 0.13956416545368486
54466058.489888914 916663427.9331177 4583317.139665589 0.0 0.13956416545368486
54466058.489888914 916663427.9331177 4583317.139665589 0.009480861387220731 0.1490450268409056
54466058.489888914 916663427.9331177 4583317.139665589 9.797987421980033e-05 0.1491430067151254
54466058.489888914 916663427.9331177 4583317.139665589 0.01626899857778392 0.1654120052929093
54466058.489888914 916663427.9331177 4583317.139665589 0.008398028961093061 0.17381003425400238
54466058.489888914 916663427.9331177 4583317.139665589 3.408455305621565e-05 0.1738441188070586
54466058.489888914 916663427.9331177 4583317.139665589 0.0 0.1738441188070586
54466058.489888914 916663427.9331177 4583317.139665589 0.0168327390893411 0.1906768578963997
54466058.489888914 916663427.9331177 4583317.139665589 0.011222928379717811 0.20189978627611752
54466058.489888914 916663427.9331177 4583317.139665589 0.003696201625904368 0.20559598790202188
54466058.489888914 916663427.9331177 4583317.139665589 0.005025361158615955 0.21062134906063784
54466058.489888914 916663427.9331177 4583317.139665589 0.008144493312706483 0.21876584237334432
54466058.489888914 916663427.9331177 4583317.139665589 3.3088797752203817e-06 0.21876915125311955
54466058.489888914 916663427.9331177 4583317.139665589 0.0 0.21876915125311955
54466058.489888914 916663427.9331177 4583317.139665589 0.00925167681629326 0.22802082806941282
54466058.489888914 916663427.9331177 4583317.139665589 0.0077578633846247394 0.23577869145403757
54466058.489888914 916663427.9331177 4583317.139665589 0.015244730594731243 0.2510234220487688
54466058.489888914 916663427.9331177 4583317.139665589 0.00048258497777908116 0.2515060070265479
54466058.489888914 916663427.9331177 4583317.139665589 2.5350526015465737e-07 0.2515062605318081
54466058.489888914 916663427.9331177 4583317.139665589 0.007941056466612422 0.2594473169984205
54466058.489888914 916663427.9331177 4583317.139665589 7.785938548222946e-06 0.2594551029369687
54466058.489888914 916663427.9331177 4583317.139665589 0.021557262223166684 0.2810123651601354
54466058.489888914 916663427.9331177 4583317.139665589 0.015701727339178836 0.29671409249931424
54466058.489888914 916663427.9331177 4583317.139665589 0.0027529029324978496 0.2994669954318121
54466058.489888914 916663427.9331177 4583317.139665589 0.002455461969880109 0.3019224574016922
54466058.489888914 916663427.9331177 4583317.139665589 0.016669962703392105 0.3185924201050843
54466058.489888914 916663427.9331177 4583317.139665589 0.0002834732750772087 0.31887589338016153
54466058.489888914 916663427.9331177 4583317.139665589 0.005388648261189511 0.32426454164135105
54466058.489888914 916663427.9331177 4583317.139665589 0.022196966119155236 0.34646150776050627
54466058.489888914 916663427.9331177 4583317.139665589 0.0022222804428016964 0.348683788203308
54466058.489888914 916663427.9331177 4583317.139665589 0.015244730594731243 0.3639285187980392
54466058.489888914 916663427.9331177 4583317.139665589 0.017239845638472487 0.3811683644365117
54466058.489888914 916663427.9331177 4583317.139665589 0.012117701345447944 0.3932860657819596
54466058.489888914 916663427.9331177 4583317.139665589 0.0018174255767680935 0.39510349135872774
54466058.489888914 916663427.9331177 4583317.139665589 0.004737421088252473 0.3998409124469802
54466058.489888914 916663427.9331177 4583317.139665589 0.0005439208597219586 0.40038483330670216
54466058.489888914 916663427.9331177 4583317.139665589 0.0023648603359957576 0.4027496936426979
54466058.489888914 916663427.9331177 4583317.139665589 0.005348104275410019 0.4080977979181079
54466058.489888914 916663427.9331177 4583317.139665589 0.0026962729074808335 0.4107940708255887
54466058.489888914 916663427.9331177 4583317.139665589 0.00742002743914176 0.4182140982647305
54466058.489888914 916663427.9331177 4583317.139665589 0.0014822281998105788 0.4196963264645411
54466058.489888914 916663427.9331177 4583317.139665589 0.007530864886784868 0.427227191351326
54466058.489888914 916663427.9331177 4583317.139665589 0.0013501992635583835 0.42857739061488437
54466058.489888914 916663427.9331177 4583317.139665589 0.009343126257867533 0.4379205168727519
54466058.489888914 916663427.9331177 4583317.139665589 0.017726399214530272 0.4556469160872822
54466058.489888914 916663427.9331177 4583317.139665589 0.01248869551560883 0.468135611602891
54466058.489888914 916663427.9331177 4583317.139665589 0.0008746363253669128 0.46901024792825796
54466058.489888914 916663427.9331177 4583317.139665589 0.00015945371723092986 0.4691697016454889
54466058.489888914 916663427.9331177 4583317.139665589 0.0027529029324978496 0.47192260457798674
54466058.489888914 916663427.9331177 4583317.139665589 0.005403051432281253 0.477325656010268
54466058.489888914 916663427.9331177 4583317.139665589 0.013474426948317828 0.49080008295858585
54466058.489888914 916663427.9331177 4583317.139665589 0.007223054831122527 0.49802313778970836
54466058.489888914 916663427.9331177 4583317.139665589 0.00960202767354043 0.5076251654632488
54466058.489888914 916663427.9331177 4583317.139665589 0.006067575924389736 0.5136927413876385
54466058.489888914 916663427.9331177 4583317.139665589 1.4327869717046968e-06 0.5136941741746103
54466058.489888914 916663427.9331177 4583317.139665589 0.013474426948317828 0.5271686011229281
54466058.489888914 916663427.9331177 4583317.139665589 0.004283898560478566 0.5314524996834067
54466058.489888914 916663427.9331177 4583317.139665589 0.0015811394381456646 0.5330336391215523
54466058.489888914 916663427.9331177 4583317.139665589 0.006717345531730947 0.5397509846532833
54466058.489888914 916663427.9331177 4583317.139665589 0.015239083997044099 0.5549900686503274
54466058.489888914 916663427.9331177 4583317.139665589 0.007016853374440428 0.5620069220247679
54466058.489888914 916663427.9331177 4583317.139665589 0.0007305984653702171 0.5627375204901381
54466058.489888914 916663427.9331177 4583317.139665589 0.0023086465662533876 0.5650461670563915
54466058.489888914 916663427.9331177 4583317.139665589 0.013918392401256342 0.5789645594576479
54466058.489888914 916663427.9331177 4583317.139665589 0.011946432829762557 0.5909109922874105
54466058.489888914 916663427.9331177 4583317.139665589 0.020924471903687975 0.6118354641910985
54466058.489888914 916663427.9331177 4583317.139665589 0.010942799793106332 0.6227782639842048
54466058.489888914 916663427.9331177 4583317.139665589 0.0033027699978557374 0.6260810339820605
54466058.489888914 916663427.9331177 4583317.139665589 0.008975183015140168 0.6350562169972007
54466058.489888914 916663427.9331177 4583317.139665589 0.0021521064574760436 0.6372083234546767
54466058.489888914 916663427.9331177 4583317.139665589 0.002228210520565992 0.6394365339752427
54466058.489888914 916663427.9331177 4583317.139665589 0.008134228777419929 0.6475707627526627
54466058.489888914 916663427.9331177 4583317.139665589 0.011536115244182025 0.6591068779968448
54466058.489888914 916663427.9331177 4583317.139665589 0.006982499112198095 0.6660893771090428
54466058.489888914 916663427.9331177 4583317.139665589 0.008639684275122525 0.6747290613841653
54466058.489888914 916663427.9331177 4583317.139665589 0.008308473352632387 0.6830375347367977
54466058.489888914 916663427.9331177 4583317.139665589 0.02203558219500463 0.7050731169318024
54466058.489888914 916663427.9331177 4583317.139665589 0.059417728285176996 0.7644908452169794
54466058.489888914 916663427.9331177 4583317.139665589 0.01179929031067493 0.7762901355276544
54466058.489888914 916663427.9331177 4583317.139665589 0.0004821617699421037 0.7767722972975964
54466058.489888914 916663427.9331177 4583317.139665589 0.014052008400936185 0.7908243056985327
54466058.489888914 916663427.9331177 4583317.139665589 0.0018174255767680935 0.7926417312753008
54466058.489888914 916663427.9331177 4583317.139665589 0.004456356299526938 0.7970980875748277
54466058.489888914 916663427.9331177 4583317.139665589 0.00619576152700442 0.8032938491018321
54466058.489888914 916663427.9331177 4583317.139665589 0.013838106494721749 0.8171319555965538
54466058.489888914 916663427.9331177 4583317.139665589 0.002818770118484819 0.8199507257150387
54466058.489888914 916663427.9331177 4583317.139665589 0.010376292661142351 0.8303270183761811
54466058.489888914 916663427.9331177 4583317.139665589 0.0162467606441992 0.8465737790203802
54466058.489888914 916663427.9331177 4583317.139665589 0.0022932009949075917 0.8488669800152878
54466058.489888914 916663427.9331177 4583317.139665589 0.016717636995982874 0.8655846170112707
54466058.489888914 916663427.9331177 4583317.139665589 0.007499579993542041 0.8730841970048127
54466058.489888914 916663427.9331177 4583317.139665589 0.006040966329424853 0.8791251633342375
54466058.489888914 916663427.9331177 4583317.139665589 0.030035709993822837 0.9091608733280604
54466058.489888914 916663427.9331177 4583317.139665589 0.02664430547100493 0.9358051787990653
54466058.489888914 916663427.9331177 4583317.139665589 0.0016068095307388674 0.9374119883298042
54466058.489888914 916663427.9331177 4583317.139665589 0.005205906417548754 0.9426178947473529
54466058.489888914 916663427.9331177 4583317.139665589 0.019432904042157056 0.9620507987895099
54466058.489888914 916663427.9331177 4583317.139665589 0.012546622076103067 0.974597420865613
54466058.489888914 916663427.9331177 4583317.139665589 0.01089474892379321 0.9854921697894061
54466058.489888914 916663427.9331177 4583317.139665589 0.001912495066868123 0.9874046648562742
54466058.489888914 916663427.9331177 4583317.139665589 0.0009586942963149607 0.9883633591525892
54466058.489888914 916663427.9331177 4583317.139665589 0.0024305761907546667 0.9907939353433439
54466058.489888914 916663427.9331177 4583317.139665589 0.009206064656656382 1.0000000000000002
2001's generation extracting best parents:
0
0
5559181.991831532
0
10192539.151585732
14126991.547247417
0
0
0
3578929.0730608227
0
0
0
0
0
0
0
0
0
0
0
13667122.308484402
0
0
0
0
0
1322045.3587619448
0
0
0
0
0
3975075.5434894566
16934194.69593993
0
0
0
0
14110061.348201148
0
0
0
0
0
0
0
0
0
0
0
0
0
0
0
0
0
0
0
13279024.0
0
2413117.5209674314
0
0
0
0
0
0
11605831.549354833
0
0
0
0
0
0
0
0
0
0
0
0
0
0
0
0
0
0
0
8902550.681686683
0
0
0
0
0
2842392.6217072825
0
0
0
8690758.89896849
0
14913196.005350428
7698166.015357165
0
0
15429956.315139199
10287648.0
3388172.852733461
4606564.786258846
7465759.158803879
0
0
8480673.784552734
7111349.643586933
13974287.004883219
0
0
7279276.042095395
0
19760753.886341076
14393199.207202824
2523485.438870611
2250832.1864697067
15280745.155208629
0
4939576.787027812
20347147.052500114
2037083.2085273298
13974287.004883219
15803136.0
11107853.653988065
1665967.5592135643
4342620.654320153
0
2167780.9821769358
4902411.598041111
2471574.766014575
6801667.787721479
1358704.3826174994
6903268.422421368
1237678.285326199
8564502.143148776
16249141.868902246
11447930.441750946
0
0
2523485.438870611
4952779.647213875
12351514.395879399
6621110.2016456425
8801827.602336232
5561924.946095551
0
12351514.395879399
3926893.1393660307
1449372.6974108487
6157544.981727702
13969110.97529116
6432092.867518628
0
2116251.875307852
12758481.289853897
10950858.069302881
19180698.14292483
10030864.369534662
3027528.4679090963
8227222.028985482
1972757.2825869885
2042519.0939386587
7456350.034701966
10574734.94476339
6400601.571727457
7919682.603893668
7616073.664314967
20199212.311374918
54466058.489888914
10815977.903361304
0
12880962.190147132
1665967.5592135643
4084978.8416157067
5679428.0
12684886.135555178
2583863.479365735
9511568.0
14892811.304920506
2102093.484931629
15324446.43567917
6874590.704938876
5537532.90355913
27532636.883342646
24423860.3879485
1472903.5324826946
4772064.022209258
17813432.433979027
11501029.601261968
9986817.89495493
1753114.2839005108
0
2228020.302869792
8438862.78594456
