0 1 18 4 76.36753236814714 305.47012947258855
1 0 50 0 1.0 0.0
2 1 24 4 117.57550765359255 470.3020306143702
3 21 335 1764 6131.506747937247 10815977.903361304
4 0 50 0 1.0 0.0
5 1 61 4 36.4828726939094 145.9314907756376
6 0 50 0 1.0 0.0
7 11 408 484 1986.0292042162926 961238.1348406856
8 13 121 676 1331.0 899756.0
9 2 23 16 110.30412503619254 1764.8660005790807
10 3 78 36 688.877347573572 24799.584512648595
11 6 91 144 868.0846732894205 125004.19295367655
12 3 10 36 31.622776601683793 1138.4199576606165
13 0 50 0 1.0 0.0
14 31 468 3844 10124.387981502881 38918147.40089708
15 1 18 4 76.36753236814714 305.47012947258855
16 1 6 4 14.696938456699069 58.787753826796276
17 5 49 100 343.0 34300.0
18 1 58 4 22.627416997969522 90.50966799187809
19 20 303 1600 5274.289241215351 8438862.78594456
20 9 171 324 2236.1151580363658 724501.3112037824
21 1 15 4 58.09475019311125 232.379000772445
22 0 8 0 22.627416997969522 0.0
23 21 307 1764 5379.074548656116 9488687.50382939
24 0 50 0 1.0 0.0
25 0 50 0 1.0 0.0
26 1 53 4 5.196152422706632 20.784609690826528
27 12 270 576 4436.552715791846 2555454.3642961034
28 0 50 0 1.0 0.0
29 25 347 2500 6463.8937955384135 16159734.488846034
30 20 260 1600 4192.374029115246 6707798.446584394
31 24 328 2304 5940.332650618146 13686526.427024208
32 2 95 16 301.8691769624716 4829.906831399546
33 0 50 0 1.0 0.0
34 5 83 100 189.57056733575496 18957.056733575497
35 0 50 0 1.0 0.0
36 0 12 0 41.569219381653056 0.0
37 1 60 4 31.622776601683793 126.49110640673517
38 1 9 4 27.0 108.0
39 16 287 1024 4862.088337329958 4978778.457425877
40 1 33 4 189.57056733575496 758.2822693430198
41 0 50 0 1.0 0.0
42 2 5 16 11.180339887498949 178.88543819998318
43 0 50 0 1.0 0.0
44 13 150 676 1837.1173070873836 1241891.2995910712
45 4 52 64 374.9773326482549 23998.549289488314
46 0 6 0 14.696938456699069 0.0
47 0 50 0 1.0 0.0
48 0 50 0 1.0 0.0
49 1 13 4 46.87216658103186 187.48866632412745
50 19 299 1444 5170.1933232713845 7465759.158803879
51 1 9 4 27.0 108.0
52 0 50 0 1.0 0.0
53 19 255 1444 4072.0234527811845 5880001.865816031
54 0 50 0 1.0 0.0
55 0 50 0 1.0 0.0
56 2 22 16 103.18914671611545 1651.0263474578471
57 0 50 0 1.0 0.0
58 0 2 0 2.8284271247461903 0.0
59 0 5 0 11.180339887498949 0.0
60 1 59 4 27.0 108.0
61 2 32 16 181.01933598375618 2896.309375740099
62 17 274 1156 4535.5070278856365 5243046.124235796
63 0 50 0 1.0 0.0
64 4 69 64 573.1570465413472 36682.05097864622
65 0 50 0 1.0 0.0
66 0 12 0 41.569219381653056 0.0
67 25 421 2500 8638.197786575623 21595494.466439057
68 0 50 0 1.0 0.0
69 0 50 0 1.0 0.0
70 0 50 0 1.0 0.0
71 1 18 4 76.36753236814714 305.47012947258855
72 1 60 4 31.622776601683793 126.49110640673517
73 3 33 36 189.57056733575496 6824.5404240871785
74 10 193 400 2681.2416899638124 1072496.675985525
75 14 173 784 2275.4597337681016 1783960.4312741917
76 11 178 484 2374.8162034144875 1149411.042452612
77 1 55 4 11.180339887498949 44.721359549995796
78 1 6 4 14.696938456699069 58.787753826796276
79 0 50 0 1.0 0.0
80 0 50 0 1.0 0.0
81 1 53 4 5.196152422706632 20.784609690826528
82 17 327 1156 5913.187211648215 6835644.416665337
83 0 50 0 1.0 0.0
84 0 50 0 1.0 0.0
85 1 54 4 8.0 32.0
86 14 227 784 3420.0998523434955 2681358.2842373005
87 11 133 484 1533.830825091216 742374.1193441486
88 15 222 900 3307.7255025167974 2976952.952265118
89 1 14 4 52.38320341483518 209.53281365934072
90 14 173 784 2275.4597337681016 1783960.4312741917
91 0 50 0 1.0 0.0
92 0 50 0 1.0 0.0
93 1 7 4 18.520259177452132 74.08103670980853
94 3 63 36 500.0469977912076 18001.691920483474
95 1 66 4 64.0 256.0
96 2 66 16 64.0 1024.0
97 0 50 0 1.0 0.0
98 3 79 36 156.16977940690063 5622.112058648423
99 0 50 0 1.0 0.0
100 20 381 1600 7436.823313754335 11898917.302006936
101 17 271 1156 4461.2230385848225 5157173.832604054
102 24 339 2304 6241.651944797947 14380766.08081447
103 28 426 3136 8792.540929674426 27573408.355458997
104 32 479 4096 10483.426872926619 42940116.47150743
105 21 438 1764 9166.660896967882 16169989.822251344
106 18 289 1296 4913.0 6367248.0
107 18 243 1296 3787.995116153135 4909241.670534463
108 27 530 2916 12201.516299214618 35579621.528509825
109 10 169 400 2197.0 878800.0
110 23 339 2116 6241.651944797947 13207335.515192457
111 22 301 1936 5222.154823442139 10110091.73818398
112 28 513 3136 11619.195195881684 36437796.134284966
113 21 336 1764 6158.981734020649 10864443.778812425
114 21 272 1764 4485.938920672014 7913196.256065433
115 26 446 2704 9418.945588546523 25468828.871429797
116 10 157 400 1967.204361524242 786881.7446096968
117 18 188 1296 2577.7261297507926 3340733.0641570273
118 5 116 100 536.1865347059734 53618.65347059734
119 23 419 2116 8576.716096502203 18148331.26019866
120 9 104 324 1060.5960588272992 343633.12306004495
121 17 271 1156 4461.2230385848225 5157173.832604054
122 21 354 1764 6660.47025366828 11749069.527470846
123 21 391 1764 7731.524493914509 13638409.207265193
124 9 163 324 2081.044689573004 674258.4794216532
125 13 212 676 3086.7665930549397 2086654.2169051392
126 14 189 784 2598.3204190399615 2037083.2085273298
127 15 245 900 3834.8565814121393 3451370.9232709254
128 21 354 1764 6660.47025366828 11749069.527470846
129 7 108 196 1122.3689233046325 219984.30896770797
130 28 447 3136 9450.64140680409 29637211.451737627
131 25 407 2500 8210.91608774563 20527290.219364077
132 24 404 2304 8120.299501865679 18709170.052298523
133 22 327 1936 5913.187211648215 11447930.441750946
134 19 285 1444 4811.353759598228 6947594.828859841
135 28 413 3136 8393.15179178835 26320924.019048266
136 17 300 1156 5196.152422706632 6006752.200648867
137 26 325 2704 5859.020822628982 15842792.304388769
138 24 426 2304 8792.540929674426 20258014.30196988
139 30 404 3600 8120.299501865679 29233078.206716444
140 20 310 1600 5458.113227114292 8732981.163382867
141 35 600 4900 14696.938456699068 72014998.43782544
142 18 225 1296 3375.0 4374000.0
143 2 17 16 70.09279563550022 1121.4847301680036
144 25 350 2500 6547.900426854398 16369751.067135993
145 12 144 576 1728.0 995328.0
146 25 333 2500 6076.6797677679215 15191699.419419805
147 24 341 2304 6296.969191603212 14508217.017453799
148 30 439 3600 9198.071482653308 33113057.337551907
149 17 270 1156 4436.552715791846 5128654.939455374
150 22 375 1936 7261.843774138907 14058929.546732925
151 28 415 3136 8454.192746797295 26512348.453956317
152 24 308 2304 5405.378062633547 12453991.056307694
153 17 300 1156 5196.152422706632 6006752.200648867
154 23 354 2116 6660.47025366828 14093555.05676208
155 23 387 2116 7613.186126714622 16109501.844128141
156 17 297 1156 5118.405318065384 5916876.547683584
157 22 309 1936 5431.724311855306 10515818.267751873
158 26 405 2704 8150.467777986733 22038864.87167613
159 20 294 1600 5041.049890647781 8065679.825036449
160 21 317 1764 5644.024539280459 9956059.28729073
161 19 227 1444 3420.0998523434955 4938624.186784008
162 26 300 2704 5196.152422706632 14050396.150998732
163 22 221 1936 3285.4011931573896 6360536.7099527065
164 28 447 3136 9450.64140680409 29637211.451737627
165 29 432 3364 8978.95138643706 30205192.46397427
166 18 257 1296 4120.023422263519 5339550.35525352
167 25 357 2500 6745.316375085753 16863290.937714383
168 23 294 2116 5041.049890647781 10666861.568610704
169 21 348 1764 6491.855820949815 11451633.668155475
170 28 399 3136 7970.018757819834 24993978.824523
171 28 386 3136 7583.6967238939615 23782472.926131465
172 9 114 324 1217.1869207315694 394368.5623170285
173 20 365 1600 6973.315208708122 11157304.333932994
174 16 259 1024 4168.21052731265 4268247.5799681535
175 20 252 1600 4000.375982329661 6400601.571727457
176 27 501 2916 11213.897672085295 32699725.61180072
177 31 527 3844 12098.065258544442 46504962.85384484
178 36 510 5184 11517.42158644894 59706313.50415131
179 15 294 900 5041.049890647781 4536944.901583003
180 35 522 4900 11926.30068378288 58438873.35053611
181 17 241 1156 3741.3261017986656 4324972.973679258
182 29 378 3364 7349.159951994514 24722574.078509543
183 19 322 1444 5778.083419266288 8343552.45742052
184 27 367 2916 7030.708570265162 20501546.190893214
185 20 367 1600 7030.708570265162 11249133.71242426
186 40 602 6400 14770.484352247899 94531099.85438655
187 28 419 3136 8576.716096502203 26896581.678630907
188 27 468 2916 10124.387981502881 29522715.3540624
189 30 503 3600 11281.113730478919 40612009.42972411
190 23 325 2116 5859.020822628982 12397688.060682926
191 18 324 1296 5832.0 7558272.0
192 23 311 2116 5484.544739538552 11605296.668863576
193 27 527 2916 12098.065258544442 35277958.29391559
194 22 357 1936 6745.316375085753 13058932.502166018
195 28 541 3136 12583.339024281273 39461351.18014607
196 22 363 1936 6916.078874622527 13389528.701269213
197 20 337 1600 6186.497635981121 9898396.217569793
198 25 431 2500 8947.792521063506 22369481.302658763
199 25 394 2500 7820.676697064008 19551691.74266002
3201's generation fitness ratios and roulette cutoffs:
94531099.85438655 1867151705.6512537 9335758.52825627 1.6360220144299524e-07 1.6360220144299524e-07
94531099.85438655 1867151705.6512537 9335758.52825627 0.0 1.6360220144299524e-07
94531099.85438655 1867151705.6512537 9335758.52825627 2.5188206678167645e-07 4.1548426822467166e-07
94531099.85438655 1867151705.6512537 9335758.52825627 0.005792768670389716 0.005793184154657941
94531099.85438655 1867151705.6512537 9335758.52825627 0.0 0.005793184154657941
94531099.85438655 1867151705.6512537 9335758.52825627 7.815727577676255e-08 0.005793262311933718
94531099.85438655 1867151705.6512537 9335758.52825627 0.0 0.005793262311933718
94531099.85438655 1867151705.6512537 9335758.52825627 0.0005148152300272839 0.006308077541961002
94531099.85438655 1867151705.6512537 9335758.52825627 0.000481886928243021 0.006789964470204022
94531099.85438655 1867151705.6512537 9335758.52825627 9.452183211666262e-07 0.006790909688525189
94531099.85438655 1867151705.6512537 9335758.52825627 1.3282040467085997e-05 0.006804191728992275
94531099.85438655 1867151705.6512537 9335758.52825627 6.694913572117895e-05 0.006871140864713454
94531099.85438655 1867151705.6512537 9335758.52825627 6.097094061585858e-07 0.006871750574119612
94531099.85438655 1867151705.6512537 9335758.52825627 0.0 0.006871750574119612
94531099.85438655 1867151705.6512537 9335758.52825627 0.020843591489167514 0.027715342063287126
94531099.85438655 1867151705.6512537 9335758.52825627 1.6360220144299524e-07 0.02771550566548857
94531099.85438655 1867151705.6512537 9335758.52825627 3.1485258347709556e-08 0.027715537150746917
94531099.85438655 1867151705.6512537 9335758.52825627 1.837022663781694e-05 0.027733907377384733
94531099.85438655 1867151705.6512537 9335758.52825627 4.847472635348007e-08 0.027733955852111088
94531099.85438655 1867151705.6512537 9335758.52825627 0.004519644954613436 0.03225360080672452
94531099.85438655 1867151705.6512537 9335758.52825627 0.00038802487714895123 0.03264162568387347
94531099.85438655 1867151705.6512537 9335758.52825627 1.244564113719899e-07 0.03264175014028484
94531099.85438655 1867151705.6512537 9335758.52825627 0.0 0.03264175014028484
94531099.85438655 1867151705.6512537 9335758.52825627 0.0050819049545413235 0.03772365509482617
94531099.85438655 1867151705.6512537 9335758.52825627 0.0 0.03772365509482617
94531099.85438655 1867151705.6512537 9335758.52825627 0.0 0.03772365509482617
94531099.85438655 1867151705.6512537 9335758.52825627 1.113171984253789e-08 0.037723666226546014
94531099.85438655 1867151705.6512537 9335758.52825627 0.0013686377794378379 0.039092304005983854
94531099.85438655 1867151705.6512537 9335758.52825627 0.0 0.039092304005983854
94531099.85438655 1867151705.6512537 9335758.52825627 0.008654751748310454 0.047747055754294304
94531099.85438655 1867151705.6512537 9335758.52825627 0.0035925299622318295 0.05133958571652614
94531099.85438655 1867151705.6512537 9335758.52825627 0.007330163042242147 0.058669748758768285
94531099.85438655 1867151705.6512537 9335758.52825627 2.586777933887754e-06 0.058672335536702175
94531099.85438655 1867151705.6512537 9335758.52825627 0.0 0.058672335536702175
94531099.85438655 1867151705.6512537 9335758.52825627 1.0152927946989377e-05 0.058682488464649164
94531099.85438655 1867151705.6512537 9335758.52825627 0.0 0.058682488464649164
94531099.85438655 1867151705.6512537 9335758.52825627 0.0 0.058682488464649164
94531099.85438655 1867151705.6512537 9335758.52825627 6.77454895731762e-08 0.05868255621013874
94531099.85438655 1867151705.6512537 9335758.52825627 5.7842113028694746e-08 0.058682614052251766
94531099.85438655 1867151705.6512537 9335758.52825627 0.0026665098729560933 0.06134912392520786
94531099.85438655 1867151705.6512537 9335758.52825627 4.0611711787957506e-07 0.06134953004232574
94531099.85438655 1867151705.6512537 9335758.52825627 0.0 0.06134953004232574
94531099.85438655 1867151705.6512537 9335758.52825627 9.580659014399089e-08 0.06134962584891589
94531099.85438655 1867151705.6512537 9335758.52825627 0.0 0.06134962584891589
94531099.85438655 1867151705.6512537 9335758.52825627 0.0006651260825953644 0.06201475193151125
94531099.85438655 1867151705.6512537 9335758.52825627 1.2853025930808194e-05 0.062027604957442056
94531099.85438655 1867151705.6512537 9335758.52825627 0.0 0.062027604957442056
94531099.85438655 1867151705.6512537 9335758.52825627 0.0 0.062027604957442056
94531099.85438655 1867151705.6512537 9335758.52825627 0.0 0.062027604957442056
94531099.85438655 1867151705.6512537 9335758.52825627 1.0041426508443902e-07 0.06202770537170714
94531099.85438655 1867151705.6512537 9335758.52825627 0.003998474862116176 0.06602618023382331
94531099.85438655 1867151705.6512537 9335758.52825627 5.7842113028694746e-08 0.06602623807593634
94531099.85438655 1867151705.6512537 9335758.52825627 0.0 0.06602623807593634
94531099.85438655 1867151705.6512537 9335758.52825627 0.003149182708624693 0.06917542078456103
94531099.85438655 1867151705.6512537 9335758.52825627 0.0 0.06917542078456103
94531099.85438655 1867151705.6512537 9335758.52825627 0.0 0.06917542078456103
94531099.85438655 1867151705.6512537 9335758.52825627 8.842486352130541e-07 0.06917630503319624
94531099.85438655 1867151705.6512537 9335758.52825627 0.0 0.06917630503319624
94531099.85438655 1867151705.6512537 9335758.52825627 0.0 0.06917630503319624
94531099.85438655 1867151705.6512537 9335758.52825627 0.0 0.06917630503319624
94531099.85438655 1867151705.6512537 9335758.52825627 5.7842113028694746e-08 0.06917636287530927
94531099.85438655 1867151705.6512537 9335758.52825627 1.5511912433113623e-06 0.06917791406655259
94531099.85438655 1867151705.6512537 9335758.52825627 0.002808045060488026 0.07198595912704062
94531099.85438655 1867151705.6512537 9335758.52825627 0.0 0.07198595912704062
94531099.85438655 1867151705.6512537 9335758.52825627 1.9645993878066644e-05 0.07200560512091868
94531099.85438655 1867151705.6512537 9335758.52825627 0.0 0.07200560512091868
94531099.85438655 1867151705.6512537 9335758.52825627 0.0 0.07200560512091868
94531099.85438655 1867151705.6512537 9335758.52825627 0.011566009554058518 0.0835716146749772
94531099.85438655 1867151705.6512537 9335758.52825627 0.0 0.0835716146749772
94531099.85438655 1867151705.6512537 9335758.52825627 0.0 0.0835716146749772
94531099.85438655 1867151705.6512537 9335758.52825627 0.0 0.0835716146749772
94531099.85438655 1867151705.6512537 9335758.52825627 1.6360220144299524e-07 0.08357177827717864
94531099.85438655 1867151705.6512537 9335758.52825627 6.77454895731762e-08 0.08357184602266822
94531099.85438655 1867151705.6512537 9335758.52825627 3.6550540609161756e-06 0.08357550107672913
94531099.85438655 1867151705.6512537 9335758.52825627 0.0005744025366227235 0.08414990361335185
94531099.85438655 1867151705.6512537 9335758.52825627 0.0009554448231896373 0.0851053484365415
94531099.85438655 1867151705.6512537 9335758.52825627 0.00061559595772198 0.08572094439426348
94531099.85438655 1867151705.6512537 9335758.52825627 2.3951647535997722e-08 0.08572096834591102
94531099.85438655 1867151705.6512537 9335758.52825627 3.1485258347709556e-08 0.08572099983116936
94531099.85438655 1867151705.6512537 9335758.52825627 0.0 0.08572099983116936
94531099.85438655 1867151705.6512537 9335758.52825627 0.0 0.08572099983116936
94531099.85438655 1867151705.6512537 9335758.52825627 1.113171984253789e-08 0.0857210109628892
94531099.85438655 1867151705.6512537 9335758.52825627 0.0036610010830807646 0.08938201204596996
94531099.85438655 1867151705.6512537 9335758.52825627 0.0 0.08938201204596996
94531099.85438655 1867151705.6512537 9335758.52825627 0.0 0.08938201204596996
94531099.85438655 1867151705.6512537 9335758.52825627 1.7138403860354e-08 0.08938202918437382
94531099.85438655 1867151705.6512537 9335758.52825627 0.0014360687865488976 0.09081809797092272
94531099.85438655 1867151705.6512537 9335758.52825627 0.000397597108524833 0.09121569507944755
94531099.85438655 1867151705.6512537 9335758.52825627 0.0015943819365372728 0.09281007701598482
94531099.85438655 1867151705.6512537 9335758.52825627 1.12220561952815e-07 0.09281018923654677
94531099.85438655 1867151705.6512537 9335758.52825627 0.0009554448231896373 0.09376563405973641
94531099.85438655 1867151705.6512537 9335758.52825627 0.0 0.09376563405973641
94531099.85438655 1867151705.6512537 9335758.52825627 0.0 0.09376563405973641
94531099.85438655 1867151705.6512537 9335758.52825627 3.9675960172700275e-08 0.09376567373569658
94531099.85438655 1867151705.6512537 9335758.52825627 9.641258321966168e-06 0.09377531499401855
94531099.85438655 1867151705.6512537 9335758.52825627 1.37107230882832e-07 0.09377545210124943
94531099.85438655 1867151705.6512537 9335758.52825627 5.48428923531328e-07 0.09377600053017296
94531099.85438655 1867151705.6512537 9335758.52825627 0.0 0.09377600053017296
94531099.85438655 1867151705.6512537 9335758.52825627 3.0110633440400908e-06 0.093779011593517
94531099.85438655 1867151705.6512537 9335758.52825627 0.0 0.093779011593517
94531099.85438655 1867151705.6512537 9335758.52825627 0.006372764069460896 0.1001517756629779
94531099.85438655 1867151705.6512537 9335758.52825627 0.002762053997538061 0.10291382966051596
94531099.85438655 1867151705.6512537 9335758.52825627 0.007701980528571205 0.11061581018908717
94531099.85438655 1867151705.6512537 9335758.52825627 0.014767631506322366 0.12538344169540955
94531099.85438655 1867151705.6512537 9335758.52825627 0.022997658059354165 0.1483810997547637
94531099.85438655 1867151705.6512537 9335758.52825627 0.008660244249736167 0.15704134400449987
94531099.85438655 1867151705.6512537 9335758.52825627 0.0034101396157197273 0.1604514836202196
94531099.85438655 1867151705.6512537 9335758.52825627 0.0026292676999280797 0.16308075132014768
94531099.85438655 1867151705.6512537 9335758.52825627 0.019055560092317094 0.18213631141246478
94531099.85438655 1867151705.6512537 9335758.52825627 0.0004706634160149717 0.18260697482847976
94531099.85438655 1867151705.6512537 9335758.52825627 0.007073520311830152 0.1896804951403099
94531099.85438655 1867151705.6512537 9335758.52825627 0.005414713602319544 0.19509520874262945
94531099.85438655 1867151705.6512537 9335758.52825627 0.01951517706033192 0.21461038580296138
94531099.85438655 1867151705.6512537 9335758.52825627 0.005818725787481183 0.22042911159044257
94531099.85438655 1867151705.6512537 9335758.52825627 0.004238111039459082 0.22466722262990166
94531099.85438655 1867151705.6512537 9335758.52825627 0.013640471095275244 0.2383076937251769
94531099.85438655 1867151705.6512537 9335758.52825627 0.0004214342852956537 0.23872912801047255
94531099.85438655 1867151705.6512537 9335758.52825627 0.0017892135138487825 0.24051834152432133
94531099.85438655 1867151705.6512537 9335758.52825627 2.87168168008584e-05 0.2405470583411222
94531099.85438655 1867151705.6512537 9335758.52825627 0.00971979470402412 0.2502668530451463
94531099.85438655 1867151705.6512537 9335758.52825627 0.00018404135133743047 0.2504508943964837
94531099.85438655 1867151705.6512537 9335758.52825627 0.002762053997538061 0.25321294839402175
94531099.85438655 1867151705.6512537 9335758.52825627 0.0062925093295366835 0.25950545772355843
94531099.85438655 1867151705.6512537 9335758.52825627 0.007304392656465041 0.26680985038002347
94531099.85438655 1867151705.6512537 9335758.52825627 0.00036111606645613994 0.2671709664464796
94531099.85438655 1867151705.6512537 9335758.52825627 0.0011175600839447184 0.2682885265304243
94531099.85438655 1867151705.6512537 9335758.52825627 0.001091011085152722 0.26937953761557704
94531099.85438655 1867151705.6512537 9335758.52825627 0.001848468398590624 0.27122800601416763
94531099.85438655 1867151705.6512537 9335758.52825627 0.0062925093295366835 0.2775205153437043
94531099.85438655 1867151705.6512537 9335758.52825627 0.00011781812281342103 0.27763833346651773
94531099.85438655 1867151705.6512537 9335758.52825627 0.01587295309858087 0.2935112865650986
94531099.85438655 1867151705.6512537 9335758.52825627 0.01099390593556738 0.304505192500666
94531099.85438655 1867151705.6512537 9335758.52825627 0.010020166007760388 0.3145253585084264
94531099.85438655 1867151705.6512537 9335758.52825627 0.006131226727374014 0.32065658523580043
94531099.85438655 1867151705.6512537 9335758.52825627 0.003720958938597093 0.3243775441743975
94531099.85438655 1867151705.6512537 9335758.52825627 0.014096832056754409 0.3384743762311519
94531099.85438655 1867151705.6512537 9335758.52825627 0.0032170670344934503 0.3416914432656453
94531099.85438655 1867151705.6512537 9335758.52825627 0.008485005399635096 0.3501764486652804
94531099.85438655 1867151705.6512537 9335758.52825627 0.010849688453624596 0.361026137118905
94531099.85438655 1867151705.6512537 9335758.52825627 0.01565650938712561 0.3766826465060306
94531099.85438655 1867151705.6512537 9335758.52825627 0.004677167440091241 0.38135981394612184
94531099.85438655 1867151705.6512537 9335758.52825627 0.03856944147594421 0.41992925542206605
94531099.85438655 1867151705.6512537 9335758.52825627 0.002342605577662137 0.4222718609997282
94531099.85438655 1867151705.6512537 9335758.52825627 6.006393196512305e-07 0.42227246163904786
94531099.85438655 1867151705.6512537 9335758.52825627 0.008767231402563672 0.43103969304161155
94531099.85438655 1867151705.6512537 9335758.52825627 0.0005330729136724507 0.431572765955284
94531099.85438655 1867151705.6512537 9335758.52825627 0.008136296249222562 0.43970906220450656
94531099.85438655 1867151705.6512537 9335758.52825627 0.007770240079336993 0.4474793022838436
94531099.85438655 1867151705.6512537 9335758.52825627 0.017734529678188216 0.4652138319620318
94531099.85438655 1867151705.6512537 9335758.52825627 0.0027467799878995495 0.4679606119499314
94531099.85438655 1867151705.6512537 9335758.52825627 0.0075296128880053895 0.4754902248379368
94531099.85438655 1867151705.6512537 9335758.52825627 0.01419935422157298 0.48968957905950977
94531099.85438655 1867151705.6512537 9335758.52825627 0.006670047762382436 0.4963596268218922
94531099.85438655 1867151705.6512537 9335758.52825627 0.0032170670344934503 0.49957669385638565
94531099.85438655 1867151705.6512537 9335758.52825627 0.0075481574497163395 0.507124851306102
94531099.85438655 1867151705.6512537 9335758.52825627 0.0086278483935558 0.5157526996996578
94531099.85438655 1867151705.6512537 9335758.52825627 0.003168931870814324 0.5189216315704721
94531099.85438655 1867151705.6512537 9335758.52825627 0.005632010637338119 0.5245536422078102
94531099.85438655 1867151705.6512537 9335758.52825627 0.011803467712329822 0.5363571099201401
94531099.85438655 1867151705.6512537 9335758.52825627 0.004319777445305752 0.5406768873654458
94531099.85438655 1867151705.6512537 9335758.52825627 0.0053322176538505225 0.5460091050192963
94531099.85438655 1867151705.6512537 9335758.52825627 0.0026450042446130207 0.5486541092639093
94531099.85438655 1867151705.6512537 9335758.52825627 0.0075250426135556134 0.5561791518774649
94531099.85438655 1867151705.6512537 9335758.52825627 0.0034065452157430245 0.5595856970932079
94531099.85438655 1867151705.6512537 9335758.52825627 0.01587295309858087 0.5754586501917888
94531099.85438655 1867151705.6512537 9335758.52825627 0.016177149597728504 0.5916357997895173
94531099.85438655 1867151705.6512537 9335758.52825627 0.0028597303256572342 0.5944955301151745
94531099.85438655 1867151705.6512537 9335758.52825627 0.009031559078287399 0.6035270891934619
94531099.85438655 1867151705.6512537 9335758.52825627 0.005712905671416856 0.6092399948648787
94531099.85438655 1867151705.6512537 9335758.52825627 0.0061332100833023625 0.615373204948181
94531099.85438655 1867151705.6512537 9335758.52825627 0.013386153224119096 0.6287593581723001
94531099.85438655 1867151705.6512537 9335758.52825627 0.012737300806436749 0.6414966589787369
94531099.85438655 1867151705.6512537 9335758.52825627 0.00021121399033801306 0.6417078729690748
94531099.85438655 1867151705.6512537 9335758.52825627 0.005975574614619426 0.6476834475836942
94531099.85438655 1867151705.6512537 9335758.52825627 0.0022859672125460253 0.6499694147962403
94531099.85438655 1867151705.6512537 9335758.52825627 0.003428002958921304 0.6533974177551616
94531099.85438655 1867151705.6512537 9335758.52825627 0.01751315948930631 0.6709105772444679
94531099.85438655 1867151705.6512537 9335758.52825627 0.024906901090623552 0.6958174783350914
94531099.85438655 1867151705.6512537 9335758.52825627 0.0319772160577204 0.7277946943928119
94531099.85438655 1867151705.6512537 9335758.52825627 0.002429874812984485 0.7302245692057964
94531099.85438655 1867151705.6512537 9335758.52825627 0.03129840664454895 0.7615229758503453
94531099.85438655 1867151705.6512537 9335758.52825627 0.0023163479221259783 0.7638393237724713
94531099.85438655 1867151705.6512537 9335758.52825627 0.01324079559453174 0.777080119367003
94531099.85438655 1867151705.6512537 9335758.52825627 0.004468599113916311 0.7815487184809193
94531099.85438655 1867151705.6512537 9335758.52825627 0.01098011807441344 0.7925288365553328
94531099.85438655 1867151705.6512537 9335758.52825627 0.00602475614508282 0.7985535927004156
94531099.85438655 1867151705.6512537 9335758.52825627 0.05062850520837275 0.8491820979087883
94531099.85438655 1867151705.6512537 9335758.52825627 0.014405139977230455 0.8635872378860188
94531099.85438655 1867151705.6512537 9335758.52825627 0.015811631837256104 0.8793988697232749
94531099.85438655 1867151705.6512537 9335758.52825627 0.021750781849597396 0.9011496515728723
94531099.85438655 1867151705.6512537 9335758.52825627 0.006639893278708529 0.9077895448515808
94531099.85438655 1867151705.6512537 9335758.52825627 0.004048022438200173 0.9118375672897809
94531099.85438655 1867151705.6512537 9335758.52825627 0.006215508163443903 0.9180530754532248
94531099.85438655 1867151705.6512537 9335758.52825627 0.018893996769057824 0.9369470722222826
94531099.85438655 1867151705.6512537 9335758.52825627 0.006994039350225762 0.9439411115725084
94531099.85438655 1867151705.6512537 9335758.52825627 0.021134517918768757 0.9650756294912771
94531099.85438655 1867151705.6512537 9335758.52825627 0.007171098449442279 0.9722467279407194
94531099.85438655 1867151705.6512537 9335758.52825627 0.005301334748328486 0.9775480626890479
94531099.85438655 1867151705.6512537 9335758.52825627 0.01198053764723761 0.9895286003362855
94531099.85438655 1867151705.6512537 9335758.52825627 0.010471399663714246 0.9999999999999998
3201's generation extracting best parents:
0
0
0
10815977.903361304
0
0
0
0
0
0
0
0
0
0
38918147.40089708
0
0
0
0
8438862.78594456
0
0
0
9488687.50382939
0
0
0
0
0
16159734.488846034
6707798.446584394
13686526.427024208
0
0
0
0
0
0
0
4978778.457425877
0
0
0
0
0
0
0
0
0
0
7465759.158803879
0
0
5880001.865816031
0
0
0
0
0
0
0
0
5243046.124235796
0
0
0
0
21595494.466439057
0
0
0
0
0
0
0
0
0
0
0
0
0
0
6835644.416665337
0
0
0
0
0
0
0
0
0
0
0
0
0
0
0
0
0
11898917.302006936
5157173.832604054
14380766.08081447
27573408.355458997
42940116.47150743
16169989.822251344
6367248.0
4909241.670534463
35579621.528509825
0
13207335.515192457
10110091.73818398
36437796.134284966
10864443.778812425
7913196.256065433
25468828.871429797
0
0
0
18148331.26019866
0
5157173.832604054
11749069.527470846
13638409.207265193
0
0
0
0
11749069.527470846
0
29637211.451737627
20527290.219364077
18709170.052298523
11447930.441750946
6947594.828859841
26320924.019048266
6006752.200648867
15842792.304388769
20258014.30196988
29233078.206716444
8732981.163382867
72014998.43782544
4374000.0
0
16369751.067135993
0
15191699.419419805
14508217.017453799
33113057.337551907
5128654.939455374
14058929.546732925
26512348.453956317
12453991.056307694
6006752.200648867
14093555.05676208
16109501.844128141
5916876.547683584
10515818.267751873
22038864.87167613
8065679.825036449
9956059.28729073
4938624.186784008
14050396.150998732
6360536.7099527065
29637211.451737627
30205192.46397427
5339550.35525352
16863290.937714383
10666861.568610704
11451633.668155475
24993978.824523
23782472.926131465
0
11157304.333932994
4268247.5799681535
6400601.571727457
32699725.61180072
46504962.85384484
59706313.50415131
4536944.901583003
58438873.35053611
4324972.973679258
24722574.078509543
8343552.45742052
20501546.190893214
11249133.71242426
94531099.85438655
26896581.678630907
29522715.3540624
40612009.42972411
12397688.060682926
7558272.0
11605296.668863576
35277958.29391559
13058932.502166018
39461351.18014607
13389528.701269213
9898396.217569793
22369481.302658763
19551691.74266002
