0 2 15 16 58.09475019311125 929.51600308978
1 1 53 4 5.196152422706632 20.784609690826528
2 4 32 64 181.01933598375618 11585.237502960395
3 0 50 0 1.0 0.0
4 23 299 2116 5170.1933232713845 10940129.07204225
5 1 2 4 2.8284271247461903 11.313708498984761
6 0 50 0 1.0 0.0
7 4 53 64 385.84582413186746 24694.132744439517
8 7 95 196 925.9454627568516 181485.3107003429
9 0 2 0 2.8284271247461903 0.0
10 0 50 0 1.0 0.0
11 0 11 0 36.4828726939094 0.0
12 0 50 0 1.0 0.0
13 27 418 2916 8546.030189509045 24920224.032608375
14 1 53 4 5.196152422706632 20.784609690826528
15 25 333 2500 6076.6797677679215 15191699.419419805
16 9 352 324 1030.1495037129318 333768.4392029899
17 1 20 4 89.44271909999159 357.77087639996637
18 0 50 0 1.0 0.0
19 3 92 36 272.19110933313016 9798.879935992685
20 7 391 196 1674.2822342723464 328159.3179173799
21 0 50 0 1.0 0.0
22 25 442 2500 9292.517850399858 23231294.625999644
23 0 7 0 18.520259177452132 0.0
24 0 50 0 1.0 0.0
25 1 16 4 64.0 256.0
26 0 2 0 2.8284271247461903 0.0
27 3 88 36 234.2477321128211 8432.91835606156
28 4 37 64 225.06221362103412 14403.981671746184
29 0 50 0 1.0 0.0
30 5 91 100 262.5280937347468 26252.80937347468
31 24 398 2304 7940.075062617481 18293932.944270678
32 0 50 0 1.0 0.0
33 0 2 0 2.8284271247461903 0.0
34 9 359 324 1137.99340947125 368709.864668685
35 2 14 16 52.38320341483518 838.1312546373629
36 0 50 0 1.0 0.0
37 5 126 100 662.5526394181824 66255.26394181824
38 0 50 0 1.0 0.0
39 0 50 0 1.0 0.0
40 0 50 0 1.0 0.0
41 8 161 256 2042.8609840123727 522972.4119071674
42 3 47 36 322.21576621884907 11599.767583878567
43 0 50 0 1.0 0.0
44 0 50 0 1.0 0.0
45 7 346 196 940.6040612287404 184358.39600083313
46 3 31 36 172.60069524773067 6213.625028918304
47 0 50 0 1.0 0.0
48 2 14 16 52.38320341483518 838.1312546373629
49 20 369 1600 7088.258530838163 11341213.649341062
50 16 225 1024 3375.0 3456000.0
51 1 51 4 1.0 4.0
52 2 42 16 272.19110933313016 4355.0577493300825
53 1 13 4 46.87216658103186 187.48866632412745
54 0 50 0 1.0 0.0
55 19 301 1444 5222.154823442139 7540791.565050448
56 0 50 0 1.0 0.0
57 25 403 2500 8090.168539653547 20225421.349133868
58 18 286 1296 4836.6988742323 6268361.741005061
59 12 198 576 2786.1069613351174 1604797.6097290276
60 0 50 0 1.0 0.0
61 0 50 0 1.0 0.0
62 26 477 2704 10417.837251560422 28169831.92821938
63 0 50 0 1.0 0.0
64 0 2 0 2.8284271247461903 0.0
65 0 50 0 1.0 0.0
66 16 247 1024 3881.9097104389225 3975075.5434894566
67 1 56 4 14.696938456699069 58.787753826796276
68 3 52 36 374.9773326482549 13499.183975337177
69 0 50 0 1.0 0.0
70 0 50 0 1.0 0.0
71 0 6 0 14.696938456699069 0.0
72 3 30 36 164.31676725154983 5915.403621055794
73 1 61 4 36.4828726939094 145.9314907756376
74 0 50 0 1.0 0.0
75 0 50 0 1.0 0.0
76 0 50 0 1.0 0.0
77 1 58 4 22.627416997969522 90.50966799187809
78 0 50 0 1.0 0.0
79 1 16 4 64.0 256.0
80 3 90 36 252.98221281347034 9107.359661284932
81 0 50 0 1.0 0.0
82 32 408 4096 8241.196029703455 33755938.93766535
83 0 5 0 11.180339887498949 0.0
84 0 50 0 1.0 0.0
85 0 50 0 1.0 0.0
86 25 404 2500 8120.299501865679 20300748.754664198
87 0 50 0 1.0 0.0
88 1 10 4 31.622776601683793 126.49110640673517
89 21 340 1764 6269.290230959164 11059027.967411965
90 0 50 0 1.0 0.0
91 1 32 4 181.01933598375618 724.0773439350247
92 0 50 0 1.0 0.0
93 4 41 64 262.5280937347468 16801.797999023795
94 15 188 900 2577.7261297507926 2319953.5167757133
95 3 107 36 430.34056281043274 15492.26026117558
96 0 50 0 1.0 0.0
97 23 326 2116 5886.083247797299 12454952.152339084
98 26 427 2704 8823.518742542568 23858794.679835103
99 15 212 900 3086.7665930549397 2778089.9337494457
100 12 168 576 2177.5288746650413 1254256.6318070637
101 8 132 256 1516.5645386860397 388240.52190362616
102 26 347 2704 6463.8937955384135 17478368.82313587
103 22 423 1936 8699.825687908926 16842862.53179168
104 0 50 0 1.0 0.0
105 11 402 484 1873.9818569025688 907007.2187408432
106 28 469 3136 10156.855271194918 31851898.130467262
107 19 338 1444 6214.054393067379 8973094.543589296
108 20 338 1600 6214.054393067379 9942487.028907808
109 26 496 2704 11046.444495854763 29869585.91679128
110 17 292 1156 4989.698187265438 5768091.104478846
111 11 222 484 3307.7255025167974 1600939.1432181299
112 29 530 3364 12201.516299214618 41045900.83055797
113 16 256 1024 4096.0 4194304.0
114 1 21 4 96.23408959407264 384.93635837629057
115 22 308 1936 5405.378062633547 10464811.929258548
116 12 213 576 3108.6326576165284 1790572.4107871205
117 23 293 2116 5015.352131206741 10612485.109633464
118 23 376 2116 7290.910505554159 15427566.629752599
119 27 516 2916 11721.266825731765 34179214.063833825
120 23 320 2116 5724.334022399462 12112690.79139726
121 17 282 1156 4735.58528589656 5474336.590496424
122 12 187 576 2557.1865399301632 1472939.446999774
123 36 663 5184 17071.44536938803 88498372.79490755
124 18 240 1296 3718.06401235912 4818610.960017419
125 23 368 2116 7059.464002316323 14937825.82890134
126 5 96 100 940.6040612287404 94060.40612287405
127 19 347 1444 6463.8937955384135 9333862.64075747
128 3 35 36 207.06279240848656 7454.260526705516
129 23 389 2116 7672.279257169932 16234542.908171576
130 22 406 1936 8180.673321921613 15837783.551240243
131 0 50 0 1.0 0.0
132 21 382 1764 7466.121349134369 13170238.059873026
133 21 378 1764 7349.159951994514 12963918.155318322
134 21 220 1764 3263.127334322092 5756156.61774417
135 32 577 4096 13860.015620481818 56770623.981493525
136 29 414 3364 8423.653839041583 28337171.514535885
137 22 293 1936 5015.352131206741 9709721.726016251
138 28 435 3136 9072.644322357182 28451812.594912123
139 33 535 4356 12374.585851655804 53903695.969812684
140 25 312 2500 5511.018780588576 13777546.95147144
141 20 294 1600 5041.049890647781 8065679.825036449
142 18 332 1296 6049.327896551815 7839928.953931152
143 18 328 1296 5940.332650618146 7698671.115201117
144 12 159 576 2004.9137138540402 1154830.2991799272
145 15 521 900 4461.2230385848225 4015100.73472634
146 14 272 784 4485.938920672014 3516976.113806859
147 26 348 2704 6491.855820949815 17553978.1398483
148 17 262 1156 4240.840482734525 4902411.598041111
149 21 384 1764 7524.832489829923 13273804.512059985
150 33 500 4356 11180.339887498949 48701560.54994542
151 15 283 900 4760.7968870767845 4284717.198369106
152 26 382 2704 7466.121349134369 20188392.12805933
153 24 346 2304 6435.972032257443 14828479.562321149
154 27 362 2916 6887.519727739442 20084007.52608821
155 20 307 1600 5379.074548656116 8606519.277849786
156 29 530 3364 12201.516299214618 41045900.83055797
157 13 265 676 4313.8874579664225 2916187.9215853014
158 20 293 1600 5015.352131206741 8024563.409930786
159 25 466 2500 10059.557445534072 25148893.61383518
160 15 235 900 3602.4817834376345 3242233.6050938712
161 21 329 1764 5967.519501434411 10526704.400530301
162 21 306 1764 5352.813839467985 9442363.612821527
163 19 289 1444 4913.0 7094372.0
164 14 259 784 4168.21052731265 3267877.0534131173
165 17 313 1156 5537.535282054643 6401390.786055167
166 19 368 1444 7059.464002316323 10193866.01934477
167 14 242 784 3764.636503037179 2951475.018381148
168 27 451 2916 9577.77902229948 27928803.629025288
169 25 421 2500 8638.197786575623 21595494.466439057
170 21 340 1764 6269.290230959164 11059027.967411965
171 22 360 1936 6830.519745963699 13223886.228185723
172 18 286 1296 4836.6988742323 6268361.741005061
173 19 306 1444 5352.813839467985 7729463.184191771
174 16 246 1024 3858.359236774098 3950959.8584566764
175 24 405 2304 8150.467777986733 18778677.760481432
176 16 166 1024 2138.760388636371 2190090.6379636438
177 22 426 1936 8792.540929674426 17022359.239849687
178 17 268 1156 4387.349085723633 5071775.54309652
179 21 373 1764 7203.826552603831 12707550.038793158
180 24 398 2304 7940.075062617481 18293932.944270678
181 20 247 1600 3881.9097104389225 6211055.536702276
182 9 396 324 1764.1247121448075 571576.4067349177
183 26 384 2704 7524.832489829923 20347147.052500114
184 21 403 1764 8090.168539653547 14271057.303948857
185 26 442 2704 9292.517850399858 25126968.267481215
186 20 365 1600 6973.315208708122 11157304.333932994
187 0 50 0 1.0 0.0
188 28 395 3136 7850.469731168957 24619073.07694585
189 19 306 1444 5352.813839467985 7729463.184191771
190 25 422 2500 8668.993482521486 21672483.706303716
191 23 391 2116 7731.524493914509 16359905.8291231
192 23 445 2116 9387.285283829398 19863495.660583008
193 18 281 1296 4710.418346601499 6104702.177195543
194 14 164 784 2100.2247498779743 1646576.203904332
195 20 361 1600 6859.0 10974400.0
196 25 499 2500 11146.81564394065 27867039.109851625
197 30 479 3600 10483.426872926619 37740336.74253583
198 24 381 2304 7436.823313754335 17134440.914889988
199 22 379 1936 7378.3425645601465 14284471.204988444
3401's generation fitness ratios and roulette cutoffs:
88498372.79490755 1682583209.573626 8412916.04786813 5.524338991385296e-07 5.524338991385296e-07
88498372.79490755 1682583209.573626 8412916.04786813 1.235279751549015e-08 5.647866966540198e-07
88498372.79490755 1682583209.573626 8412916.04786813 6.885387561840787e-06 7.450174258494807e-06
88498372.79490755 1682583209.573626 8412916.04786813 0.0 7.450174258494807e-06
88498372.79490755 1682583209.573626 8412916.04786813 0.006501983979035739 0.006509434153294234
88498372.79490755 1682583209.573626 8412916.04786813 6.724011290860144e-09 0.006509440877305524
88498372.79490755 1682583209.573626 8412916.04786813 0.0 0.006509440877305524
88498372.79490755 1682583209.573626 8412916.04786813 1.4676321862677518e-05 0.006524117199168202
88498372.79490755 1682583209.573626 8412916.04786813 0.00010786112072658331 0.006631978319894785
88498372.79490755 1682583209.573626 8412916.04786813 0.0 0.006631978319894785
88498372.79490755 1682583209.573626 8412916.04786813 0.0 0.006631978319894785
88498372.79490755 1682583209.573626 8412916.04786813 0.0 0.006631978319894785
88498372.79490755 1682583209.573626 8412916.04786813 0.0 0.006631978319894785
88498372.79490755 1682583209.573626 8412916.04786813 0.014810693397400102 0.021442671717294887
88498372.79490755 1682583209.573626 8412916.04786813 1.235279751549015e-08 0.0214426840700924
88498372.79490755 1682583209.573626 8412916.04786813 0.009028795326722325 0.030471479396814726
88498372.79490755 1682583209.573626 8412916.04786813 0.00019836667649118423 0.03066984607330591
88498372.79490755 1682583209.573626 8412916.04786813 2.1263190691806979e-07 0.03067005870521283
88498372.79490755 1682583209.573626 8412916.04786813 0.0 0.03067005870521283
88498372.79490755 1682583209.573626 8412916.04786813 5.82371194496572e-06 0.030675882417157796
88498372.79490755 1682583209.573626 8412916.04786813 0.00019503303970359772 0.030870915456861395
88498372.79490755 1682583209.573626 8412916.04786813 0.0 0.030870915456861395
88498372.79490755 1682583209.573626 8412916.04786813 0.013806921698622297 0.04467783715548369
88498372.79490755 1682583209.573626 8412916.04786813 0.0 0.04467783715548369
88498372.79490755 1682583209.573626 8412916.04786813 0.0 0.04467783715548369
88498372.79490755 1682583209.573626 8412916.04786813 1.521470073773478e-07 0.04467798930249107
88498372.79490755 1682583209.573626 8412916.04786813 0.0 0.04467798930249107
88498372.79490755 1682583209.573626 8412916.04786813 5.0118878567666786e-06 0.044683001190347835
88498372.79490755 1682583209.573626 8412916.04786813 8.560635569040425e-06 0.044691561825916874
88498372.79490755 1682583209.573626 8412916.04786813 0.0 0.044691561825916874
88498372.79490755 1682583209.573626 8412916.04786813 1.5602681177430302e-05 0.044707164507094305
88498372.79490755 1682583209.573626 8412916.04786813 0.010872527932158815 0.05557969243925312
88498372.79490755 1682583209.573626 8412916.04786813 0.0 0.05557969243925312
88498372.79490755 1682583209.573626 8412916.04786813 0.0 0.05557969243925312
88498372.79490755 1682583209.573626 8412916.04786813 0.0002191332128900286 0.05579882565214315
88498372.79490755 1682583209.573626 8412916.04786813 4.981217272753774e-07 0.055799323773870424
88498372.79490755 1682583209.573626 8412916.04786813 0.0 0.055799323773870424
88498372.79490755 1682583209.573626 8412916.04786813 3.9377109889624783e-05 0.05583870088376005
88498372.79490755 1682583209.573626 8412916.04786813 0.0 0.05583870088376005
88498372.79490755 1682583209.573626 8412916.04786813 0.0 0.05583870088376005
88498372.79490755 1682583209.573626 8412916.04786813 0.0 0.05583870088376005
88498372.79490755 1682583209.573626 8412916.04786813 0.00031081518520542645 0.056149516068965476
88498372.79490755 1682583209.573626 8412916.04786813 6.894023141249579e-06 0.05615641009210672
88498372.79490755 1682583209.573626 8412916.04786813 0.0 0.05615641009210672
88498372.79490755 1682583209.573626 8412916.04786813 0.0 0.05615641009210672
88498372.79490755 1682583209.573626 8412916.04786813 0.00010956866498599518 0.056265978757092716
88498372.79490755 1682583209.573626 8412916.04786813 3.692908019980102e-06 0.056269671665112694
88498372.79490755 1682583209.573626 8412916.04786813 0.0 0.056269671665112694
88498372.79490755 1682583209.573626 8412916.04786813 4.981217272753774e-07 0.05627016978683997
88498372.79490755 1682583209.573626 8412916.04786813 0.006740358268649891 0.06301052805548986
88498372.79490755 1682583209.573626 8412916.04786813 0.002053984599594195 0.06506451265508405
88498372.79490755 1682583209.573626 8412916.04786813 2.3772969902710593e-09 0.06506451503238103
88498372.79490755 1682583209.573626 8412916.04786813 2.5883164199847645e-06 0.06506710334880102
88498372.79490755 1682583209.573626 8412916.04786813 1.1142906054057077e-07 0.06506721477786155
88498372.79490755 1682583209.573626 8412916.04786813 0.0 0.06506721477786155
88498372.79490755 1682583209.573626 8412916.04786813 0.004481675272963955 0.06954889005082551
88498372.79490755 1682583209.573626 8412916.04786813 0.0 0.06954889005082551
88498372.79490755 1682583209.573626 8412916.04786813 0.012020458325064992 0.0815693483758905
88498372.79490755 1682583209.573626 8412916.04786813 0.0037254393752053972 0.08529478775109589
88498372.79490755 1682583209.573626 8412916.04786813 0.0009537701319007518 0.08624855788299664
88498372.79490755 1682583209.573626 8412916.04786813 0.0 0.08624855788299664
88498372.79490755 1682583209.573626 8412916.04786813 0.0 0.08624855788299664
88498372.79490755 1682583209.573626 8412916.04786813 0.01674201416484938 0.10299057204784602
88498372.79490755 1682583209.573626 8412916.04786813 0.0 0.10299057204784602
88498372.79490755 1682583209.573626 8412916.04786813 0.0 0.10299057204784602
88498372.79490755 1682583209.573626 8412916.04786813 0.0 0.10299057204784602
88498372.79490755 1682583209.573626 8412916.04786813 0.002362483781409395 0.10535305582925542
88498372.79490755 1682583209.573626 8412916.04786813 3.4938987559309684e-08 0.10535309076824298
88498372.79490755 1682583209.573626 8412916.04786813 8.022892358921096e-06 0.1053611136606019
88498372.79490755 1682583209.573626 8412916.04786813 0.0 0.1053611136606019
88498372.79490755 1682583209.573626 8412916.04786813 0.0 0.1053611136606019
88498372.79490755 1682583209.573626 8412916.04786813 0.0 0.1053611136606019
88498372.79490755 1682583209.573626 8412916.04786813 3.515667806143616e-06 0.10536462932840804
88498372.79490755 1682583209.573626 8412916.04786813 8.673062345167302e-08 0.10536471605903149
88498372.79490755 1682583209.573626 8412916.04786813 0.0 0.10536471605903149
88498372.79490755 1682583209.573626 8412916.04786813 0.0 0.10536471605903149
88498372.79490755 1682583209.573626 8412916.04786813 0.0 0.10536471605903149
88498372.79490755 1682583209.573626 8412916.04786813 5.379209032688115e-08 0.10536476985112181
88498372.79490755 1682583209.573626 8412916.04786813 0.0 0.10536476985112181
88498372.79490755 1682583209.573626 8412916.04786813 1.521470073773478e-07 0.10536492199812919
88498372.79490755 1682583209.573626 8412916.04786813 5.412724678022181e-06 0.10537033472280721
88498372.79490755 1682583209.573626 8412916.04786813 0.0 0.10537033472280721
88498372.79490755 1682583209.573626 8412916.04786813 0.020061973010071375 0.12543230773287858
88498372.79490755 1682583209.573626 8412916.04786813 0.0 0.12543230773287858
88498372.79490755 1682583209.573626 8412916.04786813 0.0 0.12543230773287858
88498372.79490755 1682583209.573626 8412916.04786813 0.0 0.12543230773287858
88498372.79490755 1682583209.573626 8412916.04786813 0.012065227228678038 0.13749753496155662
88498372.79490755 1682583209.573626 8412916.04786813 0.0 0.13749753496155662
88498372.79490755 1682583209.573626 8412916.04786813 7.517673163919695e-08 0.13749761013828826
88498372.79490755 1682583209.573626 8412916.04786813 0.0065726484755629835 0.14407025861385125
88498372.79490755 1682583209.573626 8412916.04786813 0.0 0.14407025861385125
88498372.79490755 1682583209.573626 8412916.04786813 4.303367226150492e-07 0.14407068895057387
88498372.79490755 1682583209.573626 8412916.04786813 0.0 0.14407068895057387
88498372.79490755 1682583209.573626 8412916.04786813 9.985715953555393e-06 0.14408067466652744
88498372.79490755 1682583209.573626 8412916.04786813 0.0013788046282499156 0.14545947929477734
88498372.79490755 1682583209.573626 8412916.04786813 9.207425922847159e-06 0.14546868672070018
88498372.79490755 1682583209.573626 8412916.04786813 0.0 0.14546868672070018
88498372.79490755 1682583209.573626 8412916.04786813 0.007402280066431439 0.1528709667871316
88498372.79490755 1682583209.573626 8412916.04786813 0.014179860195966787 0.1670508269830984
88498372.79490755 1682583209.573626 8412916.04786813 0.001651086209551221 0.16870191319264963
88498372.79490755 1682583209.573626 8412916.04786813 0.0007454351289556122 0.16944734832160524
88498372.79490755 1682583209.573626 8412916.04786813 0.00023074075605568892 0.16967808907766094
88498372.79490755 1682583209.573626 8412916.04786813 0.010387818399522105 0.18006590747718304
88498372.79490755 1682583209.573626 8412916.04786813 0.010010121601094388 0.19007602907827742
88498372.79490755 1682583209.573626 8412916.04786813 0.0 0.19007602907827742
88498372.79490755 1682583209.573626 8412916.04786813 0.0005390563828166828 0.1906150854610941
88498372.79490755 1682583209.573626 8412916.04786813 0.01893035538999505 0.20954544085108914
88498372.79490755 1682583209.573626 8412916.04786813 0.005332927662973124 0.21487836851406228
88498372.79490755 1682583209.573626 8412916.04786813 0.005909061122407894 0.22078742963647016
88498372.79490755 1682583209.573626 8412916.04786813 0.01775221917515768 0.23853964881162784
88498372.79490755 1682583209.573626 8412916.04786813 0.003428116405571708 0.24196776521719954
88498372.79490755 1682583209.573626 8412916.04786813 0.0009514769516948971 0.24291924216889443
88498372.79490755 1682583209.573626 8412916.04786813 0.02439457412686246 0.2673138162957569
88498372.79490755 1682583209.573626 8412916.04786813 0.0024927765688704663 0.2698065928646274
88498372.79490755 1682583209.573626 8412916.04786813 2.2877701155346435e-07 0.26980682164163894
88498372.79490755 1682583209.573626 8412916.04786813 0.006219491475794756 0.2760263131174337
88498372.79490755 1682583209.573626 8412916.04786813 0.0010641806007566541 0.27709049371819033
88498372.79490755 1682583209.573626 8412916.04786813 0.006307257227607017 0.28339775094579733
88498372.79490755 1682583209.573626 8412916.04786813 0.00916897692902927 0.2925667278748266
88498372.79490755 1682583209.573626 8412916.04786813 0.020313535680945603 0.31288026355577225
88498372.79490755 1682583209.573626 8412916.04786813 0.00719886584061817 0.32007912939639044
88498372.79490755 1682583209.573626 8412916.04786813 0.00325353097507947 0.3233326603714699
88498372.79490755 1682583209.573626 8412916.04786813 0.0008754036285510203 0.32420806400002095
88498372.79490755 1682583209.573626 8412916.04786813 0.052596728822304976 0.37680479282232593
88498372.79490755 1682583209.573626 8412916.04786813 0.0028638173331341377 0.37966861015546005
88498372.79490755 1682583209.573626 8412916.04786813 0.008877912096060111 0.38854652225152014
88498372.79490755 1682583209.573626 8412916.04786813 5.5902380094895494e-05 0.38860242463161504
88498372.79490755 1682583209.573626 8412916.04786813 0.0055473408908690534 0.3941497655224841
88498372.79490755 1682583209.573626 8412916.04786813 4.4302477787083455e-06 0.3941541957702628
88498372.79490755 1682583209.573626 8412916.04786813 0.009648582498505663 0.4038027782687684
88498372.79490755 1682583209.573626 8412916.04786813 0.00941277879223198 0.4132155570610004
88498372.79490755 1682583209.573626 8412916.04786813 0.0 0.4132155570610004
88498372.79490755 1682583209.573626 8412916.04786813 0.007827391825222374 0.42104294888622273
88498372.79490755 1682583209.573626 8412916.04786813 0.007704770903189647 0.4287477197894124
88498372.79490755 1682583209.573626 8412916.04786813 0.0034210234507230136 0.43216874324013543
88498372.79490755 1682583209.573626 8412916.04786813 0.03374015838175364 0.4659089016218891
88498372.79490755 1682583209.573626 8412916.04786813 0.016841468138575236 0.4827503697604643
88498372.79490755 1682583209.573626 8412916.04786813 0.005770723058906987 0.4885210928193713
88498372.79490755 1682583209.573626 8412916.04786813 0.016909602112410202 0.5054306949317815
88498372.79490755 1682583209.573626 8412916.04786813 0.03203627354838048 0.537466968480162
88498372.79490755 1682583209.573626 8412916.04786813 0.008188330225262816 0.5456552987054247
88498372.79490755 1682583209.573626 8412916.04786813 0.0047936290931372885 0.550448927798562
88498372.79490755 1682583209.573626 8412916.04786813 0.0046594598765298655 0.5551083876750919
88498372.79490755 1682583209.573626 8412916.04786813 0.004575506917813588 0.5596838945929055
88498372.79490755 1682583209.573626 8412916.04786813 0.0006863436486285669 0.560370238241534
88498372.79490755 1682583209.573626 8412916.04786813 0.0023862717230750115 0.562756509964609
88498372.79490755 1682583209.573626 8412916.04786813 0.002090224182552063 0.5648467341471611
88498372.79490755 1682583209.573626 8412916.04786813 0.010432754849786332 0.5752794889969475
88498372.79490755 1682583209.573626 8412916.04786813 0.0029136220842732666 0.5781931110812207
88498372.79490755 1682583209.573626 8412916.04786813 0.007888943878991651 0.5860820549602124
88498372.79490755 1682583209.573626 8412916.04786813 0.02894451832922225 0.6150265732894347
88498372.79490755 1682583209.573626 8412916.04786813 0.0025465113249613803 0.6175730846143961
88498372.79490755 1682583209.573626 8412916.04786813 0.011998450961111847 0.6295715355755079
88498372.79490755 1682583209.573626 8412916.04786813 0.008812924958450496 0.6383844605339585
88498372.79490755 1682583209.573626 8412916.04786813 0.011936412661087702 0.6503208731950462
88498372.79490755 1682583209.573626 8412916.04786813 0.005115063093985537 0.6554359362890317
88498372.79490755 1682583209.573626 8412916.04786813 0.02439457412686246 0.6798305104158942
88498372.79490755 1682583209.573626 8412916.04786813 0.001733161192262388 0.6815636716081566
88498372.79490755 1682583209.573626 8412916.04786813 0.004769192610666931 0.6863328642188234
88498372.79490755 1682583209.573626 8412916.04786813 0.014946597274204358 0.7012794614930278
88498372.79490755 1682583209.573626 8412916.04786813 0.0019269380477863365 0.7032063995408141
88498372.79490755 1682583209.573626 8412916.04786813 0.006256275672213449 0.7094626752130275
88498372.79490755 1682583209.573626 8412916.04786813 0.005611825649451395 0.7150745008624789
88498372.79490755 1682583209.573626 8412916.04786813 0.004216357300865819 0.7192908581633447
88498372.79490755 1682583209.573626 8412916.04786813 0.0019421785709137153 0.7212330367342584
88498372.79490755 1682583209.573626 8412916.04786813 0.0038045017623094595 0.7250375384965679
88498372.79490755 1682583209.573626 8412916.04786813 0.006058461751753686 0.7310960002483217
88498372.79490755 1682583209.573626 8412916.04786813 0.0017541331695144307 0.7328501334178361
88498372.79490755 1682583209.573626 8412916.04786813 0.016598765202288313 0.7494488986201244
88498372.79490755 1682583209.573626 8412916.04786813 0.012834725999620222 0.7622836246197446
88498372.79490755 1682583209.573626 8412916.04786813 0.0065726484755629835 0.7688562730953076
88498372.79490755 1682583209.573626 8412916.04786813 0.007859276232488208 0.7767155493277957
88498372.79490755 1682583209.573626 8412916.04786813 0.0037254393752053972 0.7804409887030012
88498372.79490755 1682583209.573626 8412916.04786813 0.004593807391047514 0.7850347960940487
88498372.79490755 1682583209.573626 8412916.04786813 0.0023481512450477067 0.7873829473390964
88498372.79490755 1682583209.573626 8412916.04786813 0.011160623530315645 0.7985435708694121
88498372.79490755 1682583209.573626 8412916.04786813 0.0013016239705129485 0.799845194839925
88498372.79490755 1682583209.573626 8412916.04786813 0.010116800847051854 0.8099619956869768
88498372.79490755 1682583209.573626 8412916.04786813 0.003014279183483431 0.8129762748704602
88498372.79490755 1682583209.573626 8412916.04786813 0.007552405115235463 0.8205286799856957
88498372.79490755 1682583209.573626 8412916.04786813 0.010872527932158815 0.8314012079178545
88498372.79490755 1682583209.573626 8412916.04786813 0.00369138090845218 0.8350925888263068
88498372.79490755 1682583209.573626 8412916.04786813 0.0003397017178602166 0.835432290544167
88498372.79490755 1682583209.573626 8412916.04786813 0.012092802862127794 0.8475250934062948
88498372.79490755 1682583209.573626 8412916.04786813 0.00848163539416586 0.8560067288004607
88498372.79490755 1682583209.573626 8412916.04786813 0.014933566509229876 0.8709402953096905
88498372.79490755 1682583209.573626 8412916.04786813 0.006631056503149288 0.8775713518128399
88498372.79490755 1682583209.573626 8412916.04786813 0.0 0.8775713518128399
88498372.79490755 1682583209.573626 8412916.04786813 0.014631712082271658 0.8922030638951115
88498372.79490755 1682583209.573626 8412916.04786813 0.004593807391047514 0.896796871286159
88498372.79490755 1682583209.573626 8412916.04786813 0.012880482571673598 0.9096773538578327
88498372.79490755 1682583209.573626 8412916.04786813 0.009723088722173076 0.9194004425800058
88498372.79490755 1682583209.573626 8412916.04786813 0.011805357112541557 0.9312057996925474
88498372.79490755 1682583209.573626 8412916.04786813 0.003628172528087037 0.9348339722206344
88498372.79490755 1682583209.573626 8412916.04786813 0.0009786001634484284 0.9358125723840828
88498372.79490755 1682583209.573626 8412916.04786813 0.006522352022507678 0.9423349244065905
88498372.79490755 1682583209.573626 8412916.04786813 0.01656205705090404 0.9588969814574946
88498372.79490755 1682583209.573626 8412916.04786813 0.022429997237461675 0.9813269786949562
88498372.79490755 1682583209.573626 8412916.04786813 0.010183413704236316 0.9915103923991926
88498372.79490755 1682583209.573626 8412916.04786813 0.00848960760080816 1.0000000000000007
3401's generation extracting best parents:
0
0
0
0
10940129.07204225
0
0
0
0
0
0
0
0
24920224.032608375
0
15191699.419419805
0
0
0
0
0
0
23231294.625999644
0
0
0
0
0
0
0
0
18293932.944270678
0
0
0
0
0
0
0
0
0
0
0
0
0
0
0
0
0
11341213.649341062
3456000.0
0
0
0
0
7540791.565050448
0
20225421.349133868
6268361.741005061
0
0
0
28169831.92821938
0
0
0
3975075.5434894566
0
0
0
0
0
0
0
0
0
0
0
0
0
0
0
33755938.93766535
0
0
0
20300748.754664198
0
0
11059027.967411965
0
0
0
0
0
0
0
12454952.152339084
23858794.679835103
0
0
0
17478368.82313587
16842862.53179168
0
0
31851898.130467262
8973094.543589296
9942487.028907808
29869585.91679128
5768091.104478846
0
41045900.83055797
4194304.0
0
10464811.929258548
0
10612485.109633464
15427566.629752599
34179214.063833825
12112690.79139726
5474336.590496424
0
88498372.79490755
4818610.960017419
14937825.82890134
0
9333862.64075747
0
16234542.908171576
15837783.551240243
0
13170238.059873026
12963918.155318322
5756156.61774417
56770623.981493525
28337171.514535885
9709721.726016251
28451812.594912123
53903695.969812684
13777546.95147144
8065679.825036449
7839928.953931152
7698671.115201117
0
4015100.73472634
3516976.113806859
17553978.1398483
4902411.598041111
13273804.512059985
48701560.54994542
4284717.198369106
20188392.12805933
14828479.562321149
20084007.52608821
8606519.277849786
41045900.83055797
0
8024563.409930786
25148893.61383518
3242233.6050938712
10526704.400530301
9442363.612821527
7094372.0
3267877.0534131173
6401390.786055167
10193866.01934477
2951475.018381148
27928803.629025288
21595494.466439057
11059027.967411965
13223886.228185723
6268361.741005061
7729463.184191771
3950959.8584566764
18778677.760481432
0
17022359.239849687
5071775.54309652
12707550.038793158
18293932.944270678
6211055.536702276
0
20347147.052500114
14271057.303948857
25126968.267481215
11157304.333932994
0
24619073.07694585
7729463.184191771
21672483.706303716
16359905.8291231
19863495.660583008
6104702.177195543
0
10974400.0
27867039.109851625
37740336.74253583
17134440.914889988
14284471.204988444
