0 0 6 0 14.696938456699069 0.0
1 0 6 0 14.696938456699069 0.0
2 1 11 4 36.4828726939094 145.9314907756376
3 0 50 0 1.0 0.0
4 2 28 16 148.16207341961706 2370.593174713873
5 0 4 0 8.0 0.0
6 2 11 16 36.4828726939094 583.7259631025504
7 0 9 0 27.0 0.0
8 2 63 16 46.87216658103186 749.9546652965098
9 0 50 0 1.0 0.0
10 0 50 0 1.0 0.0
11 0 50 0 1.0 0.0
12 0 50 0 1.0 0.0
13 0 50 0 1.0 0.0
14 0 50 0 1.0 0.0
15 0 2 0 2.8284271247461903 0.0
16 0 50 0 1.0 0.0
17 0 50 0 1.0 0.0
18 0 2 0 2.8284271247461903 0.0
19 4 58 64 441.7148401401067 28269.749768966827
20 0 14 0 52.38320341483518 0.0
21 0 16 0 64.0 0.0
22 0 50 0 1.0 0.0
23 1 17 4 70.09279563550022 280.3711825420009
24 0 6 0 14.696938456699069 0.0
25 2 32 16 181.01933598375618 2896.309375740099
26 0 50 0 1.0 0.0
27 0 50 0 1.0 0.0
28 4 54 64 396.81733833087486 25396.30965317599
29 1 56 4 14.696938456699069 58.787753826796276
30 0 9 0 27.0 0.0
31 0 50 0 1.0 0.0
32 2 30 16 164.31676725154983 2629.0682760247973
33 1 59 4 27.0 108.0
34 2 28 16 148.16207341961706 2370.593174713873
35 2 33 16 189.57056733575496 3033.1290773720793
36 2 38 16 234.2477321128211 3747.9637138051376
37 1 55 4 11.180339887498949 44.721359549995796
38 0 14 0 52.38320341483518 0.0
39 1 9 4 27.0 108.0
40 0 50 0 1.0 0.0
41 0 14 0 52.38320341483518 0.0
42 0 50 0 1.0 0.0
43 0 50 0 1.0 0.0
44 1 12 4 41.569219381653056 166.27687752661222
45 1 17 4 70.09279563550022 280.3711825420009
46 2 9 16 27.0 432.0
47 0 50 0 1.0 0.0
48 0 6 0 14.696938456699069 0.0
49 0 50 0 1.0 0.0
50 0 9 0 27.0 0.0
51 3 47 36 322.21576621884907 11599.767583878567
52 0 6 0 14.696938456699069 0.0
53 0 14 0 52.38320341483518 0.0
54 0 50 0 1.0 0.0
55 0 2 0 2.8284271247461903 0.0
56 1 54 4 8.0 32.0
57 1 14 4 52.38320341483518 209.53281365934072
58 0 5 0 11.180339887498949 0.0
59 0 50 0 1.0 0.0
60 0 50 0 1.0 0.0
61 1 14 4 52.38320341483518 209.53281365934072
62 1 55 4 11.180339887498949 44.721359549995796
63 1 16 4 64.0 256.0
64 0 2 0 2.8284271247461903 0.0
65 0 50 0 1.0 0.0
66 0 50 0 1.0 0.0
67 2 31 16 172.60069524773067 2761.6111239636907
68 0 50 0 1.0 0.0
69 3 29 36 156.16977940690063 5622.112058648423
70 1 56 4 14.696938456699069 58.787753826796276
71 0 9 0 27.0 0.0
72 1 53 4 5.196152422706632 20.784609690826528
73 2 85 16 783.6612788698955 12538.580461918327
74 0 6 0 14.696938456699069 0.0
75 0 14 0 52.38320341483518 0.0
76 0 50 0 1.0 0.0
77 0 50 0 1.0 0.0
78 0 14 0 52.38320341483518 0.0
79 1 15 4 58.09475019311125 232.379000772445
80 0 50 0 1.0 0.0
81 2 26 16 132.5745073534124 2121.1921176545984
82 1 31 4 172.60069524773067 690.4027809909227
83 0 50 0 1.0 0.0
84 0 50 0 1.0 0.0
85 2 35 16 207.06279240848656 3313.004678535785
86 0 50 0 1.0 0.0
87 0 50 0 1.0 0.0
88 0 50 0 1.0 0.0
89 1 14 4 52.38320341483518 209.53281365934072
90 0 2 0 2.8284271247461903 0.0
91 0 5 0 11.180339887498949 0.0
92 1 14 4 52.38320341483518 209.53281365934072
93 5 82 100 742.5415813272682 74254.15813272682
94 0 50 0 1.0 0.0
95 0 2 0 2.8284271247461903 0.0
96 4 62 64 488.18848818873226 31244.063244078865
97 0 50 0 1.0 0.0
98 1 14 4 52.38320341483518 209.53281365934072
99 4 72 64 610.9402589451771 39100.176572491335
100 0 50 0 1.0 0.0
101 3 82 36 181.01933598375618 6516.696095415223
102 2 21 16 96.23408959407264 1539.7454335051623
103 2 16 16 64.0 1024.0
104 2 16 16 64.0 1024.0
105 1 17 4 70.09279563550022 280.3711825420009
106 0 6 0 14.696938456699069 0.0
107 2 22 16 103.18914671611545 1651.0263474578471
108 0 6 0 14.696938456699069 0.0
109 1 12 4 41.569219381653056 166.27687752661222
110 0 50 0 1.0 0.0
111 0 50 0 1.0 0.0
112 0 50 0 1.0 0.0
113 0 50 0 1.0 0.0
114 0 14 0 52.38320341483518 0.0
115 0 50 0 1.0 0.0
116 0 50 0 1.0 0.0
117 0 14 0 52.38320341483518 0.0
118 2 20 16 89.44271909999159 1431.0835055998655
119 0 50 0 1.0 0.0
120 0 50 0 1.0 0.0
121 2 27 16 140.29611541307906 2244.737846609265
122 6 71 144 598.2566338955214 86148.95528095508
123 2 59 16 27.0 432.0
124 0 11 0 36.4828726939094 0.0
125 0 14 0 52.38320341483518 0.0
126 2 36 16 216.0 3456.0
127 0 14 0 52.38320341483518 0.0
128 3 27 36 140.29611541307906 5050.660154870846
129 0 50 0 1.0 0.0
130 1 18 4 76.36753236814714 305.47012947258855
131 2 38 16 234.2477321128211 3747.9637138051376
132 5 87 100 225.06221362103412 22506.221362103413
133 2 15 16 58.09475019311125 929.51600308978
134 4 68 64 560.7423650840018 35887.511365376115
135 2 19 16 82.8190799272728 1325.1052788363647
136 1 23 4 110.30412503619254 441.2165001447702
137 0 14 0 52.38320341483518 0.0
138 2 18 16 76.36753236814714 1221.8805178903542
139 1 20 4 89.44271909999159 357.77087639996637
140 1 21 4 96.23408959407264 384.93635837629057
141 2 13 16 46.87216658103186 749.9546652965098
142 0 50 0 1.0 0.0
143 2 32 16 181.01933598375618 2896.309375740099
144 2 14 16 52.38320341483518 838.1312546373629
145 2 33 16 189.57056733575496 3033.1290773720793
146 0 50 0 1.0 0.0
147 0 6 0 14.696938456699069 0.0
148 2 28 16 148.16207341961706 2370.593174713873
149 0 50 0 1.0 0.0
150 1 19 4 82.8190799272728 331.2763197090912
151 1 18 4 76.36753236814714 305.47012947258855
152 1 19 4 82.8190799272728 331.2763197090912
153 5 53 100 385.84582413186746 38584.58241318675
154 4 41 64 262.5280937347468 16801.797999023795
155 1 16 4 64.0 256.0
156 0 5 0 11.180339887498949 0.0
157 2 18 16 76.36753236814714 1221.8805178903542
158 3 24 36 117.57550765359255 4232.718275529332
159 0 50 0 1.0 0.0
160 1 55 4 11.180339887498949 44.721359549995796
161 4 52 64 374.9773326482549 23998.549289488314
162 0 50 0 1.0 0.0
163 3 69 36 82.8190799272728 2981.4868773818207
164 0 50 0 1.0 0.0
165 2 22 16 103.18914671611545 1651.0263474578471
166 0 50 0 1.0 0.0
167 0 50 0 1.0 0.0
168 0 50 0 1.0 0.0
169 3 37 36 225.06221362103412 8102.239690357228
170 3 52 36 374.9773326482549 13499.183975337177
171 0 50 0 1.0 0.0
172 2 38 16 234.2477321128211 3747.9637138051376
173 0 50 0 1.0 0.0
174 2 39 16 243.55492193753753 3896.8787510006005
175 4 68 64 560.7423650840018 35887.511365376115
176 2 25 16 125.0 2000.0
177 3 44 36 291.8629815512752 10507.067335845906
178 4 88 64 825.5131737289236 52832.84311865111
179 3 44 36 291.8629815512752 10507.067335845906
180 2 27 16 140.29611541307906 2244.737846609265
181 2 12 16 41.569219381653056 665.1075101064489
182 3 58 36 441.7148401401067 15901.734245043841
183 2 44 16 291.8629815512752 4669.807704820403
184 2 62 16 41.569219381653056 665.1075101064489
185 0 14 0 52.38320341483518 0.0
186 1 24 4 117.57550765359255 470.3020306143702
187 0 50 0 1.0 0.0
188 0 50 0 1.0 0.0
189 3 35 36 207.06279240848656 7454.260526705516
190 3 50 36 353.5533905932738 12727.922061357856
191 0 50 0 1.0 0.0
192 3 77 36 140.29611541307906 5050.660154870846
193 1 31 4 172.60069524773067 690.4027809909227
194 1 15 4 58.09475019311125 232.379000772445
195 1 23 4 110.30412503619254 441.2165001447702
196 3 73 36 110.30412503619254 3970.9485013029316
197 2 11 16 36.4828726939094 583.7259631025504
198 2 20 16 89.44271909999159 1431.0835055998655
199 1 9 4 27.0 108.0
301's generation fitness ratios and roulette cutoffs:
86148.95528095508 735599.4615912023 3677.9973079560114 0.0 0.0
86148.95528095508 735599.4615912023 3677.9973079560114 0.0 0.0
86148.95528095508 735599.4615912023 3677.9973079560114 0.0001983844447900598 0.0001983844447900598
86148.95528095508 735599.4615912023 3677.9973079560114 0.0 0.0001983844447900598
86148.95528095508 735599.4615912023 3677.9973079560114 0.003222668447290534 0.003421052892080594
86148.95528095508 735599.4615912023 3677.9973079560114 0.0 0.003421052892080594
86148.95528095508 735599.4615912023 3677.9973079560114 0.0007935377791602392 0.004214590671240833
86148.95528095508 735599.4615912023 3677.9973079560114 0.0 0.004214590671240833
86148.95528095508 735599.4615912023 3677.9973079560114 0.0010195149730999739 0.005234105644340807
86148.95528095508 735599.4615912023 3677.9973079560114 0.0 0.005234105644340807
86148.95528095508 735599.4615912023 3677.9973079560114 0.0 0.005234105644340807
86148.95528095508 735599.4615912023 3677.9973079560114 0.0 0.005234105644340807
86148.95528095508 735599.4615912023 3677.9973079560114 0.0 0.005234105644340807
86148.95528095508 735599.4615912023 3677.9973079560114 0.0 0.005234105644340807
86148.95528095508 735599.4615912023 3677.9973079560114 0.0 0.005234105644340807
86148.95528095508 735599.4615912023 3677.9973079560114 0.0 0.005234105644340807
86148.95528095508 735599.4615912023 3677.9973079560114 0.0 0.005234105644340807
86148.95528095508 735599.4615912023 3677.9973079560114 0.0 0.005234105644340807
86148.95528095508 735599.4615912023 3677.9973079560114 0.0 0.005234105644340807
86148.95528095508 735599.4615912023 3677.9973079560114 0.03843090057164464 0.043665006215985444
86148.95528095508 735599.4615912023 3677.9973079560114 0.0 0.043665006215985444
86148.95528095508 735599.4615912023 3677.9973079560114 0.0 0.043665006215985444
86148.95528095508 735599.4615912023 3677.9973079560114 0.0 0.043665006215985444
86148.95528095508 735599.4615912023 3677.9973079560114 0.00038114653038967653 0.04404615274637512
86148.95528095508 735599.4615912023 3677.9973079560114 0.0 0.04404615274637512
86148.95528095508 735599.4615912023 3677.9973079560114 0.003937345698262183 0.047983498444637306
86148.95528095508 735599.4615912023 3677.9973079560114 0.0 0.047983498444637306
86148.95528095508 735599.4615912023 3677.9973079560114 0.0 0.047983498444637306
86148.95528095508 735599.4615912023 3677.9973079560114 0.034524644156536353 0.08250814260117366
86148.95528095508 735599.4615912023 3677.9973079560114 7.991815776976008e-05 0.08258806075894341
86148.95528095508 735599.4615912023 3677.9973079560114 0.0 0.08258806075894341
86148.95528095508 735599.4615912023 3677.9973079560114 0.0 0.08258806075894341
86148.95528095508 735599.4615912023 3677.9973079560114 0.0035740486681947303 0.08616210942713814
86148.95528095508 735599.4615912023 3677.9973079560114 0.0001468190307893663 0.08630892845792751
86148.95528095508 735599.4615912023 3677.9973079560114 0.003222668447290534 0.08953159690521804
86148.95528095508 735599.4615912023 3677.9973079560114 0.004123343253692718 0.09365494015891077
86148.95528095508 735599.4615912023 3677.9973079560114 0.005095114813838742 0.09875005497274951
86148.95528095508 735599.4615912023 3677.9973079560114 6.079580245104772e-05 0.09881085077520056
86148.95528095508 735599.4615912023 3677.9973079560114 0.0 0.09881085077520056
86148.95528095508 735599.4615912023 3677.9973079560114 0.0001468190307893663 0.09895766980598993
86148.95528095508 735599.4615912023 3677.9973079560114 0.0 0.09895766980598993
86148.95528095508 735599.4615912023 3677.9973079560114 0.0 0.09895766980598993
86148.95528095508 735599.4615912023 3677.9973079560114 0.0 0.09895766980598993
86148.95528095508 735599.4615912023 3677.9973079560114 0.0 0.09895766980598993
86148.95528095508 735599.4615912023 3677.9973079560114 0.0002260426851957349 0.09918371249118565
86148.95528095508 735599.4615912023 3677.9973079560114 0.00038114653038967653 0.09956485902157533
86148.95528095508 735599.4615912023 3677.9973079560114 0.0005872761231574652 0.1001521351447328
86148.95528095508 735599.4615912023 3677.9973079560114 0.0 0.1001521351447328
86148.95528095508 735599.4615912023 3677.9973079560114 0.0 0.1001521351447328
86148.95528095508 735599.4615912023 3677.9973079560114 0.0 0.1001521351447328
86148.95528095508 735599.4615912023 3677.9973079560114 0.0 0.1001521351447328
86148.95528095508 735599.4615912023 3677.9973079560114 0.01576913550043482 0.11592127064516762
86148.95528095508 735599.4615912023 3677.9973079560114 0.0 0.11592127064516762
86148.95528095508 735599.4615912023 3677.9973079560114 0.0 0.11592127064516762
86148.95528095508 735599.4615912023 3677.9973079560114 0.0 0.11592127064516762
86148.95528095508 735599.4615912023 3677.9973079560114 0.0 0.11592127064516762
86148.95528095508 735599.4615912023 3677.9973079560114 4.350193504870112e-05 0.11596477258021633
86148.95528095508 735599.4615912023 3677.9973079560114 0.00028484633907438234 0.11624961891929071
86148.95528095508 735599.4615912023 3677.9973079560114 0.0 0.11624961891929071
86148.95528095508 735599.4615912023 3677.9973079560114 0.0 0.11624961891929071
86148.95528095508 735599.4615912023 3677.9973079560114 0.0 0.11624961891929071
86148.95528095508 735599.4615912023 3677.9973079560114 0.00028484633907438234 0.1165344652583651
86148.95528095508 735599.4615912023 3677.9973079560114 6.079580245104772e-05 0.11659526106081615
86148.95528095508 735599.4615912023 3677.9973079560114 0.000348015480389609 0.11694327654120576
86148.95528095508 735599.4615912023 3677.9973079560114 0.0 0.11694327654120576
86148.95528095508 735599.4615912023 3677.9973079560114 0.0 0.11694327654120576
86148.95528095508 735599.4615912023 3677.9973079560114 0.0 0.11694327654120576
86148.95528095508 735599.4615912023 3677.9973079560114 0.0037542321170137183 0.12069750865821947
86148.95528095508 735599.4615912023 3677.9973079560114 0.0 0.12069750865821947
86148.95528095508 735599.4615912023 3677.9973079560114 0.007642898550370096 0.12834040720858958
86148.95528095508 735599.4615912023 3677.9973079560114 7.991815776976008e-05 0.12842032536635933
86148.95528095508 735599.4615912023 3677.9973079560114 0.0 0.12842032536635933
86148.95528095508 735599.4615912023 3677.9973079560114 2.8255335649466862e-05 0.1284485807020088
86148.95528095508 735599.4615912023 3677.9973079560114 0.017045391026790126 0.1454939717287989
86148.95528095508 735599.4615912023 3677.9973079560114 0.0 0.1454939717287989
86148.95528095508 735599.4615912023 3677.9973079560114 0.0 0.1454939717287989
86148.95528095508 735599.4615912023 3677.9973079560114 0.0 0.1454939717287989
86148.95528095508 735599.4615912023 3677.9973079560114 0.0 0.1454939717287989
86148.95528095508 735599.4615912023 3677.9973079560114 0.0 0.1454939717287989
86148.95528095508 735599.4615912023 3677.9973079560114 0.00031590425619640533 0.1458098759849953
86148.95528095508 735599.4615912023 3677.9973079560114 0.0 0.1458098759849953
86148.95528095508 735599.4615912023 3677.9973079560114 0.0028836238040008478 0.14869349978899615
86148.95528095508 735599.4615912023 3677.9973079560114 0.0009385580292534296 0.1496320578182496
86148.95528095508 735599.4615912023 3677.9973079560114 0.0 0.1496320578182496
86148.95528095508 735599.4615912023 3677.9973079560114 0.0 0.1496320578182496
86148.95528095508 735599.4615912023 3677.9973079560114 0.004503816073178333 0.15413587389142794
86148.95528095508 735599.4615912023 3677.9973079560114 0.0 0.15413587389142794
86148.95528095508 735599.4615912023 3677.9973079560114 0.0 0.15413587389142794
86148.95528095508 735599.4615912023 3677.9973079560114 0.0 0.15413587389142794
86148.95528095508 735599.4615912023 3677.9973079560114 0.00028484633907438234 0.15442072023050232
86148.95528095508 735599.4615912023 3677.9973079560114 0.0 0.15442072023050232
86148.95528095508 735599.4615912023 3677.9973079560114 0.0 0.15442072023050232
86148.95528095508 735599.4615912023 3677.9973079560114 0.00028484633907438234 0.1547055665695767
86148.95528095508 735599.4615912023 3677.9973079560114 0.10094373638080827 0.25564930295038496
86148.95528095508 735599.4615912023 3677.9973079560114 0.0 0.25564930295038496
86148.95528095508 735599.4615912023 3677.9973079560114 0.0 0.25564930295038496
86148.95528095508 735599.4615912023 3677.9973079560114 0.042474287809419656 0.2981235907598046
86148.95528095508 735599.4615912023 3677.9973079560114 0.0 0.2981235907598046
86148.95528095508 735599.4615912023 3677.9973079560114 0.00028484633907438234 0.298408437098879
86148.95528095508 735599.4615912023 3677.9973079560114 0.05315416692653948 0.35156260402541845
86148.95528095508 735599.4615912023 3677.9973079560114 0.0 0.35156260402541845
86148.95528095508 735599.4615912023 3677.9973079560114 0.008859027821089913 0.3604216318465084
86148.95528095508 735599.4615912023 3677.9973079560114 0.0020931845574961166 0.3625148164040045
86148.95528095508 735599.4615912023 3677.9973079560114 0.001392061921558436 0.36390687832556295
86148.95528095508 735599.4615912023 3677.9973079560114 0.001392061921558436 0.3652989402471214
86148.95528095508 735599.4615912023 3677.9973079560114 0.00038114653038967653 0.36568008677751107
86148.95528095508 735599.4615912023 3677.9973079560114 0.0 0.36568008677751107
86148.95528095508 735599.4615912023 3677.9973079560114 0.0022444637790876723 0.36792455055659873
86148.95528095508 735599.4615912023 3677.9973079560114 0.0 0.36792455055659873
86148.95528095508 735599.4615912023 3677.9973079560114 0.0002260426851957349 0.36815059324179444
86148.95528095508 735599.4615912023 3677.9973079560114 0.0 0.36815059324179444
86148.95528095508 735599.4615912023 3677.9973079560114 0.0 0.36815059324179444
86148.95528095508 735599.4615912023 3677.9973079560114 0.0 0.36815059324179444
86148.95528095508 735599.4615912023 3677.9973079560114 0.0 0.36815059324179444
86148.95528095508 735599.4615912023 3677.9973079560114 0.0 0.36815059324179444
86148.95528095508 735599.4615912023 3677.9973079560114 0.0 0.36815059324179444
86148.95528095508 735599.4615912023 3677.9973079560114 0.0 0.36815059324179444
86148.95528095508 735599.4615912023 3677.9973079560114 0.0 0.36815059324179444
86148.95528095508 735599.4615912023 3677.9973079560114 0.001945465678433527 0.37009605892022795
86148.95528095508 735599.4615912023 3677.9973079560114 0.0 0.37009605892022795
86148.95528095508 735599.4615912023 3677.9973079560114 0.0 0.37009605892022795
86148.95528095508 735599.4615912023 3677.9973079560114 0.003051576250142421 0.37314763517037036
86148.95528095508 735599.4615912023 3677.9973079560114 0.11711394553579893 0.4902615807061693
86148.95528095508 735599.4615912023 3677.9973079560114 0.0005872761231574652 0.4908488568293268
86148.95528095508 735599.4615912023 3677.9973079560114 0.0 0.4908488568293268
86148.95528095508 735599.4615912023 3677.9973079560114 0.0 0.4908488568293268
86148.95528095508 735599.4615912023 3677.9973079560114 0.004698208985259722 0.4955470658145865
86148.95528095508 735599.4615912023 3677.9973079560114 0.0 0.4955470658145865
86148.95528095508 735599.4615912023 3677.9973079560114 0.006866046562820447 0.5024131123774069
86148.95528095508 735599.4615912023 3677.9973079560114 0.0 0.5024131123774069
86148.95528095508 735599.4615912023 3677.9973079560114 0.0004152669291135897 0.5028283793065206
86148.95528095508 735599.4615912023 3677.9973079560114 0.005095114813838742 0.5079234941203593
86148.95528095508 735599.4615912023 3677.9973079560114 0.030595755621434764 0.5385192497417941
86148.95528095508 735599.4615912023 3677.9973079560114 0.0012636170247856213 0.5397828667665797
86148.95528095508 735599.4615912023 3677.9973079560114 0.048786755889878596 0.5885696226564583
86148.95528095508 735599.4615912023 3677.9973079560114 0.001801395117894704 0.590371017774353
86148.95528095508 735599.4615912023 3677.9973079560114 0.000599805360366032 0.590970823134719
86148.95528095508 735599.4615912023 3677.9973079560114 0.0 0.590970823134719
86148.95528095508 735599.4615912023 3677.9973079560114 0.0016610677164543587 0.5926318908511734
86148.95528095508 735599.4615912023 3677.9973079560114 0.00048636641960838174 0.5931182572707818
86148.95528095508 735599.4615912023 3677.9973079560114 0.0005232961393740292 0.5936415534101559
86148.95528095508 735599.4615912023 3677.9973079560114 0.0010195149730999739 0.5946610683832558
86148.95528095508 735599.4615912023 3677.9973079560114 0.0 0.5946610683832558
86148.95528095508 735599.4615912023 3677.9973079560114 0.003937345698262183 0.598598414081518
86148.95528095508 735599.4615912023 3677.9973079560114 0.0011393853562975294 0.5997377994378156
86148.95528095508 735599.4615912023 3677.9973079560114 0.004123343253692718 0.6038611426915083
86148.95528095508 735599.4615912023 3677.9973079560114 0.0 0.6038611426915083
86148.95528095508 735599.4615912023 3677.9973079560114 0.0 0.6038611426915083
86148.95528095508 735599.4615912023 3677.9973079560114 0.003222668447290534 0.6070838111387988
86148.95528095508 735599.4615912023 3677.9973079560114 0.0 0.6070838111387988
86148.95528095508 735599.4615912023 3677.9973079560114 0.000450348779473676 0.6075341599182725
86148.95528095508 735599.4615912023 3677.9973079560114 0.0004152669291135897 0.6079494268473862
86148.95528095508 735599.4615912023 3677.9973079560114 0.000450348779473676 0.6083997756268599
86148.95528095508 735599.4615912023 3677.9973079560114 0.0524532499381158 0.6608530255649757
86148.95528095508 735599.4615912023 3677.9973079560114 0.02284096016421655 0.6836939857291923
86148.95528095508 735599.4615912023 3677.9973079560114 0.000348015480389609 0.6840420012095819
86148.95528095508 735599.4615912023 3677.9973079560114 0.0 0.6840420012095819
86148.95528095508 735599.4615912023 3677.9973079560114 0.0016610677164543587 0.6857030689260363
86148.95528095508 735599.4615912023 3677.9973079560114 0.005754107359422726 0.691457176285459
86148.95528095508 735599.4615912023 3677.9973079560114 0.0 0.691457176285459
86148.95528095508 735599.4615912023 3677.9973079560114 6.079580245104772e-05 0.69151797208791
86148.95528095508 735599.4615912023 3677.9973079560114 0.032624479139199164 0.7241424512271092
86148.95528095508 735599.4615912023 3677.9973079560114 0.0 0.7241424512271092
86148.95528095508 735599.4615912023 3677.9973079560114 0.004053139015263084 0.7281955902423722
86148.95528095508 735599.4615912023 3677.9973079560114 0.0 0.7281955902423722
86148.95528095508 735599.4615912023 3677.9973079560114 0.0022444637790876723 0.73044005402146
86148.95528095508 735599.4615912023 3677.9973079560114 0.0 0.73044005402146
86148.95528095508 735599.4615912023 3677.9973079560114 0.0 0.73044005402146
86148.95528095508 735599.4615912023 3677.9973079560114 0.0 0.73044005402146
86148.95528095508 735599.4615912023 3677.9973079560114 0.011014472023716514 0.7414545260451765
86148.95528095508 735599.4615912023 3677.9973079560114 0.018351269515799528 0.759805795560976
86148.95528095508 735599.4615912023 3677.9973079560114 0.0 0.759805795560976
86148.95528095508 735599.4615912023 3677.9973079560114 0.005095114813838742 0.7649009103748148
86148.95528095508 735599.4615912023 3677.9973079560114 0.0 0.7649009103748148
86148.95528095508 735599.4615912023 3677.9973079560114 0.005297555197459115 0.7701984655722739
86148.95528095508 735599.4615912023 3677.9973079560114 0.048786755889878596 0.8189852214621525
86148.95528095508 735599.4615912023 3677.9973079560114 0.0027188709405438203 0.8217040924026963
86148.95528095508 735599.4615912023 3677.9973079560114 0.014283680024884305 0.8359877724275806
86148.95528095508 735599.4615912023 3677.9973079560114 0.07182284093080551 0.9078106133583861
86148.95528095508 735599.4615912023 3677.9973079560114 0.014283680024884305 0.9220942933832704
86148.95528095508 735599.4615912023 3677.9973079560114 0.003051576250142421 0.9251458696334128
86148.95528095508 735599.4615912023 3677.9973079560114 0.0009041707407829396 0.9260500403741958
86148.95528095508 735599.4615912023 3677.9973079560114 0.02161738157155011 0.9476674219457459
86148.95528095508 735599.4615912023 3677.9973079560114 0.006348302233281914 0.9540157241790278
86148.95528095508 735599.4615912023 3677.9973079560114 0.0009041707407829396 0.9549198949198108
86148.95528095508 735599.4615912023 3677.9973079560114 0.0 0.9549198949198108
86148.95528095508 735599.4615912023 3677.9973079560114 0.0006393452621580807 0.9555592401819688
86148.95528095508 735599.4615912023 3677.9973079560114 0.0 0.9555592401819688
86148.95528095508 735599.4615912023 3677.9973079560114 0.0 0.9555592401819688
86148.95528095508 735599.4615912023 3677.9973079560114 0.01013358616465125 0.96569282634662
86148.95528095508 735599.4615912023 3677.9973079560114 0.017302788713066238 0.9829956150596862
86148.95528095508 735599.4615912023 3677.9973079560114 0.0 0.9829956150596862
86148.95528095508 735599.4615912023 3677.9973079560114 0.006866046562820447 0.9898616616225067
86148.95528095508 735599.4615912023 3677.9973079560114 0.0009385580292534296 0.9908002196517601
86148.95528095508 735599.4615912023 3677.9973079560114 0.00031590425619640533 0.9911161239079566
86148.95528095508 735599.4615912023 3677.9973079560114 0.000599805360366032 0.9917159292683226
86148.95528095508 735599.4615912023 3677.9973079560114 0.005398248243294288 0.9971141775116169
86148.95528095508 735599.4615912023 3677.9973079560114 0.0007935377791602392 0.9979077152907772
86148.95528095508 735599.4615912023 3677.9973079560114 0.001945465678433527 0.9998531809692107
86148.95528095508 735599.4615912023 3677.9973079560114 0.0001468190307893663 1.0
301's generation extracting best parents:
0
0
145.9314907756376
0
2370.593174713873
0
583.7259631025504
0
749.9546652965098
0
0
0
0
0
0
0
0
0
0
28269.749768966827
0
0
0
280.3711825420009
0
2896.309375740099
0
0
25396.30965317599
58.787753826796276
0
0
2629.0682760247973
108.0
2370.593174713873
3033.1290773720793
3747.9637138051376
0
0
108.0
0
0
0
0
166.27687752661222
280.3711825420009
432.0
0
0
0
0
11599.767583878567
0
0
0
0
0
209.53281365934072
0
0
0
209.53281365934072
0
256.0
0
0
0
2761.6111239636907
0
5622.112058648423
58.787753826796276
0
0
12538.580461918327
0
0
0
0
0
232.379000772445
0
2121.1921176545984
690.4027809909227
0
0
3313.004678535785
0
0
0
209.53281365934072
0
0
209.53281365934072
74254.15813272682
0
0
31244.063244078865
0
209.53281365934072
39100.176572491335
0
6516.696095415223
1539.7454335051623
1024.0
1024.0
280.3711825420009
0
1651.0263474578471
0
166.27687752661222
0
0
0
0
0
0
0
0
1431.0835055998655
0
0
2244.737846609265
86148.95528095508
432.0
0
0
3456.0
0
5050.660154870846
0
305.47012947258855
3747.9637138051376
22506.221362103413
929.51600308978
35887.511365376115
1325.1052788363647
441.2165001447702
0
1221.8805178903542
357.77087639996637
384.93635837629057
749.9546652965098
0
2896.309375740099
838.1312546373629
3033.1290773720793
0
0
2370.593174713873
0
331.2763197090912
305.47012947258855
331.2763197090912
38584.58241318675
16801.797999023795
256.0
0
1221.8805178903542
4232.718275529332
0
0
23998.549289488314
0
2981.4868773818207
0
1651.0263474578471
0
0
0
8102.239690357228
13499.183975337177
0
3747.9637138051376
0
3896.8787510006005
35887.511365376115
2000.0
10507.067335845906
52832.84311865111
10507.067335845906
2244.737846609265
665.1075101064489
15901.734245043841
4669.807704820403
665.1075101064489
0
470.3020306143702
0
0
7454.260526705516
12727.922061357856
0
5050.660154870846
690.4027809909227
232.379000772445
441.2165001447702
3970.9485013029316
583.7259631025504
1431.0835055998655
108.0
