0 0 50 0 1.0 0.0
1 0 2 0 2.8284271247461903 0.0
2 17 301 1156 5222.154823442139 6036810.975899112
3 0 50 0 1.0 0.0
4 21 334 1764 6104.07273875402 10767584.311162092
5 0 50 0 1.0 0.0
6 0 50 0 1.0 0.0
7 4 39 64 243.55492193753753 15587.515004002402
8 0 50 0 1.0 0.0
9 0 50 0 1.0 0.0
10 13 146 676 1764.1247121448075 1192548.30540989
11 0 50 0 1.0 0.0
12 2 59 16 27.0 432.0
13 5 47 100 322.21576621884907 32221.576621884906
14 0 50 0 1.0 0.0
15 0 14 0 52.38320341483518 0.0
16 15 309 900 5431.724311855306 4888551.880669775
17 0 50 0 1.0 0.0
18 15 191 900 2639.672517567283 2375705.265810555
19 1 33 4 189.57056733575496 758.2822693430198
20 7 95 196 925.9454627568516 181485.3107003429
21 0 50 0 1.0 0.0
22 0 50 0 1.0 0.0
23 0 50 0 1.0 0.0
24 9 114 324 1217.1869207315694 394368.5623170285
25 0 50 0 1.0 0.0
26 21 441 1764 9261.0 16336404.0
27 10 134 400 1551.1621449738902 620464.857989556
28 2 32 16 181.01933598375618 2896.309375740099
29 14 170 784 2216.5288177689004 1737758.5931308179
30 0 50 0 1.0 0.0
31 4 78 64 148.16207341961706 9482.372698855492
32 0 50 0 1.0 0.0
33 2 23 16 110.30412503619254 1764.8660005790807
34 0 50 0 1.0 0.0
35 0 50 0 1.0 0.0
36 0 50 0 1.0 0.0
37 4 54 64 396.81733833087486 25396.30965317599
38 1 11 4 36.4828726939094 145.9314907756376
39 0 50 0 1.0 0.0
40 0 50 0 1.0 0.0
41 19 382 1444 7466.121349134369 10781079.228150029
42 4 98 64 332.55375505322445 21283.440323406365
43 0 50 0 1.0 0.0
44 14 251 784 3976.5878589564695 3117644.881421872
45 23 316 2116 5617.338871743452 11886289.052609144
46 1 15 4 58.09475019311125 232.379000772445
47 0 50 0 1.0 0.0
48 6 110 144 1153.6897329871667 166131.321550152
49 0 50 0 1.0 0.0
50 4 80 64 715.5417527999327 45794.672179195695
51 0 50 0 1.0 0.0
52 0 50 0 1.0 0.0
53 1 14 4 52.38320341483518 209.53281365934072
54 2 23 16 110.30412503619254 1764.8660005790807
55 0 50 0 1.0 0.0
56 7 404 196 1911.089741482592 374573.589330588
57 1 32 4 181.01933598375618 724.0773439350247
58 4 88 64 825.5131737289236 52832.84311865111
59 14 446 784 2744.0 2151296.0
60 0 6 0 14.696938456699069 0.0
61 0 50 0 1.0 0.0
62 0 13 0 46.87216658103186 0.0
63 22 455 1936 9705.481698504202 18789812.568304133
64 2 34 16 198.25236442474022 3172.0378307958435
65 0 50 0 1.0 0.0
66 0 50 0 1.0 0.0
67 0 50 0 1.0 0.0
68 20 311 1600 5484.544739538552 8775271.583261684
69 8 396 256 1764.1247121448075 451615.9263090707
70 0 50 0 1.0 0.0
71 0 2 0 2.8284271247461903 0.0
72 0 9 0 27.0 0.0
73 1 15 4 58.09475019311125 232.379000772445
74 2 34 16 198.25236442474022 3172.0378307958435
75 0 50 0 1.0 0.0
76 0 2 0 2.8284271247461903 0.0
77 14 265 784 4313.8874579664225 3382087.7670456753
78 2 37 16 225.06221362103412 3600.995417936546
79 0 50 0 1.0 0.0
80 0 50 0 1.0 0.0
81 0 50 0 1.0 0.0
82 0 50 0 1.0 0.0
83 0 2 0 2.8284271247461903 0.0
84 1 10 4 31.622776601683793 126.49110640673517
85 2 30 16 164.31676725154983 2629.0682760247973
86 1 18 4 76.36753236814714 305.47012947258855
87 29 490 3364 10846.61237437754 36488004.027406044
88 0 50 0 1.0 0.0
89 2 14 16 52.38320341483518 838.1312546373629
90 0 50 0 1.0 0.0
91 6 83 144 756.1659870689768 108887.90213793266
92 2 28 16 148.16207341961706 2370.593174713873
93 0 50 0 1.0 0.0
94 1 23 4 110.30412503619254 441.2165001447702
95 1 15 4 58.09475019311125 232.379000772445
96 0 50 0 1.0 0.0
97 0 5 0 11.180339887498949 0.0
98 2 19 16 82.8190799272728 1325.1052788363647
99 1 7 4 18.520259177452132 74.08103670980853
100 12 187 576 2557.1865399301632 1472939.446999774
101 14 251 784 3976.5878589564695 3117644.881421872
102 1 73 4 110.30412503619254 441.2165001447702
103 23 380 2116 7407.563702054813 15674404.793547984
104 8 99 256 985.0375627355537 252169.61606030175
105 15 246 900 3858.359236774098 3472523.313096688
106 12 137 576 1603.5438877685885 923641.279354707
107 1 80 4 164.31676725154983 657.2670690061993
108 13 228 676 3442.724502483462 2327281.7636788203
109 10 150 400 1837.1173070873836 734846.9228349534
110 19 217 1444 3196.609610196403 4615904.277123606
111 8 112 256 1185.2965873569365 303435.92636337574
112 0 50 0 1.0 0.0
113 13 220 676 3263.127334322092 2205874.0780017343
114 30 488 3600 10780.272352774766 38808980.46998916
115 17 226 1156 3397.5249815122775 3927538.878628193
116 22 349 1936 6519.858050602023 12622445.185965516
117 22 412 1936 8362.686649635989 16190161.353695275
118 12 184 576 2495.8974337900986 1437636.9218630968
119 5 130 100 715.5417527999327 71554.17527999327
120 24 388 2304 7642.713654193777 17608812.25926246
121 16 243 1024 3787.995116153135 3878906.99894081
122 13 181 676 2435.1059525203414 1646131.6239037507
123 9 128 324 1448.1546878700494 469202.118869896
124 18 232 1296 3533.7187211208534 4579699.462572626
125 3 95 36 301.8691769624716 10867.290370648978
126 10 163 400 2081.044689573004 832417.8758292015
127 24 396 2304 7880.30050188443 18156212.356341727
128 17 233 1156 3556.5906427363834 4111418.7830032595
129 1 26 4 132.5745073534124 530.2980294136496
130 12 182 576 2455.3142365082317 1414261.0002287414
131 25 343 2500 6352.448897866082 15881122.244665205
132 11 196 484 2744.0 1328096.0
133 17 262 1156 4240.840482734525 4902411.598041111
134 31 462 3844 9930.31359021456 38172125.44078477
135 19 385 1444 7554.245495084205 10908330.494901592
136 23 263 2116 4265.143256679663 9025043.131134167
137 2 17 16 70.09279563550022 1121.4847301680036
138 17 217 1156 3196.609610196403 3695280.709387042
139 19 219 1444 3240.9040405417745 4679865.4345423225
140 22 389 1936 7672.279257169932 14853532.64188099
141 29 355 3364 6688.712506902954 22500828.87322154
142 4 65 64 524.0467536394058 33538.99223292197
143 18 284 1296 4786.053071164171 6202724.780228766
144 18 230 1296 3488.1227042637133 4520607.024725772
145 16 282 1024 4735.58528589656 4849239.332758077
146 23 378 2116 7349.159951994514 15550822.458420392
147 12 141 576 1674.2822342723464 964386.5669408715
148 18 254 1296 4048.0938724293437 5246329.65866843
149 28 391 3136 7731.524493914509 24246060.8129159
150 14 238 784 3671.68517168888 2878601.174604082
151 8 91 256 868.0846732894205 222229.67636209165
152 22 353 1936 6632.267862503745 12840070.58180725
153 28 445 3136 9387.285283829398 29438526.650088992
154 28 453 3136 9641.559884168122 30235931.79675123
155 26 329 2704 5967.519501434411 16136172.731878648
156 26 336 2704 6158.981734020649 16653886.608791836
157 4 66 64 536.1865347059734 34315.938221182296
158 19 439 1444 9198.071482653308 13282015.220951376
159 23 397 2116 7910.168961532996 16737917.52260382
160 15 246 900 3858.359236774098 3472523.313096688
161 20 310 1600 5458.113227114292 8732981.163382867
162 23 437 2116 9135.286147680323 19330265.48849156
163 16 234 1024 3579.511698542135 3665419.9793071463
164 9 139 324 1638.785831034672 530966.6092552337
165 23 367 2116 7030.708570265162 14876979.334681083
166 13 192 676 2660.4300404257956 1798450.7073278378
167 17 277 1156 4610.198802654827 5329389.81586898
168 16 275 1024 4560.359086738675 4669807.704820403
169 15 301 900 5222.154823442139 4699939.341097925
170 23 384 2116 7524.832489829923 15922545.548480118
171 11 156 484 1948.4393755003002 943044.6577421454
172 24 352 2304 6604.1053898313885 15215858.81817152
173 15 230 900 3488.1227042637133 3139310.433837342
174 17 267 1156 4362.815948444308 5043415.236401619
175 22 321 1936 5751.187790361222 11134299.562139327
176 13 193 676 2681.2416899638124 1812519.3824155373
177 24 437 2304 9135.286147680323 21047699.284255464
178 27 387 2916 7613.186126714622 22200050.74549984
179 10 150 400 1837.1173070873836 734846.9228349534
180 26 351 2704 6575.982892313514 17781457.74081574
181 27 364 2916 6944.677386315364 20250679.258495603
182 26 449 2704 9514.139425087275 25726233.005435992
183 15 195 900 2723.0268085349435 2450724.127681449
184 11 155 484 1929.7344376882536 933991.4678411147
185 31 529 3844 12167.0 46769948.0
186 16 482 1024 3533.7187211208534 3618527.970427754
187 24 402 2304 8060.074937616895 18570412.656269327
188 18 319 1296 5697.522180737868 7383988.746236278
189 18 309 1296 5431.724311855306 7039514.708164477
190 21 312 1764 5511.018780588576 9721437.128958248
191 25 415 2500 8454.192746797295 21135481.866993237
192 31 419 3844 8576.716096502203 32968896.67495447
193 13 169 676 2197.0 1485172.0
194 11 227 484 3420.0998523434955 1655328.3285342518
195 14 197 784 2765.0267629807854 2167780.9821769358
196 23 397 2116 7910.168961532996 16737917.52260382
197 26 385 2704 7554.245495084205 20426679.81870769
198 16 212 1024 3086.7665930549397 3160848.991288258
199 17 255 1156 4072.0234527811845 4707259.111415049
2301's generation fitness ratios and roulette cutoffs:
46769948.0 1057116694.4435227 5285583.472217614 0.0 0.0
46769948.0 1057116694.4435227 5285583.472217614 0.0 0.0
46769948.0 1057116694.4435227 5285583.472217614 0.005710638198819624 0.005710638198819624
46769948.0 1057116694.4435227 5285583.472217614 0.0 0.005710638198819624
46769948.0 1057116694.4435227 5285583.472217614 0.010185804810158882 0.015896443008978505
46769948.0 1057116694.4435227 5285583.472217614 0.0 0.015896443008978505
46769948.0 1057116694.4435227 5285583.472217614 0.0 0.015896443008978505
46769948.0 1057116694.4435227 5285583.472217614 1.4745311549741282e-05 0.015911188320528246
46769948.0 1057116694.4435227 5285583.472217614 0.0 0.015911188320528246
46769948.0 1057116694.4435227 5285583.472217614 0.0 0.015911188320528246
46769948.0 1057116694.4435227 5285583.472217614 0.0011281141539796226 0.01703930247450787
46769948.0 1057116694.4435227 5285583.472217614 0.0 0.01703930247450787
46769948.0 1057116694.4435227 5285583.472217614 4.0865876233977114e-07 0.01703971113327021
46769948.0 1057116694.4435227 5285583.472217614 3.0480624127165717e-05 0.017070191757397376
46769948.0 1057116694.4435227 5285583.472217614 0.0 0.017070191757397376
46769948.0 1057116694.4435227 5285583.472217614 0.0 0.017070191757397376
46769948.0 1057116694.4435227 5285583.472217614 0.004624420280528405 0.021694612037925783
46769948.0 1057116694.4435227 5285583.472217614 0.0 0.021694612037925783
46769948.0 1057116694.4435227 5285583.472217614 0.002247344383356987 0.02394195642128277
46769948.0 1057116694.4435227 5285583.472217614 7.173117909581284e-07 0.023942673733073728
46769948.0 1057116694.4435227 5285583.472217614 0.00017167954271678462 0.024114353275790514
46769948.0 1057116694.4435227 5285583.472217614 0.0 0.024114353275790514
46769948.0 1057116694.4435227 5285583.472217614 0.0 0.024114353275790514
46769948.0 1057116694.4435227 5285583.472217614 0.0 0.024114353275790514
46769948.0 1057116694.4435227 5285583.472217614 0.00037306057542174024 0.024487413851212253
46769948.0 1057116694.4435227 5285583.472217614 0.0 0.024487413851212253
46769948.0 1057116694.4435227 5285583.472217614 0.015453737591950201 0.03994115144316245
46769948.0 1057116694.4435227 5285583.472217614 0.0005869407429197542 0.04052809218608221
46769948.0 1057116694.4435227 5285583.472217614 2.739819918618111e-06 0.04053083200600083
46769948.0 1057116694.4435227 5285583.472217614 0.0016438663794308842 0.04217469838543171
46769948.0 1057116694.4435227 5285583.472217614 0.0 0.04217469838543171
46769948.0 1057116694.4435227 5285583.472217614 8.970034007311853e-06 0.042183668419439026
46769948.0 1057116694.4435227 5285583.472217614 0.0 0.042183668419439026
46769948.0 1057116694.4435227 5285583.472217614 1.669509156231919e-06 0.04218533792859526
46769948.0 1057116694.4435227 5285583.472217614 0.0 0.04218533792859526
46769948.0 1057116694.4435227 5285583.472217614 0.0 0.04218533792859526
46769948.0 1057116694.4435227 5285583.472217614 0.0 0.04218533792859526
46769948.0 1057116694.4435227 5285583.472217614 2.402413071959371e-05 0.04220936205931485
46769948.0 1057116694.4435227 5285583.472217614 1.3804671853418932e-07 0.04220950010603339
46769948.0 1057116694.4435227 5285583.472217614 0.0 0.04220950010603339
46769948.0 1057116694.4435227 5285583.472217614 0.0 0.04220950010603339
46769948.0 1057116694.4435227 5285583.472217614 0.010198570588108347 0.05240807069414173
46769948.0 1057116694.4435227 5285583.472217614 2.0133482363184313e-05 0.052428204176504914
46769948.0 1057116694.4435227 5285583.472217614 0.0 0.052428204176504914
46769948.0 1057116694.4435227 5285583.472217614 0.002949196524668483 0.0553774007011734
46769948.0 1057116694.4435227 5285583.472217614 0.011244065215398202 0.0666214659165716
46769948.0 1057116694.4435227 5285583.472217614 2.1982341400328727e-07 0.0666216857399856
46769948.0 1057116694.4435227 5285583.472217614 0.0 0.0666216857399856
46769948.0 1057116694.4435227 5285583.472217614 0.00015715513946887885 0.06677884087945447
46769948.0 1057116694.4435227 5285583.472217614 0.0 0.06677884087945447
46769948.0 1057116694.4435227 5285583.472217614 4.3320356607651996e-05 0.06682216123606212
46769948.0 1057116694.4435227 5285583.472217614 0.0 0.06682216123606212
46769948.0 1057116694.4435227 5285583.472217614 0.0 0.06682216123606212
46769948.0 1057116694.4435227 5285583.472217614 1.982116210638798e-07 0.06682235944768318
46769948.0 1057116694.4435227 5285583.472217614 1.669509156231919e-06 0.0668240289568394
46769948.0 1057116694.4435227 5285583.472217614 0.0 0.0668240289568394
46769948.0 1057116694.4435227 5285583.472217614 0.0003543351375486199 0.06717836409438803
46769948.0 1057116694.4435227 5285583.472217614 6.849549796545277e-07 0.06717904904936768
46769948.0 1057116694.4435227 5285583.472217614 4.997825064759087e-05 0.06722902730001527
46769948.0 1057116694.4435227 5285583.472217614 0.002035060094413195 0.06926408739442846
46769948.0 1057116694.4435227 5285583.472217614 0.0 0.06926408739442846
46769948.0 1057116694.4435227 5285583.472217614 0.0 0.06926408739442846
46769948.0 1057116694.4435227 5285583.472217614 0.0 0.06926408739442846
46769948.0 1057116694.4435227 5285583.472217614 0.017774586918424637 0.0870386743128531
46769948.0 1057116694.4435227 5285583.472217614 3.0006505880276893e-06 0.08704167496344113
46769948.0 1057116694.4435227 5285583.472217614 0.0 0.08704167496344113
46769948.0 1057116694.4435227 5285583.472217614 0.0 0.08704167496344113
46769948.0 1057116694.4435227 5285583.472217614 0.0 0.08704167496344113
46769948.0 1057116694.4435227 5285583.472217614 0.0083011380194701 0.09534281298291124
46769948.0 1057116694.4435227 5285583.472217614 0.000427214827542579 0.09577002781045382
46769948.0 1057116694.4435227 5285583.472217614 0.0 0.09577002781045382
46769948.0 1057116694.4435227 5285583.472217614 0.0 0.09577002781045382
46769948.0 1057116694.4435227 5285583.472217614 0.0 0.09577002781045382
46769948.0 1057116694.4435227 5285583.472217614 2.1982341400328727e-07 0.09577024763386782
46769948.0 1057116694.4435227 5285583.472217614 3.0006505880276893e-06 0.09577324828445585
46769948.0 1057116694.4435227 5285583.472217614 0.0 0.09577324828445585
46769948.0 1057116694.4435227 5285583.472217614 0.0 0.09577324828445585
46769948.0 1057116694.4435227 5285583.472217614 0.0031993513912161246 0.09897259967567197
46769948.0 1057116694.4435227 5285583.472217614 3.406431321030407e-06 0.098976006106993
46769948.0 1057116694.4435227 5285583.472217614 0.0 0.098976006106993
46769948.0 1057116694.4435227 5285583.472217614 0.0 0.098976006106993
46769948.0 1057116694.4435227 5285583.472217614 0.0 0.098976006106993
46769948.0 1057116694.4435227 5285583.472217614 0.0 0.098976006106993
46769948.0 1057116694.4435227 5285583.472217614 0.0 0.098976006106993
46769948.0 1057116694.4435227 5285583.472217614 1.1965671062769605e-07 0.09897612576370363
46769948.0 1057116694.4435227 5285583.472217614 2.4870180272848368e-06 0.09897861278173091
46769948.0 1057116694.4435227 5285583.472217614 2.889653820417539e-07 0.09897890174711295
46769948.0 1057116694.4435227 5285583.472217614 0.03451653371779708 0.13349543546491002
46769948.0 1057116694.4435227 5285583.472217614 0.0 0.13349543546491002
46769948.0 1057116694.4435227 5285583.472217614 7.928464842555191e-07 0.13349622831139427
46769948.0 1057116694.4435227 5285583.472217614 0.0 0.13349622831139427
46769948.0 1057116694.4435227 5285583.472217614 0.00010300461879967981 0.13359923293019393
46769948.0 1057116694.4435227 5285583.472217614 2.2425085018279632e-06 0.13360147543869577
46769948.0 1057116694.4435227 5285583.472217614 0.0 0.13360147543869577
46769948.0 1057116694.4435227 5285583.472217614 4.1737728905797973e-07 0.13360189281598484
46769948.0 1057116694.4435227 5285583.472217614 2.1982341400328727e-07 0.13360211263939883
46769948.0 1057116694.4435227 5285583.472217614 0.0 0.13360211263939883
46769948.0 1057116694.4435227 5285583.472217614 0.0 0.13360211263939883
46769948.0 1057116694.4435227 5285583.472217614 1.253508988933255e-06 0.13360336614838778
46769948.0 1057116694.4435227 5285583.472217614 7.007839068212385e-08 0.13360343622677845
46769948.0 1057116694.4435227 5285583.472217614 0.001393355581973043 0.1349967918087515
46769948.0 1057116694.4435227 5285583.472217614 0.002949196524668483 0.13794598833341998
46769948.0 1057116694.4435227 5285583.472217614 4.1737728905797973e-07 0.13794640571070904
46769948.0 1057116694.4435227 5285583.472217614 0.014827506628110868 0.1527739123388199
46769948.0 1057116694.4435227 5285583.472217614 0.00023854472962707914 0.153012457068447
46769948.0 1057116694.4435227 5285583.472217614 0.003284900646588181 0.15629735771503517
46769948.0 1057116694.4435227 5285583.472217614 0.000873736347377355 0.15717109406241253
46769948.0 1057116694.4435227 5285583.472217614 6.217545068212092e-07 0.15717171581691936
46769948.0 1057116694.4435227 5285583.472217614 0.002201537234168765 0.15937325305108813
46769948.0 1057116694.4435227 5285583.472217614 0.0006951426712845402 0.16006839572237266
46769948.0 1057116694.4435227 5285583.472217614 0.004366504002241178 0.16443489972461384
46769948.0 1057116694.4435227 5285583.472217614 0.0002870410882339793 0.16472194081284783
46769948.0 1057116694.4435227 5285583.472217614 0.0 0.16472194081284783
46769948.0 1057116694.4435227 5285583.472217614 0.0020866892837814177 0.16680863009662925
46769948.0 1057116694.4435227 5285583.472217614 0.03671210631142157 0.20352073640805082
46769948.0 1057116694.4435227 5285583.472217614 0.003715331428660949 0.20723606783671178
46769948.0 1057116694.4435227 5285583.472217614 0.011940446359718217 0.21917651419643
46769948.0 1057116694.4435227 5285583.472217614 0.01531539652982015 0.23449191072625014
46769948.0 1057116694.4435227 5285583.472217614 0.0013599604749595633 0.2358518712012097
46769948.0 1057116694.4435227 5285583.472217614 6.768805719945624e-05 0.23591955925840916
46769948.0 1057116694.4435227 5285583.472217614 0.01665739681514719 0.25257695607355635
46769948.0 1057116694.4435227 5285583.472217614 0.0036693271606903412 0.2562462832342467
46769948.0 1057116694.4435227 5285583.472217614 0.0015571900742427417 0.25780347330848946
46769948.0 1057116694.4435227 5285583.472217614 0.000443850826816134 0.2582473241353056
46769948.0 1057116694.4435227 5285583.472217614 0.00433225535709038 0.26257957949239596
46769948.0 1057116694.4435227 5285583.472217614 1.0280123687167416e-05 0.2625898596160831
46769948.0 1057116694.4435227 5285583.472217614 0.0007874418029765343 0.26337730141905963
46769948.0 1057116694.4435227 5285583.472217614 0.0171752205331497 0.2805525219522093
46769948.0 1057116694.4435227 5285583.472217614 0.00388927618361713 0.28444179813582643
46769948.0 1057116694.4435227 5285583.472217614 5.016456860449111e-07 0.2844422997815125
46769948.0 1057116694.4435227 5285583.472217614 0.0013378475693955655 0.28578014735090806
46769948.0 1057116694.4435227 5285583.472217614 0.015023055002480303 0.30080320235338837
46769948.0 1057116694.4435227 5285583.472217614 0.0012563381195101868 0.30205954047289857
46769948.0 1057116694.4435227 5285583.472217614 0.004637531148462083 0.3066970716213607
46769948.0 1057116694.4435227 5285583.472217614 0.03610966096877221 0.3428067325901329
46769948.0 1057116694.4435227 5285583.472217614 0.010318946387128861 0.35312567897726177
46769948.0 1057116694.4435227 5285583.472217614 0.008537414250074865 0.36166309322733664
46769948.0 1057116694.4435227 5285583.472217614 1.0608901893828902e-06 0.361664154117526
46769948.0 1057116694.4435227 5285583.472217614 0.0034956223175836576 0.36515977643510966
46769948.0 1057116694.4435227 5285583.472217614 0.004427009297214677 0.36958678573232434
46769948.0 1057116694.4435227 5285583.472217614 0.01405098672639925 0.3836377724587236
46769948.0 1057116694.4435227 5285583.472217614 0.02128509462719838 0.40492286708592196
46769948.0 1057116694.4435227 5285583.472217614 3.1726858925993265e-05 0.40495459394484795
46769948.0 1057116694.4435227 5285583.472217614 0.005867587573663232 0.4108221815185112
46769948.0 1057116694.4435227 5285583.472217614 0.004276355721640993 0.41509853724015217
46769948.0 1057116694.4435227 5285583.472217614 0.004587231814847809 0.419685769055
46769948.0 1057116694.4435227 5285583.472217614 0.014710601525980542 0.4343963705809805
46769948.0 1057116694.4435227 5285583.472217614 0.0009122801408869384 0.4353086507218675
46769948.0 1057116694.4435227 5285583.472217614 0.004962867095226561 0.44027151781709406
46769948.0 1057116694.4435227 5285583.472217614 0.02293603056347462 0.46320754838056866
46769948.0 1057116694.4435227 5285583.472217614 0.002723068502971101 0.46593061688353976
46769948.0 1057116694.4435227 5285583.472217614 0.00021022246411412098 0.4661408393476539
46769948.0 1057116694.4435227 5285583.472217614 0.012146313315547814 0.4782871526632017
46769948.0 1057116694.4435227 5285583.472217614 0.02784794413410124 0.506135096797303
46769948.0 1057116694.4435227 5285583.472217614 0.028602264968171507 0.5347373617654745
46769948.0 1057116694.4435227 5285583.472217614 0.015264324947940491 0.550001686713415
46769948.0 1057116694.4435227 5285583.472217614 0.015754066411332777 0.5657557531247478
46769948.0 1057116694.4435227 5285583.472217614 3.246182602313983e-05 0.5657882149507709
46769948.0 1057116694.4435227 5285583.472217614 0.012564379401787017 0.5783525943525579
46769948.0 1057116694.4435227 5285583.472217614 0.01583355708086214 0.59418615143342
46769948.0 1057116694.4435227 5285583.472217614 0.003284900646588181 0.5974710520800082
46769948.0 1057116694.4435227 5285583.472217614 0.008261132578158744 0.6057321846581669
46769948.0 1057116694.4435227 5285583.472217614 0.018285838819967946 0.6240180234781348
46769948.0 1057116694.4435227 5285583.472217614 0.003467374981942426 0.6274853984600772
46769948.0 1057116694.4435227 5285583.472217614 0.0005022781420879367 0.6279876766021651
46769948.0 1057116694.4435227 5285583.472217614 0.014073166579317415 0.6420608431814826
46769948.0 1057116694.4435227 5285583.472217614 0.0017012792596890745 0.6437621224411717
46769948.0 1057116694.4435227 5285583.472217614 0.0050414394587481445 0.6488035618999198
46769948.0 1057116694.4435227 5285583.472217614 0.0044174949930940585 0.6532210568930139
46769948.0 1057116694.4435227 5285583.472217614 0.0044459985976969384 0.6576670554907108
46769948.0 1057116694.4435227 5285583.472217614 0.015062240178566012 0.6727292956692769
46769948.0 1057116694.4435227 5285583.472217614 0.0008920913487593477 0.6736213870180362
46769948.0 1057116694.4435227 5285583.472217614 0.01439373618650617 0.6880151232045424
46769948.0 1057116694.4435227 5285583.472217614 0.0029696914733618016 0.6909848146779042
46769948.0 1057116694.4435227 5285583.472217614 0.004770916269614421 0.6957557309475186
46769948.0 1057116694.4435227 5285583.472217614 0.010532706200426187 0.7062884371479449
46769948.0 1057116694.4435227 5285583.472217614 0.0017145877952193978 0.7080030249431642
46769948.0 1057116694.4435227 5285583.472217614 0.019910478563897046 0.7279135035070613
46769948.0 1057116694.4435227 5285583.472217614 0.021000567735037216 0.7489140712420985
46769948.0 1057116694.4435227 5285583.472217614 0.0006951426712845402 0.7496092139133831
46769948.0 1057116694.4435227 5285583.472217614 0.01682071415036737 0.7664299280637504
46769948.0 1057116694.4435227 5285583.472217614 0.019156522042399277 0.7855864501061497
46769948.0 1057116694.4435227 5285583.472217614 0.024336228101078803 0.8099226782072285
46769948.0 1057116694.4435227 5285583.472217614 0.0023183099279039726 0.8122409881351325
46769948.0 1057116694.4435227 5285583.472217614 0.0008835273085274446 0.8131245154436599
46769948.0 1057116694.4435227 5285583.472217614 0.04424293764901725 0.8573674530926771
46769948.0 1057116694.4435227 5285583.472217614 0.003423016578441782 0.8607904696711189
46769948.0 1057116694.4435227 5285583.472217614 0.017567041324652418 0.8783575109957713
46769948.0 1057116694.4435227 5285583.472217614 0.006985027088351194 0.8853425380841226
46769948.0 1057116694.4435227 5285583.472217614 0.006659165203960904 0.8920017032880835
46769948.0 1057116694.4435227 5285583.472217614 0.009196181632601795 0.9011978849206853
46769948.0 1057116694.4435227 5285583.472217614 0.019993518197268825 0.9211914031179541
46769948.0 1057116694.4435227 5285583.472217614 0.03118756599744141 0.9523789691153955
46769948.0 1057116694.4435227 5285583.472217614 0.0014049272022724133 0.9537838963176679
46769948.0 1057116694.4435227 5285583.472217614 0.0015658898750110402 0.955349786192679
46769948.0 1057116694.4435227 5285583.472217614 0.0020506543824076852 0.9574004405750867
46769948.0 1057116694.4435227 5285583.472217614 0.01583355708086214 0.9732339976559488
46769948.0 1057116694.4435227 5285583.472217614 0.019323013179221908 0.9925570108351707
46769948.0 1057116694.4435227 5285583.472217614 0.0029900662887101244 0.9955470771238808
46769948.0 1057116694.4435227 5285583.472217614 0.004452922876119178 1.0
2301's generation extracting best parents:
0
0
6036810.975899112
0
10767584.311162092
0
0
0
0
0
1192548.30540989
0
0
0
0
0
4888551.880669775
0
2375705.265810555
0
0
0
0
0
0
0
16336404.0
0
0
1737758.5931308179
0
0
0
0
0
0
0
0
0
0
0
10781079.228150029
0
0
3117644.881421872
11886289.052609144
0
0
0
0
0
0
0
0
0
0
0
0
0
2151296.0
0
0
0
18789812.568304133
0
0
0
0
8775271.583261684
0
0
0
0
0
0
0
0
3382087.7670456753
0
0
0
0
0
0
0
0
0
36488004.027406044
0
0
0
0
0
0
0
0
0
0
0
0
1472939.446999774
3117644.881421872
0
15674404.793547984
0
3472523.313096688
923641.279354707
0
2327281.7636788203
0
4615904.277123606
0
0
2205874.0780017343
38808980.46998916
3927538.878628193
12622445.185965516
16190161.353695275
1437636.9218630968
0
17608812.25926246
3878906.99894081
1646131.6239037507
0
4579699.462572626
0
832417.8758292015
18156212.356341727
4111418.7830032595
0
1414261.0002287414
15881122.244665205
1328096.0
4902411.598041111
38172125.44078477
10908330.494901592
9025043.131134167
0
3695280.709387042
4679865.4345423225
14853532.64188099
22500828.87322154
0
6202724.780228766
4520607.024725772
4849239.332758077
15550822.458420392
964386.5669408715
5246329.65866843
24246060.8129159
2878601.174604082
0
12840070.58180725
29438526.650088992
30235931.79675123
16136172.731878648
16653886.608791836
0
13282015.220951376
16737917.52260382
3472523.313096688
8732981.163382867
19330265.48849156
3665419.9793071463
0
14876979.334681083
1798450.7073278378
5329389.81586898
4669807.704820403
4699939.341097925
15922545.548480118
943044.6577421454
15215858.81817152
3139310.433837342
5043415.236401619
11134299.562139327
1812519.3824155373
21047699.284255464
22200050.74549984
0
17781457.74081574
20250679.258495603
25726233.005435992
2450724.127681449
933991.4678411147
46769948.0
3618527.970427754
18570412.656269327
7383988.746236278
7039514.708164477
9721437.128958248
21135481.866993237
32968896.67495447
1485172.0
1655328.3285342518
2167780.9821769358
16737917.52260382
20426679.81870769
3160848.991288258
4707259.111415049
