0 0 12 0 41.569219381653056 0.0
1 0 5 0 11.180339887498949 0.0
2 1 53 4 5.196152422706632 20.784609690826528
3 2 7 16 18.520259177452132 296.3241468392341
4 1 33 4 189.57056733575496 758.2822693430198
5 0 2 0 2.8284271247461903 0.0
6 0 50 0 1.0 0.0
7 0 50 0 1.0 0.0
8 17 307 1156 5379.074548656116 6218210.17824647
9 12 480 576 3488.1227042637133 2009158.677655899
10 2 37 16 225.06221362103412 3600.995417936546
11 4 56 64 419.06562731868144 26820.200148395612
12 0 50 0 1.0 0.0
13 22 304 1936 5300.421115345459 10261615.279308809
14 0 50 0 1.0 0.0
15 4 41 64 262.5280937347468 16801.797999023795
16 1 13 4 46.87216658103186 187.48866632412745
17 0 50 0 1.0 0.0
18 1 14 4 52.38320341483518 209.53281365934072
19 0 5 0 11.180339887498949 0.0
20 14 274 784 4535.5070278856365 3555837.509862339
21 11 219 484 3240.9040405417745 1568597.5556222189
22 0 50 0 1.0 0.0
23 6 91 144 868.0846732894205 125004.19295367655
24 5 19 100 82.8190799272728 8281.90799272728
25 15 205 900 2935.1533179716525 2641637.9861744875
26 1 24 4 117.57550765359255 470.3020306143702
27 0 15 0 58.09475019311125 0.0
28 0 2 0 2.8284271247461903 0.0
29 2 22 16 103.18914671611545 1651.0263474578471
30 0 50 0 1.0 0.0
31 0 50 0 1.0 0.0
32 0 14 0 52.38320341483518 0.0
33 17 211 1156 3064.9520387764633 3543084.5568255917
34 0 8 0 22.627416997969522 0.0
35 0 2 0 2.8284271247461903 0.0
36 1 18 4 76.36753236814714 305.47012947258855
37 0 13 0 46.87216658103186 0.0
38 0 50 0 1.0 0.0
39 0 5 0 11.180339887498949 0.0
40 1 13 4 46.87216658103186 187.48866632412745
41 4 44 64 291.8629815512752 18679.230819281613
42 0 2 0 2.8284271247461903 0.0
43 0 50 0 1.0 0.0
44 1 12 4 41.569219381653056 166.27687752661222
45 0 50 0 1.0 0.0
46 6 322 144 610.9402589451771 87975.39728810551
47 0 9 0 27.0 0.0
48 0 6 0 14.696938456699069 0.0
49 0 6 0 14.696938456699069 0.0
50 0 50 0 1.0 0.0
51 0 6 0 14.696938456699069 0.0
52 0 50 0 1.0 0.0
53 0 50 0 1.0 0.0
54 2 28 16 148.16207341961706 2370.593174713873
55 0 50 0 1.0 0.0
56 1 16 4 64.0 256.0
57 0 50 0 1.0 0.0
58 12 193 576 2681.2416899638124 1544395.213419156
59 0 50 0 1.0 0.0
60 1 50 4 1.0 4.0
61 0 17 0 70.09279563550022 0.0
62 0 50 0 1.0 0.0
63 4 32 64 181.01933598375618 11585.237502960395
64 13 255 676 4072.0234527811845 2752687.8540800805
65 1 53 4 5.196152422706632 20.784609690826528
66 0 50 0 1.0 0.0
67 1 20 4 89.44271909999159 357.77087639996637
68 1 12 4 41.569219381653056 166.27687752661222
69 0 50 0 1.0 0.0
70 14 207 784 2978.2113759771987 2334917.718766124
71 3 45 36 301.8691769624716 10867.290370648978
72 6 315 144 524.0467536394058 75462.73252407444
73 0 7 0 18.520259177452132 0.0
74 0 50 0 1.0 0.0
75 1 45 4 301.8691769624716 1207.4767078498865
76 0 50 0 1.0 0.0
77 2 45 16 301.8691769624716 4829.906831399546
78 2 11 16 36.4828726939094 583.7259631025504
79 1 55 4 11.180339887498949 44.721359549995796
80 0 50 0 1.0 0.0
81 0 50 0 1.0 0.0
82 1 31 4 172.60069524773067 690.4027809909227
83 1 69 4 82.8190799272728 331.2763197090912
84 7 163 196 2081.044689573004 407884.7591563087
85 14 254 784 4048.0938724293437 3173705.5959846056
86 0 14 0 52.38320341483518 0.0
87 16 187 1024 2557.1865399301632 2618559.016888487
88 0 50 0 1.0 0.0
89 0 50 0 1.0 0.0
90 7 129 196 1465.1583532164707 287171.03723042825
91 3 66 36 536.1865347059734 19302.715249415043
92 13 175 676 2315.032397181517 1564961.9004947054
93 2 30 16 164.31676725154983 2629.0682760247973
94 0 50 0 1.0 0.0
95 11 151 484 1855.5190648441207 898071.2273845545
96 12 193 576 2681.2416899638124 1544395.213419156
97 2 31 16 172.60069524773067 2761.6111239636907
98 0 5 0 11.180339887498949 0.0
99 0 50 0 1.0 0.0
100 10 199 400 2807.240459953511 1122896.1839814044
101 2 35 16 207.06279240848656 3313.004678535785
102 10 136 400 1586.0189153979218 634407.5661591687
103 5 34 100 198.25236442474022 19825.236442474023
104 5 52 100 374.9773326482549 37497.73326482549
105 11 174 484 2295.2176367394877 1110885.336181912
106 25 291 2500 4964.088133786507 12410220.334466267
107 6 71 144 598.2566338955214 86148.95528095508
108 26 343 2704 6352.448897866082 17177021.819829885
109 19 225 1444 3375.0 4873500.0
110 2 23 16 110.30412503619254 1764.8660005790807
111 16 249 1024 3929.1537256768156 4023453.415093059
112 18 254 1296 4048.0938724293437 5246329.65866843
113 0 50 0 1.0 0.0
114 16 258 1024 4144.093628285925 4243551.875364787
115 17 220 1156 3263.127334322092 3772175.1984763383
116 12 173 576 2275.4597337681016 1310664.8066504265
117 23 255 2116 4072.0234527811845 8616401.626084987
118 16 230 1024 3488.1227042637133 3571837.6491660425
119 11 170 484 2216.5288177689004 1072799.9478001478
120 21 352 1764 6604.1053898313885 11649641.907662569
121 5 97 100 955.3392067742221 95533.92067742221
122 21 306 1764 5352.813839467985 9442363.612821527
123 7 381 196 1499.363531636007 293875.2522006574
124 2 30 16 164.31676725154983 2629.0682760247973
125 10 131 400 1499.363531636007 599745.4126544029
126 10 155 400 1929.7344376882536 771893.7750753014
127 14 182 784 2455.3142365082317 1924966.3614224538
128 20 268 1600 4387.349085723633 7019758.537157813
129 15 235 900 3602.4817834376345 3242233.6050938712
130 0 50 0 1.0 0.0
131 0 50 0 1.0 0.0
132 7 107 196 1106.8166063083802 216936.05483644252
133 0 50 0 1.0 0.0
134 3 37 36 225.06221362103412 8102.239690357228
135 13 189 676 2598.3204190399615 1756464.603271014
136 24 381 2304 7436.823313754335 17134440.914889988
137 19 333 1444 6076.6797677679215 8774725.58465688
138 3 50 36 353.5533905932738 12727.922061357856
139 23 374 2116 7232.8157725743295 15304638.174767282
140 20 324 1600 5832.0 9331200.0
141 17 277 1156 4610.198802654827 5329389.81586898
142 13 425 676 2315.032397181517 1564961.9004947054
143 9 122 324 1347.5340440968457 436601.030287378
144 20 291 1600 4964.088133786507 7942541.014058411
145 12 436 576 2536.7017956393693 1461140.2342882766
146 2 33 16 189.57056733575496 3033.1290773720793
147 20 293 1600 5015.352131206741 8024563.409930786
148 18 283 1296 4760.7968870767845 6169992.765651513
149 14 245 784 3834.8565814121393 3006527.5598271172
150 11 184 484 2495.8974337900986 1208014.3579544078
151 14 241 784 3741.3261017986656 2933199.663810154
152 11 422 484 2255.7588523598884 1091787.284542186
153 7 81 196 729.0 142884.0
154 3 47 36 322.21576621884907 11599.767583878567
155 15 178 900 2374.8162034144875 2137334.5830730386
156 21 382 1764 7466.121349134369 13170238.059873026
157 18 253 1296 4024.2113513084773 5215377.9112957865
158 22 470 1936 10189.357192679036 19726595.525026612
159 19 331 1444 6022.017186956544 8695792.817965249
160 11 154 484 1911.089741482592 924967.4348775746
161 12 125 576 1397.5424859373686 804984.4718999243
162 15 182 900 2455.3142365082317 2209782.8128574085
163 13 200 676 2828.42712474619 1912016.7363284247
164 20 372 1600 7174.8761661787585 11479801.865886014
165 13 155 676 1929.7344376882536 1304500.4798772593
166 12 193 576 2681.2416899638124 1544395.213419156
167 13 170 676 2216.5288177689004 1498373.4808117766
168 15 214 900 3130.5501114021476 2817495.1002619327
169 19 284 1444 4786.053071164171 6911060.634761063
170 15 230 900 3488.1227042637133 3139310.433837342
171 25 359 2500 6802.0790204172135 17005197.551043034
172 12 249 576 3929.1537256768156 2263192.545989846
173 15 266 900 4338.328710459824 3904495.8394138417
174 15 185 900 2516.272044116057 2264644.839704451
175 2 23 16 110.30412503619254 1764.8660005790807
176 15 224 900 3352.5250185494515 3017272.516694506
177 25 412 2500 8362.686649635989 20906716.62408997
178 24 316 2304 5617.338871743452 12942348.760496913
179 2 14 16 52.38320341483518 838.1312546373629
180 11 178 484 2374.8162034144875 1149411.042452612
181 21 290 1764 4938.522046118656 8711552.88935331
182 20 404 1600 8120.299501865679 12992479.202985087
183 11 225 484 3375.0 1633500.0
184 12 220 576 3263.127334322092 1879561.344569525
185 3 27 36 140.29611541307906 5050.660154870846
186 10 182 400 2455.3142365082317 982125.6946032927
187 18 203 1296 2892.3047903013266 3748427.0082305195
188 21 390 1764 7701.882886671285 13586121.412088146
189 16 206 1024 2956.656219447909 3027615.9687146586
190 17 230 1156 3488.1227042637133 4032269.8461288526
191 15 288 900 4887.522071561417 4398769.864405275
192 16 251 1024 3976.5878589564695 4072025.967571425
193 14 233 784 3556.5906427363834 2788367.063905325
194 19 273 1444 4510.7002782273175 6513451.201760246
195 19 278 1444 4635.186296148193 6693209.01163799
196 18 200 1296 2828.42712474619 3665641.5536710625
197 23 255 2116 4072.0234527811845 8616401.626084987
198 25 392 2500 7761.204030303546 19403010.075758863
199 0 50 0 1.0 0.0
1801's generation fitness ratios and roulette cutoffs:
20906716.62408997 497290078.33523995 2486450.3916761996 0.0 0.0
20906716.62408997 497290078.33523995 2486450.3916761996 0.0 0.0
20906716.62408997 497290078.33523995 2486450.3916761996 4.1795745775597246e-08 4.1795745775597246e-08
20906716.62408997 497290078.33523995 2486450.3916761996 5.958778583140605e-07 6.376736040896577e-07
20906716.62408997 497290078.33523995 2486450.3916761996 1.524828872278116e-06 2.162502476367774e-06
20906716.62408997 497290078.33523995 2486450.3916761996 0.0 2.162502476367774e-06
20906716.62408997 497290078.33523995 2486450.3916761996 0.0 2.162502476367774e-06
20906716.62408997 497290078.33523995 2486450.3916761996 0.0 2.162502476367774e-06
20906716.62408997 497290078.33523995 2486450.3916761996 0.012504191113289346 0.012506353615765714
20906716.62408997 497290078.33523995 2486450.3916761996 0.00404021468592715 0.016546568301692863
20906716.62408997 497290078.33523995 2486450.3916761996 7.241237207047179e-06 0.01655380953889991
20906716.62408997 497290078.33523995 2486450.3916761996 5.3932707119716986e-05 0.016607742246019627
20906716.62408997 497290078.33523995 2486450.3916761996 0.0 0.016607742246019627
20906716.62408997 497290078.33523995 2486450.3916761996 0.020635069401869526 0.03724281164788915
20906716.62408997 497290078.33523995 2486450.3916761996 0.0 0.03724281164788915
20906716.62408997 497290078.33523995 2486450.3916761996 3.3786714698331744e-05 0.03727659836258748
20906716.62408997 497290078.33523995 2486450.3916761996 3.770207259146945e-07 0.0372769753833134
20906716.62408997 497290078.33523995 2486450.3916761996 0.0 0.0372769753833134
20906716.62408997 497290078.33523995 2486450.3916761996 4.2134927437278895e-07 0.03727739673258777
20906716.62408997 497290078.33523995 2486450.3916761996 0.0 0.03727739673258777
20906716.62408997 497290078.33523995 2486450.3916761996 0.007150429225867703 0.04442782595845547
20906716.62408997 497290078.33523995 2486450.3916761996 0.003154290873595058 0.04758211683205053
20906716.62408997 497290078.33523995 2486450.3916761996 0.0 0.04758211683205053
20906716.62408997 497290078.33523995 2486450.3916761996 0.0002513707761316063 0.04783348760818214
20906716.62408997 497290078.33523995 2486450.3916761996 1.6654078481622487e-05 0.04785014168666376
20906716.62408997 497290078.33523995 2486450.3916761996 0.0053120665407558575 0.05316220822741961
20906716.62408997 497290078.33523995 2486450.3916761996 9.457297684055619e-07 0.05316315395718802
20906716.62408997 497290078.33523995 2486450.3916761996 0.0 0.05316315395718802
20906716.62408997 497290078.33523995 2486450.3916761996 0.0 0.05316315395718802
20906716.62408997 497290078.33523995 2486450.3916761996 3.3200468285732313e-06 0.05316647400401659
20906716.62408997 497290078.33523995 2486450.3916761996 0.0 0.05316647400401659
20906716.62408997 497290078.33523995 2486450.3916761996 0.0 0.05316647400401659
20906716.62408997 497290078.33523995 2486450.3916761996 0.0 0.05316647400401659
20906716.62408997 497290078.33523995 2486450.3916761996 0.0071247843284681 0.06029125833248469
20906716.62408997 497290078.33523995 2486450.3916761996 0.0 0.06029125833248469
20906716.62408997 497290078.33523995 2486450.3916761996 0.0 0.06029125833248469
20906716.62408997 497290078.33523995 2486450.3916761996 6.142695034157928e-07 0.06029187260198811
20906716.62408997 497290078.33523995 2486450.3916761996 0.0 0.06029187260198811
20906716.62408997 497290078.33523995 2486450.3916761996 0.0 0.06029187260198811
20906716.62408997 497290078.33523995 2486450.3916761996 0.0 0.06029187260198811
20906716.62408997 497290078.33523995 2486450.3916761996 3.770207259146945e-07 0.060292249622714025
20906716.62408997 497290078.33523995 2486450.3916761996 3.7562042021456366e-05 0.06032981166473548
20906716.62408997 497290078.33523995 2486450.3916761996 0.0 0.06032981166473548
20906716.62408997 497290078.33523995 2486450.3916761996 0.0 0.06032981166473548
20906716.62408997 497290078.33523995 2486450.3916761996 3.3436596620477797e-07 0.060330146030701685
20906716.62408997 497290078.33523995 2486450.3916761996 0.0 0.060330146030701685
20906716.62408997 497290078.33523995 2486450.3916761996 0.00017690961698374835 0.06050705564768544
20906716.62408997 497290078.33523995 2486450.3916761996 0.0 0.06050705564768544
20906716.62408997 497290078.33523995 2486450.3916761996 0.0 0.06050705564768544
20906716.62408997 497290078.33523995 2486450.3916761996 0.0 0.06050705564768544
20906716.62408997 497290078.33523995 2486450.3916761996 0.0 0.06050705564768544
20906716.62408997 497290078.33523995 2486450.3916761996 0.0 0.06050705564768544
20906716.62408997 497290078.33523995 2486450.3916761996 0.0 0.06050705564768544
20906716.62408997 497290078.33523995 2486450.3916761996 0.0 0.06050705564768544
20906716.62408997 497290078.33523995 2486450.3916761996 4.767022866512484e-06 0.06051182267055195
20906716.62408997 497290078.33523995 2486450.3916761996 0.0 0.06051182267055195
20906716.62408997 497290078.33523995 2486450.3916761996 5.147900815898076e-07 0.06051233746063354
20906716.62408997 497290078.33523995 2486450.3916761996 0.0 0.06051233746063354
20906716.62408997 497290078.33523995 2486450.3916761996 0.0031056224137615456 0.06361795987439509
20906716.62408997 497290078.33523995 2486450.3916761996 0.0 0.06361795987439509
20906716.62408997 497290078.33523995 2486450.3916761996 8.043595024840744e-09 0.06361796791799011
20906716.62408997 497290078.33523995 2486450.3916761996 0.0 0.06361796791799011
20906716.62408997 497290078.33523995 2486450.3916761996 0.0 0.06361796791799011
20906716.62408997 497290078.33523995 2486450.3916761996 2.329673968510266e-05 0.06364126465767521
20906716.62408997 497290078.33523995 2486450.3916761996 0.00553537658200452 0.06917664123967973
20906716.62408997 497290078.33523995 2486450.3916761996 4.1795745775597246e-08 0.06917668303542551
20906716.62408997 497290078.33523995 2486450.3916761996 0.0 0.06917668303542551
20906716.62408997 497290078.33523995 2486450.3916761996 7.194410103609206e-07 0.06917740247643588
20906716.62408997 497290078.33523995 2486450.3916761996 3.3436596620477797e-07 0.06917773684240208
20906716.62408997 497290078.33523995 2486450.3916761996 0.0 0.06917773684240208
20906716.62408997 497290078.33523995 2486450.3916761996 0.004695283136519924 0.07387301997892201
20906716.62408997 497290078.33523995 2486450.3916761996 2.1853020689712963e-05 0.07389487299961173
20906716.62408997 497290078.33523995 2486450.3916761996 0.00015174791497288325 0.07404662091458461
20906716.62408997 497290078.33523995 2486450.3916761996 0.0 0.07404662091458461
20906716.62408997 497290078.33523995 2486450.3916761996 0.0 0.07404662091458461
20906716.62408997 497290078.33523995 2486450.3916761996 2.428113409968107e-06 0.07404904902799458
20906716.62408997 497290078.33523995 2486450.3916761996 0.0 0.07404904902799458
20906716.62408997 497290078.33523995 2486450.3916761996 9.712453639872428e-06 0.07405876148163446
20906716.62408997 497290078.33523995 2486450.3916761996 1.1738138131705115e-06 0.07405993529544763
20906716.62408997 497290078.33523995 2486450.3916761996 8.993012629511507e-08 0.07406002522557392
20906716.62408997 497290078.33523995 2486450.3916761996 0.0 0.07406002522557392
20906716.62408997 497290078.33523995 2486450.3916761996 0.0 0.07406002522557392
20906716.62408997 497290078.33523995 2486450.3916761996 1.3883300935786998e-06 0.0740614135556675
20906716.62408997 497290078.33523995 2486450.3916761996 6.661631392648994e-07 0.07406207971880677
20906716.62408997 497290078.33523995 2486450.3916761996 0.0008202149548645125 0.07488229467367127
20906716.62408997 497290078.33523995 2486450.3916761996 0.006382000635542751 0.08126429530921403
20906716.62408997 497290078.33523995 2486450.3916761996 0.0 0.08126429530921403
20906716.62408997 497290078.33523995 2486450.3916761996 0.005265657070124026 0.08652995237933805
20906716.62408997 497290078.33523995 2486450.3916761996 0.0 0.08652995237933805
20906716.62408997 497290078.33523995 2486450.3916761996 0.0 0.08652995237933805
20906716.62408997 497290078.33523995 2486450.3916761996 0.0005774718815862572 0.08710742426092431
20906716.62408997 497290078.33523995 2486450.3916761996 3.88158060865281e-05 0.08714624006701084
20906716.62408997 497290078.33523995 2486450.3916761996 0.003146979939221132 0.09029322000623197
20906716.62408997 497290078.33523995 2486450.3916761996 5.286790126249923e-06 0.09029850679635822
20906716.62408997 497290078.33523995 2486450.3916761996 0.0 0.09029850679635822
20906716.62408997 497290078.33523995 2486450.3916761996 0.0018059303141357557 0.09210443711049397
20906716.62408997 497290078.33523995 2486450.3916761996 0.0031056224137615456 0.09521005952425551
20906716.62408997 497290078.33523995 2486450.3916761996 5.553320374314799e-06 0.09521561284462983
20906716.62408997 497290078.33523995 2486450.3916761996 0.0 0.09521561284462983
20906716.62408997 497290078.33523995 2486450.3916761996 0.0 0.09521561284462983
20906716.62408997 497290078.33523995 2486450.3916761996 0.0022580305397213703 0.0974736433843512
20906716.62408997 497290078.33523995 2486450.3916761996 6.662116987386137e-06 0.09748030550133858
20906716.62408997 497290078.33523995 2486450.3916761996 0.0012757293857198037 0.09875603488705839
20906716.62408997 497290078.33523995 2486450.3916761996 3.9866543303743866e-05 0.09879590143036214
20906716.62408997 497290078.33523995 2486450.3916761996 7.54041451829389e-05 0.09887130557554508
20906716.62408997 497290078.33523995 2486450.3916761996 0.0022338779408203413 0.10110518351636542
20906716.62408997 497290078.33523995 2486450.3916761996 0.024955696634872578 0.126060880151238
20906716.62408997 497290078.33523995 2486450.3916761996 0.0001732368270232795 0.12623411697826128
20906716.62408997 497290078.33523995 2486450.3916761996 0.034541251812891145 0.16077536879115242
20906716.62408997 497290078.33523995 2486450.3916761996 0.009800115088390342 0.17057548387954277
20906716.62408997 497290078.33523995 2486450.3916761996 3.5489668454421187e-06 0.1705790328463882
20906716.62408997 497290078.33523995 2486450.3916761996 0.008090757468080257 0.17866979031446845
20906716.62408997 497290078.33523995 2486450.3916761996 0.010549837785284955 0.1892196280997534
20906716.62408997 497290078.33523995 2486450.3916761996 0.0 0.1892196280997534
20906716.62408997 497290078.33523995 2486450.3916761996 0.008533353188084453 0.19775298128783786
20906716.62408997 497290078.33523995 2486450.3916761996 0.00758546241482298 0.20533844370266083
20906716.62408997 497290078.33523995 2486450.3916761996 0.0026356142295018065 0.20797405793216264
20906716.62408997 497290078.33523995 2486450.3916761996 0.017326711312901723 0.22530076924506437
20906716.62408997 497290078.33523995 2486450.3916761996 0.00718260388609271 0.23248337313115708
20906716.62408997 497290078.33523995 2486450.3916761996 0.00215729208069367 0.23464066521185076
20906716.62408997 497290078.33523995 2486450.3916761996 0.02342625042241272 0.2580669156342635
20906716.62408997 497290078.33523995 2486450.3916761996 0.0001921090422661109 0.2582590246765296
20906716.62408997 497290078.33523995 2486450.3916761996 0.018987637244707128 0.27724666192123676
20906716.62408997 497290078.33523995 2486450.3916761996 0.0005909533791312566 0.277837615300368
20906716.62408997 497290078.33523995 2486450.3916761996 5.286790126249923e-06 0.2778429020904942
20906716.62408997 497290078.33523995 2486450.3916761996 0.0012060273043495036 0.2790489293948437
20906716.62408997 497290078.33523995 2486450.3916761996 0.0015522002322253088 0.280601129627069
20906716.62408997 497290078.33523995 2486450.3916761996 0.0038709124619308597 0.2844720420889999
20906716.62408997 497290078.33523995 2486450.3916761996 0.014116023711266482 0.29858806580026637
20906716.62408997 497290078.33523995 2486450.3916761996 0.006519803523826133 0.3051078693240925
20906716.62408997 497290078.33523995 2486450.3916761996 0.0 0.3051078693240925
20906716.62408997 497290078.33523995 2486450.3916761996 0.0 0.3051078693240925
20906716.62408997 497290078.33523995 2486450.3916761996 0.000436236442847747 0.30554410576694024
20906716.62408997 497290078.33523995 2486450.3916761996 0.0 0.30554410576694024
20906716.62408997 497290078.33523995 2486450.3916761996 1.6292783715856154e-05 0.3055603985506561
20906716.62408997 497290078.33523995 2486450.3916761996 0.0035320724860449 0.309092471036701
20906716.62408997 497290078.33523995 2486450.3916761996 0.034455625924109196 0.34354809696081023
20906716.62408997 497290078.33523995 2486450.3916761996 0.017645084764272217 0.36119318172508247
20906716.62408997 497290078.33523995 2486450.3916761996 2.55945626423247e-05 0.3612187762877248
20906716.62408997 497290078.33523995 2486450.3916761996 0.03077607786988646 0.39199485415761126
20906716.62408997 497290078.33523995 2486450.3916761996 0.018764098473948488 0.41075895263155976
20906716.62408997 497290078.33523995 2486450.3916761996 0.010716863352090164 0.4214758159836499
20906716.62408997 497290078.33523995 2486450.3916761996 0.003146979939221132 0.42462279592287105
20906716.62408997 497290078.33523995 2486450.3916761996 0.0008779604687649742 0.42550075639163604
20906716.62408997 497290078.33523995 2486450.3916761996 0.01597164584631845 0.4414724022379545
20906716.62408997 497290078.33523995 2486450.3916761996 0.0029382050797789553 0.4444106073177334
20906716.62408997 497290078.33523995 2486450.3916761996 6.099315489112464e-06 0.4444167066332225
20906716.62408997 497290078.33523995 2486450.3916761996 0.016136584580159586 0.4605532912133821
20906716.62408997 497290078.33523995 2486450.3916761996 0.012407230778274473 0.4729605219916566
20906716.62408997 497290078.33523995 2486450.3916761996 0.006045822530567996 0.4790063445222246
20906716.62408997 497290078.33523995 2486450.3916761996 0.002429194569894565 0.48143553909211917
20906716.62408997 497290078.33523995 2486450.3916761996 0.005898367555671974 0.48733390664779114
20906716.62408997 497290078.33523995 2486450.3916761996 0.0021954736925319782 0.4895293803403231
20906716.62408997 497290078.33523995 2486450.3916761996 0.0002873252578823362 0.48981670559820545
20906716.62408997 497290078.33523995 2486450.3916761996 2.3325958206748645e-05 0.4898400315564122
20906716.62408997 497290078.33523995 2486450.3916761996 0.00429796345470659 0.49413799501111877
20906716.62408997 497290078.33523995 2486450.3916761996 0.02648401533359072 0.5206220103447095
20906716.62408997 497290078.33523995 2486450.3916761996 0.010487596954990776 0.5311096072997002
20906716.62408997 497290078.33523995 2486450.3916761996 0.03966818640553744 0.5707777937052377
20906716.62408997 497290078.33523995 2486450.3916761996 0.017486358961907787 0.5882641526671455
20906716.62408997 497290078.33523995 2486450.3916761996 0.0018600158643302409 0.5901241685314758
20906716.62408997 497290078.33523995 2486450.3916761996 0.0016187422733120714 0.5917429108047878
20906716.62408997 497290078.33523995 2486450.3916761996 0.004443649509869609 0.5961865603146574
20906716.62408997 497290078.33523995 2486450.3916761996 0.0038448720769358883 0.6000314323915933
20906716.62408997 497290078.33523995 2486450.3916761996 0.02308471929364956 0.6231161516852428
20906716.62408997 497290078.33523995 2486450.3916761996 0.002623218392460772 0.6257393700777036
20906716.62408997 497290078.33523995 2486450.3916761996 0.0031056224137615456 0.6288449924914652
20906716.62408997 497290078.33523995 2486450.3916761996 0.0030130773689027285 0.631858069860368
20906716.62408997 497290078.33523995 2486450.3916761996 0.0056656973927450135 0.637523767253113
20906716.62408997 497290078.33523995 2486450.3916761996 0.013897443234534202 0.6514212104876472
20906716.62408997 497290078.33523995 2486450.3916761996 0.006312835446761171 0.6577340459344084
20906716.62408997 497290078.33523995 2486450.3916761996 0.034195730604500936 0.6919297765389094
20906716.62408997 497290078.33523995 2486450.3916761996 0.004551051075795146 0.6964808276147045
20906716.62408997 497290078.33523995 2486450.3916761996 0.007851545827105141 0.7043323734418097
20906716.62408997 497290078.33523995 2486450.3916761996 0.004553971491419497 0.7088863449332291
20906716.62408997 497290078.33523995 2486450.3916761996 3.5489668454421187e-06 0.7088898939000745
20906716.62408997 497290078.33523995 2486450.3916761996 0.00606742955096816 0.7149573234510427
20906716.62408997 497290078.33523995 2486450.3916761996 0.04204129045582134 0.7569986139068641
20906716.62408997 497290078.33523995 2486450.3916761996 0.026025753024921685 0.7830243669317858
20906716.62408997 497290078.33523995 2486450.3916761996 1.6853970974911558e-06 0.7830260523288832
20906716.62408997 497290078.33523995 2486450.3916761996 0.002311349235642211 0.7853374015645255
20906716.62408997 497290078.33523995 2486450.3916761996 0.017518050869859823 0.8028554524343853
20906716.62408997 497290078.33523995 2486450.3916761996 0.026126560269369423 0.8289820127037547
20906716.62408997 497290078.33523995 2486450.3916761996 0.003284803118269339 0.832266815822024
20906716.62408997 497290078.33523995 2486450.3916761996 0.003779607570015603 0.8360464233920396
20906716.62408997 497290078.33523995 2486450.3916761996 1.015636622347013e-05 0.8360565797582631
20906716.62408997 497290078.33523995 2486450.3916761996 0.0019749553377198265 0.8380315350959829
20906716.62408997 497290078.33523995 2486450.3916761996 0.007537707208595421 0.8455692423045783
20906716.62408997 497290078.33523995 2486450.3916761996 0.02732031464928863 0.8728895569538669
20906716.62408997 497290078.33523995 2486450.3916761996 0.006088229185770405 0.8789777861396374
20906716.62408997 497290078.33523995 2486450.3916761996 0.008108486418284348 0.8870862725579217
20906716.62408997 497290078.33523995 2486450.3916761996 0.008845480849187418 0.8959317534071092
20906716.62408997 497290078.33523995 2486450.3916761996 0.008188431953444958 0.9041201853605542
20906716.62408997 497290078.33523995 2486450.3916761996 0.005607123860664666 0.9097273092212188
20906716.62408997 497290078.33523995 2486450.3916761996 0.013097890920255421 0.9228252001414742
20906716.62408997 497290078.33523995 2486450.3916761996 0.013459365676557644 0.9362845658180319
20906716.62408997 497290078.33523995 2486450.3916761996 0.007371234040989514 0.9436557998590214
20906716.62408997 497290078.33523995 2486450.3916761996 0.017326711312901723 0.9609825111719231
20906716.62408997 497290078.33523995 2486450.3916761996 0.03901748882807721 1.0000000000000004
20906716.62408997 497290078.33523995 2486450.3916761996 0.0 1.0000000000000004
1801's generation extracting best parents:
0
0
0
0
0
0
0
0
6218210.17824647
2009158.677655899
0
0
0
10261615.279308809
0
0
0
0
0
0
3555837.509862339
1568597.5556222189
0
125004.19295367655
0
2641637.9861744875
0
0
0
0
0
0
0
3543084.5568255917
0
0
0
0
0
0
0
0
0
0
0
0
0
0
0
0
0
0
0
0
0
0
0
0
1544395.213419156
0
0
0
0
0
2752687.8540800805
0
0
0
0
0
2334917.718766124
0
0
0
0
0
0
0
0
0
0
0
0
0
407884.7591563087
3173705.5959846056
0
2618559.016888487
0
0
287171.03723042825
0
1564961.9004947054
0
0
898071.2273845545
1544395.213419156
0
0
0
1122896.1839814044
0
634407.5661591687
0
0
1110885.336181912
12410220.334466267
0
17177021.819829885
4873500.0
0
4023453.415093059
5246329.65866843
0
4243551.875364787
3772175.1984763383
1310664.8066504265
8616401.626084987
3571837.6491660425
1072799.9478001478
11649641.907662569
95533.92067742221
9442363.612821527
293875.2522006574
0
599745.4126544029
771893.7750753014
1924966.3614224538
7019758.537157813
3242233.6050938712
0
0
216936.05483644252
0
0
1756464.603271014
17134440.914889988
8774725.58465688
0
15304638.174767282
9331200.0
5329389.81586898
1564961.9004947054
436601.030287378
7942541.014058411
1461140.2342882766
0
8024563.409930786
6169992.765651513
3006527.5598271172
1208014.3579544078
2933199.663810154
1091787.284542186
142884.0
0
2137334.5830730386
13170238.059873026
5215377.9112957865
19726595.525026612
8695792.817965249
924967.4348775746
804984.4718999243
2209782.8128574085
1912016.7363284247
11479801.865886014
1304500.4798772593
1544395.213419156
1498373.4808117766
2817495.1002619327
6911060.634761063
3139310.433837342
17005197.551043034
2263192.545989846
3904495.8394138417
2264644.839704451
0
3017272.516694506
20906716.62408997
12942348.760496913
0
1149411.042452612
8711552.88935331
12992479.202985087
1633500.0
1879561.344569525
0
982125.6946032927
3748427.0082305195
13586121.412088146
3027615.9687146586
4032269.8461288526
4398769.864405275
4072025.967571425
2788367.063905325
6513451.201760246
6693209.01163799
3665641.5536710625
8616401.626084987
19403010.075758863
0
