0 0 10 0 31.622776601683793 0.0
1 0 50 0 1.0 0.0
2 0 50 0 1.0 0.0
3 0 50 0 1.0 0.0
4 0 50 0 1.0 0.0
5 2 30 16 164.31676725154983 2629.0682760247973
6 1 19 4 82.8190799272728 331.2763197090912
7 0 50 0 1.0 0.0
8 13 245 676 3834.8565814121393 2592363.049034606
9 0 4 0 8.0 0.0
10 8 135 256 1568.5582552140038 401550.913334785
11 18 324 1296 5832.0 7558272.0
12 0 50 0 1.0 0.0
13 0 50 0 1.0 0.0
14 3 43 36 281.96985654498604 10150.914835619498
15 0 50 0 1.0 0.0
16 1 13 4 46.87216658103186 187.48866632412745
17 24 355 2304 6688.712506902954 15410793.615904408
18 2 31 16 172.60069524773067 2761.6111239636907
19 0 50 0 1.0 0.0
20 1 51 4 1.0 4.0
21 7 325 196 649.519052838329 127305.73435631249
22 17 248 1156 3905.507905509858 4514767.138769396
23 24 337 2304 6186.497635981121 14253690.553300502
24 1 18 4 76.36753236814714 305.47012947258855
25 0 50 0 1.0 0.0
26 0 2 0 2.8284271247461903 0.0
27 3 43 36 281.96985654498604 10150.914835619498
28 1 7 4 18.520259177452132 74.08103670980853
29 0 50 0 1.0 0.0
30 0 50 0 1.0 0.0
31 0 50 0 1.0 0.0
32 0 50 0 1.0 0.0
33 0 50 0 1.0 0.0
34 3 61 36 476.42523023030594 17151.308288291013
35 19 414 1444 8423.653839041583 12163756.143576045
36 1 7 4 18.520259177452132 74.08103670980853
37 2 58 16 22.627416997969522 362.03867196751236
38 2 23 16 110.30412503619254 1764.8660005790807
39 0 2 0 2.8284271247461903 0.0
40 0 50 0 1.0 0.0
41 6 56 144 419.06562731868144 60345.45033389013
42 3 84 36 198.25236442474022 7137.085119290648
43 2 29 16 156.16977940690063 2498.71647051041
44 3 20 36 89.44271909999159 3219.937887599697
45 2 23 16 110.30412503619254 1764.8660005790807
46 3 40 36 252.98221281347034 9107.359661284932
47 0 2 0 2.8284271247461903 0.0
48 0 50 0 1.0 0.0
49 1 68 4 76.36753236814714 305.47012947258855
50 0 2 0 2.8284271247461903 0.0
51 2 22 16 103.18914671611545 1651.0263474578471
52 25 492 2500 10913.087922306866 27282719.805767164
53 5 103 100 385.84582413186746 38584.58241318675
54 0 50 0 1.0 0.0
55 0 50 0 1.0 0.0
56 1 56 4 419.06562731868144 1676.2625092747257
57 5 132 100 742.5415813272682 74254.15813272682
58 0 50 0 1.0 0.0
59 1 59 4 27.0 108.0
60 0 50 0 1.0 0.0
61 1 31 4 172.60069524773067 690.4027809909227
62 15 182 900 2455.3142365082317 2209782.8128574085
63 8 373 256 1364.1359902883582 349218.8135138197
64 0 50 0 1.0 0.0
65 0 50 0 1.0 0.0
66 0 13 0 46.87216658103186 0.0
67 0 50 0 1.0 0.0
68 2 44 16 291.8629815512752 4669.807704820403
69 2 59 16 27.0 432.0
70 0 50 0 1.0 0.0
71 0 2 0 2.8284271247461903 0.0
72 0 2 0 2.8284271247461903 0.0
73 0 50 0 1.0 0.0
74 0 50 0 1.0 0.0
75 0 50 0 1.0 0.0
76 1 23 4 110.30412503619254 441.2165001447702
77 2 14 16 52.38320341483518 838.1312546373629
78 0 50 0 1.0 0.0
79 0 50 0 1.0 0.0
80 1 63 4 46.87216658103186 187.48866632412745
81 0 50 0 1.0 0.0
82 0 50 0 1.0 0.0
83 3 61 36 476.42523023030594 17151.308288291013
84 0 50 0 1.0 0.0
85 9 368 324 1281.8080979616254 415305.82373956667
86 5 93 100 896.8595207723448 89685.95207723448
87 0 5 0 11.180339887498949 0.0
88 0 50 0 1.0 0.0
89 0 7 0 18.520259177452132 0.0
90 5 95 100 301.8691769624716 30186.91769624716
91 0 50 0 1.0 0.0
92 0 50 0 1.0 0.0
93 0 50 0 1.0 0.0
94 0 50 0 1.0 0.0
95 6 331 144 729.0 104976.0
96 0 50 0 1.0 0.0
97 1 11 4 36.4828726939094 145.9314907756376
98 0 50 0 1.0 0.0
99 1 41 4 262.5280937347468 1050.1123749389872
100 17 290 1156 4938.522046118656 5708931.485313167
101 14 199 784 2807.240459953511 2200876.520603553
102 6 95 144 925.9454627568516 133336.14663698664
103 21 336 1764 6158.981734020649 10864443.778812425
104 9 464 324 3130.5501114021476 1014298.2360942959
105 19 267 1444 4362.815948444308 6299906.22955358
106 1 17 4 70.09279563550022 280.3711825420009
107 27 453 2916 9641.559884168122 28114788.622234244
108 28 421 3136 8638.197786575623 27089388.258701157
109 23 462 2116 9930.31359021456 21012543.55689401
110 23 358 2116 6773.677878375971 14333102.390643554
111 12 224 576 3352.5250185494515 1931054.410684484
112 20 342 1600 6324.68876704617 10119502.027273873
113 22 536 1936 4836.6988742323 9363849.020513734
114 23 338 2116 6214.054393067379 13148939.095730575
115 11 132 484 1516.5645386860397 734017.2367240431
116 17 252 1156 4000.375982329661 4624434.635573088
117 22 403 1936 8090.168539653547 15662566.292769266
118 18 282 1296 4735.58528589656 6137318.530521941
119 0 50 0 1.0 0.0
120 16 245 1024 3834.8565814121393 3926893.1393660307
121 16 213 1024 3108.6326576165284 3183239.841399325
122 20 356 1600 6716.994566024302 10747191.305638883
123 7 104 196 1060.5960588272992 207876.82753015065
124 27 414 2916 8423.653839041583 24563374.594645254
125 34 539 4624 12513.625334010923 57863003.54446651
126 23 367 2116 7030.708570265162 14876979.334681083
127 23 493 2116 10946.376432409037 23162532.53097752
128 25 379 2500 7378.3425645601465 18445856.411400367
129 14 230 784 3488.1227042637133 2734688.2001427514
130 30 473 3600 10287.07037985062 37033453.36746223
131 12 177 576 2354.8318411300625 1356383.140490916
132 20 296 1600 5092.576558089235 8148122.492942776
133 18 329 1296 5967.519501434411 7733905.273858996
134 15 184 900 2495.8974337900986 2246307.6904110885
135 21 343 1764 6352.448897866082 11205719.85583577
136 21 317 1764 5644.024539280459 9956059.28729073
137 21 285 1764 4811.353759598228 8487228.031931274
138 24 349 2304 6519.858050602023 15021752.94858706
139 18 241 1296 3741.3261017986656 4848758.6279310705
140 30 470 3600 10189.357192679036 36681685.89364453
141 14 188 784 2577.7261297507926 2020937.2857246213
142 12 137 576 1603.5438877685885 923641.279354707
143 19 233 1444 3556.5906427363834 5135716.888111338
144 17 218 1156 3218.7314271308815 3720853.529763299
145 13 245 676 3834.8565814121393 2592363.049034606
146 20 335 1600 6131.506747937247 9810410.796699597
147 11 191 484 2639.672517567283 1277601.498502565
148 25 419 2500 8576.716096502203 21441790.241255507
149 23 298 2116 5144.277597486356 10885291.396281129
150 19 316 1444 5617.338871743452 8111437.330797545
151 18 282 1296 4735.58528589656 6137318.530521941
152 18 261 1296 4216.584043986317 5464692.921006267
153 15 282 900 4735.58528589656 4262026.757306904
154 21 369 1764 7088.258530838163 12503688.048398519
155 20 389 1600 7672.279257169932 12275646.81147189
156 25 335 2500 6131.506747937247 15328766.869843118
157 15 243 900 3787.995116153135 3409195.6045378214
158 18 309 1296 5431.724311855306 7039514.708164477
159 24 397 2304 7910.168961532996 18225029.287372023
160 22 375 1936 7261.843774138907 14058929.546732925
161 31 460 3844 9865.900871182519 37924522.948825605
162 25 327 2500 5913.187211648215 14782968.029120538
163 25 444 2500 9355.660532533233 23389151.331333082
164 0 50 0 1.0 0.0
165 22 433 1936 9010.146336214524 17443643.30691132
166 25 496 2500 11046.444495854763 27616111.239636905
167 26 447 2704 9450.64140680409 25554534.36399826
168 17 297 1156 5118.405318065384 5916876.547683584
169 26 423 2704 8699.825687908926 23524328.660105735
170 23 372 2116 7174.8761661787585 15182037.967634253
171 18 312 1296 5511.018780588576 7142280.339642795
172 24 482 2304 10582.068228848271 24381085.19926642
173 12 208 576 2999.818661186039 1727895.5488431586
174 25 463 2500 9962.572308395056 24906430.77098764
175 19 332 1444 6049.327896551815 8735229.48262082
176 18 369 1296 7088.258530838163 9186383.05596626
177 22 310 1936 5458.113227114292 10566907.20769327
178 17 351 1156 6575.982892313514 7601836.223514422
179 27 363 2916 6916.078874622527 20167285.998399287
180 20 278 1600 4635.186296148193 7416298.073837109
181 13 304 676 5300.421115345459 3583084.67397353
182 22 355 1936 6688.712506902954 12949347.41336412
183 26 433 2704 9010.146336214524 24363435.693124074
184 12 232 576 3533.7187211208534 2035421.9833656116
185 21 424 1764 8730.694359556976 15400944.850258505
186 18 331 1296 6022.017186956544 7804534.274295681
187 34 589 4624 14294.630775224661 66098372.70463883
188 16 240 1024 3718.06401235912 3807297.548655739
189 20 346 1600 6435.972032257443 10297555.251611909
190 26 497 2704 11079.867914375152 29959962.84047041
191 12 213 576 3108.6326576165284 1790572.4107871205
192 19 275 1444 4560.359086738675 6585158.521250647
193 28 492 3136 10913.087922306866 34223443.724354334
194 23 455 2116 9705.481698504202 20536799.27403489
195 18 327 1296 5913.187211648215 7663490.626296087
196 23 354 2116 6660.47025366828 14093555.05676208
197 18 471 1296 3285.4011931573896 4257879.946331977
198 22 348 1936 6491.855820949815 12568232.869358841
199 20 372 1600 7174.8761661787585 11479801.865886014
2501's generation fitness ratios and roulette cutoffs:
66098372.70463883 1335990721.1000311 6679953.605500156 0.0 0.0
66098372.70463883 1335990721.1000311 6679953.605500156 0.0 0.0
66098372.70463883 1335990721.1000311 6679953.605500156 0.0 0.0
66098372.70463883 1335990721.1000311 6679953.605500156 0.0 0.0
66098372.70463883 1335990721.1000311 6679953.605500156 0.0 0.0
66098372.70463883 1335990721.1000311 6679953.605500156 1.967879143546797e-06 1.967879143546797e-06
66098372.70463883 1335990721.1000311 6679953.605500156 2.4796303932135405e-07 2.215842182868151e-06
66098372.70463883 1335990721.1000311 6679953.605500156 0.0 2.215842182868151e-06
66098372.70463883 1335990721.1000311 6679953.605500156 0.0019404049804328733 0.0019426208226157415
66098372.70463883 1335990721.1000311 6679953.605500156 0.0 0.0019426208226157415
66098372.70463883 1335990721.1000311 6679953.605500156 0.0003005641483828234 0.002243184970998565
66098372.70463883 1335990721.1000311 6679953.605500156 0.005657428514006933 0.007900613485005498
66098372.70463883 1335990721.1000311 6679953.605500156 0.0 0.007900613485005498
66098372.70463883 1335990721.1000311 6679953.605500156 0.0 0.007900613485005498
66098372.70463883 1335990721.1000311 6679953.605500156 7.598042916990781e-06 0.007908211527922489
66098372.70463883 1335990721.1000311 6679953.605500156 0.0 0.007908211527922489
66098372.70463883 1335990721.1000311 6679953.605500156 1.4033680276592985e-07 0.007908351864725254
66098372.70463883 1335990721.1000311 6679953.605500156 0.011535105276191913 0.019443457140917168
66098372.70463883 1335990721.1000311 6679953.605500156 2.0670885511014844e-06 0.01944552422946827
66098372.70463883 1335990721.1000311 6679953.605500156 0.0 0.01944552422946827
66098372.70463883 1335990721.1000311 6679953.605500156 2.9940327704570214e-09 0.01944552722350104
66098372.70463883 1335990721.1000311 6679953.605500156 9.528938513247397e-05 0.019540816608633514
66098372.70463883 1335990721.1000311 6679953.605500156 0.0033793401911145133 0.02292015679974803
66098372.70463883 1335990721.1000311 6679953.605500156 0.010669004154133844 0.03358916095388187
66098372.70463883 1335990721.1000311 6679953.605500156 2.2864689450916983e-07 0.03358938960077638
66098372.70463883 1335990721.1000311 6679953.605500156 0.0 0.03358938960077638
66098372.70463883 1335990721.1000311 6679953.605500156 0.0 0.03358938960077638
66098372.70463883 1335990721.1000311 6679953.605500156 7.598042916990781e-06 0.03359698764369337
66098372.70463883 1335990721.1000311 6679953.605500156 5.5450262894649084e-08 0.033597043093956266
66098372.70463883 1335990721.1000311 6679953.605500156 0.0 0.033597043093956266
66098372.70463883 1335990721.1000311 6679953.605500156 0.0 0.033597043093956266
66098372.70463883 1335990721.1000311 6679953.605500156 0.0 0.033597043093956266
66098372.70463883 1335990721.1000311 6679953.605500156 0.0 0.033597043093956266
66098372.70463883 1335990721.1000311 6679953.605500156 0.0 0.033597043093956266
66098372.70463883 1335990721.1000311 6679953.605500156 1.2837894767838604e-05 0.033609880988724104
66098372.70463883 1335990721.1000311 6679953.605500156 0.00910467112642865 0.04271455211515275
66098372.70463883 1335990721.1000311 6679953.605500156 5.5450262894649084e-08 0.042714607565415647
66098372.70463883 1335990721.1000311 6679953.605500156 2.7098891201086795e-07 0.04271487855432766
66098372.70463883 1335990721.1000311 6679953.605500156 1.321016660299797e-06 0.042716199570987955
66098372.70463883 1335990721.1000311 6679953.605500156 0.0 0.042716199570987955
66098372.70463883 1335990721.1000311 6679953.605500156 0.0 0.042716199570987955
66098372.70463883 1335990721.1000311 6679953.605500156 4.516906396191341e-05 0.04276136863494987
66098372.70463883 1335990721.1000311 6679953.605500156 5.34216668317434e-06 0.042766710801633044
66098372.70463883 1335990721.1000311 6679953.605500156 1.8703097491972183e-06 0.042768581111382244
66098372.70463883 1335990721.1000311 6679953.605500156 2.4101498885774128e-06 0.04277099126127082
66098372.70463883 1335990721.1000311 6679953.605500156 1.321016660299797e-06 0.042772312277931115
66098372.70463883 1335990721.1000311 6679953.605500156 6.816933319556362e-06 0.04277912921125067
66098372.70463883 1335990721.1000311 6679953.605500156 0.0 0.04277912921125067
66098372.70463883 1335990721.1000311 6679953.605500156 0.0 0.04277912921125067
66098372.70463883 1335990721.1000311 6679953.605500156 2.2864689450916983e-07 0.04277935785814518
66098372.70463883 1335990721.1000311 6679953.605500156 0.0 0.04277935785814518
66098372.70463883 1335990721.1000311 6679953.605500156 1.2358067472941886e-06 0.04278059366489247
66098372.70463883 1335990721.1000311 6679953.605500156 0.020421339291415926 0.0632019329563084
66098372.70463883 1335990721.1000311 6679953.605500156 2.8880876044870196e-05 0.06323081383235327
66098372.70463883 1335990721.1000311 6679953.605500156 0.0 0.06323081383235327
66098372.70463883 1335990721.1000311 6679953.605500156 0.0 0.06323081383235327
66098372.70463883 1335990721.1000311 6679953.605500156 1.2546962211642615e-06 0.06323206852857444
66098372.70463883 1335990721.1000311 6679953.605500156 5.557984569802046e-05 0.06328764837427246
66098372.70463883 1335990721.1000311 6679953.605500156 0.0 0.06328764837427246
66098372.70463883 1335990721.1000311 6679953.605500156 8.083888480233957e-08 0.06328772921315727
66098372.70463883 1335990721.1000311 6679953.605500156 0.0 0.06328772921315727
66098372.70463883 1335990721.1000311 6679953.605500156 5.167721377753711e-07 0.06328824598529505
66098372.70463883 1335990721.1000311 6679953.605500156 0.0016540405393219442 0.06494228652461699
66098372.70463883 1335990721.1000311 6679953.605500156 0.00026139314293012385 0.06520367966754712
66098372.70463883 1335990721.1000311 6679953.605500156 0.0 0.06520367966754712
66098372.70463883 1335990721.1000311 6679953.605500156 0.0 0.06520367966754712
66098372.70463883 1335990721.1000311 6679953.605500156 0.0 0.06520367966754712
66098372.70463883 1335990721.1000311 6679953.605500156 0.0 0.06520367966754712
66098372.70463883 1335990721.1000311 6679953.605500156 3.495389324991244e-06 0.06520717505687211
66098372.70463883 1335990721.1000311 6679953.605500156 3.233555392093583e-07 0.06520749841241132
66098372.70463883 1335990721.1000311 6679953.605500156 0.0 0.06520749841241132
66098372.70463883 1335990721.1000311 6679953.605500156 0.0 0.06520749841241132
66098372.70463883 1335990721.1000311 6679953.605500156 0.0 0.06520749841241132
66098372.70463883 1335990721.1000311 6679953.605500156 0.0 0.06520749841241132
66098372.70463883 1335990721.1000311 6679953.605500156 0.0 0.06520749841241132
66098372.70463883 1335990721.1000311 6679953.605500156 0.0 0.06520749841241132
66098372.70463883 1335990721.1000311 6679953.605500156 3.3025416507494924e-07 0.06520782866657639
66098372.70463883 1335990721.1000311 6679953.605500156 6.273481105821307e-07 0.06520845601468697
66098372.70463883 1335990721.1000311 6679953.605500156 0.0 0.06520845601468697
66098372.70463883 1335990721.1000311 6679953.605500156 0.0 0.06520845601468697
66098372.70463883 1335990721.1000311 6679953.605500156 1.4033680276592985e-07 0.06520859635148973
66098372.70463883 1335990721.1000311 6679953.605500156 0.0 0.06520859635148973
66098372.70463883 1335990721.1000311 6679953.605500156 0.0 0.06520859635148973
66098372.70463883 1335990721.1000311 6679953.605500156 1.2837894767838604e-05 0.06522143424625758
66098372.70463883 1335990721.1000311 6679953.605500156 0.0 0.06522143424625758
66098372.70463883 1335990721.1000311 6679953.605500156 0.00031085981150947754 0.06553229405776706
66098372.70463883 1335990721.1000311 6679953.605500156 6.71306698922195e-05 0.06559942472765928
66098372.70463883 1335990721.1000311 6679953.605500156 0.0 0.06559942472765928
66098372.70463883 1335990721.1000311 6679953.605500156 0.0 0.06559942472765928
66098372.70463883 1335990721.1000311 6679953.605500156 0.0 0.06559942472765928
66098372.70463883 1335990721.1000311 6679953.605500156 2.2595155205413242e-05 0.0656220198828647
66098372.70463883 1335990721.1000311 6679953.605500156 0.0 0.0656220198828647
66098372.70463883 1335990721.1000311 6679953.605500156 0.0 0.0656220198828647
66098372.70463883 1335990721.1000311 6679953.605500156 0.0 0.0656220198828647
66098372.70463883 1335990721.1000311 6679953.605500156 0.0 0.0656220198828647
66098372.70463883 1335990721.1000311 6679953.605500156 7.857539602787407e-05 0.06570059527889258
66098372.70463883 1335990721.1000311 6679953.605500156 0.0 0.06570059527889258
66098372.70463883 1335990721.1000311 6679953.605500156 1.0923091640597637e-07 0.06570070450980899
66098372.70463883 1335990721.1000311 6679953.605500156 0.0 0.06570070450980899
66098372.70463883 1335990721.1000311 6679953.605500156 7.860177158074445e-07 0.06570149052752479
66098372.70463883 1335990721.1000311 6679953.605500156 0.004273181987830375 0.06997467251535516
66098372.70463883 1335990721.1000311 6679953.605500156 0.0016473741066041162 0.07162204662195928
66098372.70463883 1335990721.1000311 6679953.605500156 9.98031981294002e-05 0.07172184982008868
66098372.70463883 1335990721.1000311 6679953.605500156 0.00813212517663808 0.07985397499672676
66098372.70463883 1335990721.1000311 6679953.605500156 0.0007592105394707687 0.08061318553619753
66098372.70463883 1335990721.1000311 6679953.605500156 0.004715531425522439 0.08532871696171998
66098372.70463883 1335990721.1000311 6679953.605500156 2.0986012710563455e-07 0.08532892682184709
66098372.70463883 1335990721.1000311 6679953.605500156 0.021044149617360383 0.10637307643920747
66098372.70463883 1335990721.1000311 6679953.605500156 0.020276629044546232 0.1266497054837537
66098372.70463883 1335990721.1000311 6679953.605500156 0.015728060999999054 0.14237776648375275
66098372.70463883 1335990721.1000311 6679953.605500156 0.010728444564975669 0.15310621104872843
66098372.70463883 1335990721.1000311 6679953.605500156 0.0014454100467812291 0.15455162109550966
66098372.70463883 1335990721.1000311 6679953.605500156 0.00757453017259106 0.1621261512681007
66098372.70463883 1335990721.1000311 6679953.605500156 0.0070089177062575 0.1691350689743582
66098372.70463883 1335990721.1000311 6679953.605500156 0.009842088637340214 0.1789771576116984
66098372.70463883 1335990721.1000311 6679953.605500156 0.0005494179152080236 0.17952657552690643
66098372.70463883 1335990721.1000311 6679953.605500156 0.003461427210935575 0.182988002737842
66098372.70463883 1335990721.1000311 6679953.605500156 0.01172355918750168 0.19471156192534367
66098372.70463883 1335990721.1000311 6679953.605500156 0.004593833200778956 0.19930539512612264
66098372.70463883 1335990721.1000311 6679953.605500156 0.0 0.19930539512612264
66098372.70463883 1335990721.1000311 6679953.605500156 0.0029393116863361867 0.20224470681245882
66098372.70463883 1335990721.1000311 6679953.605500156 0.0023826811003434976 0.20462738791280233
66098372.70463883 1335990721.1000311 6679953.605500156 0.0080443607398634 0.21267174865266572
66098372.70463883 1335990721.1000311 6679953.605500156 0.00015559750846097834 0.2128273461611267
66098372.70463883 1335990721.1000311 6679953.605500156 0.018385887122344836 0.23121323328347154
66098372.70463883 1335990721.1000311 6679953.605500156 0.04331093220230088 0.2745241654857724
66098372.70463883 1335990721.1000311 6679953.605500156 0.011135540913361764 0.2856597063991342
66098372.70463883 1335990721.1000311 6679953.605500156 0.01733734536113088 0.30299705176026503
66098372.70463883 1335990721.1000311 6679953.605500156 0.013806874643719363 0.3168039264039844
66098372.70463883 1335990721.1000311 6679953.605500156 0.002046936522052382 0.3188508629260368
66098372.70463883 1335990721.1000311 6679953.605500156 0.027719843246343464 0.3465707061723803
66098372.70463883 1335990721.1000311 6679953.605500156 0.0010152638929813032 0.34758597006536157
66098372.70463883 1335990721.1000311 6679953.605500156 0.006098936440392158 0.35368490650575374
66098372.70463883 1335990721.1000311 6679953.605500156 0.005788891458386055 0.3594737979641398
66098372.70463883 1335990721.1000311 6679953.605500156 0.001681379709405106 0.36115517767354494
66098372.70463883 1335990721.1000311 6679953.605500156 0.008387573116233305 0.3695427507897782
66098372.70463883 1335990721.1000311 6679953.605500156 0.007452191942690355 0.3769949427324686
66098372.70463883 1335990721.1000311 6679953.605500156 0.006352759714485921 0.3833477024469545
66098372.70463883 1335990721.1000311 6679953.605500156 0.01124390514944476 0.3945916075963992
66098372.70463883 1335990721.1000311 6679953.605500156 0.003629335557015462 0.39822094315341466
66098372.70463883 1335990721.1000311 6679953.605500156 0.02745654241029569 0.4256774855637104
66098372.70463883 1335990721.1000311 6679953.605500156 0.001512688115124495 0.4271901736788349
66098372.70463883 1335990721.1000311 6679953.605500156 0.0006913530646337103 0.4278815267434686
66098372.70463883 1335990721.1000311 6679953.605500156 0.0038441261656987254 0.4317256529091673
66098372.70463883 1335990721.1000311 6679953.605500156 0.0027850893505454995 0.4345107422597128
66098372.70463883 1335990721.1000311 6679953.605500156 0.0019404049804328733 0.43645114724014566
66098372.70463883 1335990721.1000311 6679953.605500156 0.0073431728542409916 0.44379432009438663
66098372.70463883 1335990721.1000311 6679953.605500156 0.0009562951885254193 0.44475061528291204
66098372.70463883 1335990721.1000311 6679953.605500156 0.01604935565989614 0.46079997094280817
66098372.70463883 1335990721.1000311 6679953.605500156 0.008147729789109891 0.46894770073191805
66098372.70463883 1335990721.1000311 6679953.605500156 0.00607147729597907 0.4750191780278971
66098372.70463883 1335990721.1000311 6679953.605500156 0.004593833200778956 0.47961301122867606
66098372.70463883 1335990721.1000311 6679953.605500156 0.004090367421494316 0.4837033786501704
66098372.70463883 1335990721.1000311 6679953.605500156 0.003190161944985386 0.48689354059515577
66098372.70463883 1335990721.1000311 6679953.605500156 0.009359112942119241 0.496252653537275
66098372.70463883 1335990721.1000311 6679953.605500156 0.009188422208025772 0.5054410757453007
66098372.70463883 1335990721.1000311 6679953.605500156 0.011473707584751549 0.5169147833300523
66098372.70463883 1335990721.1000311 6679953.605500156 0.0025518108402210683 0.5194665941702733
66098372.70463883 1335990721.1000311 6679953.605500156 0.00526913443108966 0.524735728601363
66098372.70463883 1335990721.1000311 6679953.605500156 0.013641583732232702 0.5383773123335956
66098372.70463883 1335990721.1000311 6679953.605500156 0.010523223945116214 0.5489005362787118
66098372.70463883 1335990721.1000311 6679953.605500156 0.028386816128183303 0.5772873524068951
66098372.70463883 1335990721.1000311 6679953.605500156 0.011065172680951335 0.5883525250878464
66098372.70463883 1335990721.1000311 6679953.605500156 0.01750697138979743 0.6058594964776438
66098372.70463883 1335990721.1000311 6679953.605500156 0.0 0.6058594964776438
66098372.70463883 1335990721.1000311 6679953.605500156 0.013056709924263945 0.6189162064019078
66098372.70463883 1335990721.1000311 6679953.605500156 0.02067088551101484 0.6395870919129226
66098372.70463883 1335990721.1000311 6679953.605500156 0.019127778329895217 0.6587148702428178
66098372.70463883 1335990721.1000311 6679953.605500156 0.004428830570628314 0.6631437008134461
66098372.70463883 1335990721.1000311 6679953.605500156 0.01760815272783947 0.6807518535412855
66098372.70463883 1335990721.1000311 6679953.605500156 0.011363879799354918 0.6921157333406405
66098372.70463883 1335990721.1000311 6679953.605500156 0.005346055348170358 0.6974617886888108
66098372.70463883 1335990721.1000311 6679953.605500156 0.018249442016477078 0.7157112307052879
66098372.70463883 1335990721.1000311 6679953.605500156 0.0012933439742908095 0.7170045746795787
66098372.70463883 1335990721.1000311 6679953.605500156 0.018642667480864034 0.7356472421604427
66098372.70463883 1335990721.1000311 6679953.605500156 0.0065383908321072675 0.74218563299255
66098372.70463883 1335990721.1000311 6679953.605500156 0.0068760829778835245 0.7490617159704336
66098372.70463883 1335990721.1000311 6679953.605500156 0.007909416615553036 0.7569711325859866
66098372.70463883 1335990721.1000311 6679953.605500156 0.005690036692212356 0.7626611692781989
66098372.70463883 1335990721.1000311 6679953.605500156 0.015095378792596629 0.7777565480707955
66098372.70463883 1335990721.1000311 6679953.605500156 0.005551159867136397 0.7833077079379319
66098372.70463883 1335990721.1000311 6679953.605500156 0.002681968233299765 0.7859896761712317
66098372.70463883 1335990721.1000311 6679953.605500156 0.00969269262791126 0.795682368799143
66098372.70463883 1335990721.1000311 6679953.605500156 0.01823623121653394 0.813918600015677
66098372.70463883 1335990721.1000311 6679953.605500156 0.001523530029976317 0.8154421300456532
66098372.70463883 1335990721.1000311 6679953.605500156 0.011527733394418817 0.8269698634400721
66098372.70463883 1335990721.1000311 6679953.605500156 0.005841757843849069 0.8328116212839212
66098372.70463883 1335990721.1000311 6679953.605500156 0.04947517348789264 0.8822867947718138
66098372.70463883 1335990721.1000311 6679953.605500156 0.0028497934068889923 0.8851365881787028
66098372.70463883 1335990721.1000311 6679953.605500156 0.007707804469729463 0.8928443926484323
66098372.70463883 1335990721.1000311 6679953.605500156 0.022425277636510758 0.9152696702849431
66098372.70463883 1335990721.1000311 6679953.605500156 0.0013402581189432175 0.9166099284038863
66098372.70463883 1335990721.1000311 6679953.605500156 0.004929045102819684 0.921538973506706
66098372.70463883 1335990721.1000311 6679953.605500156 0.025616528007152143 0.9471555015138582
66098372.70463883 1335990721.1000311 6679953.605500156 0.015371962506689608 0.9625274640205478
66098372.70463883 1335990721.1000311 6679953.605500156 0.0057361855178051716 0.968263649538353
66098372.70463883 1335990721.1000311 6679953.605500156 0.010549141423046485 0.9788127909613995
66098372.70463883 1335990721.1000311 6679953.605500156 0.0031870580229974308 0.981999848984397
66098372.70463883 1335990721.1000311 6679953.605500156 0.009407425269398863 0.9914072742537958
66098372.70463883 1335990721.1000311 6679953.605500156 0.008592725746204096 0.9999999999999999
2501's generation extracting best parents:
0
0
0
0
0
0
0
0
2592363.049034606
0
0
7558272.0
0
0
0
0
0
15410793.615904408
0
0
0
0
4514767.138769396
14253690.553300502
0
0
0
0
0
0
0
0
0
0
0
12163756.143576045
0
0
0
0
0
0
0
0
0
0
0
0
0
0
0
0
27282719.805767164
0
0
0
0
0
0
0
0
0
2209782.8128574085
0
0
0
0
0
0
0
0
0
0
0
0
0
0
0
0
0
0
0
0
0
0
0
0
0
0
0
0
0
0
0
0
0
0
0
0
0
5708931.485313167
2200876.520603553
0
10864443.778812425
0
6299906.22955358
0
28114788.622234244
27089388.258701157
21012543.55689401
14333102.390643554
1931054.410684484
10119502.027273873
9363849.020513734
13148939.095730575
0
4624434.635573088
15662566.292769266
6137318.530521941
0
3926893.1393660307
3183239.841399325
10747191.305638883
0
24563374.594645254
57863003.54446651
14876979.334681083
23162532.53097752
18445856.411400367
2734688.2001427514
37033453.36746223
1356383.140490916
8148122.492942776
7733905.273858996
2246307.6904110885
11205719.85583577
9956059.28729073
8487228.031931274
15021752.94858706
4848758.6279310705
36681685.89364453
2020937.2857246213
0
5135716.888111338
3720853.529763299
2592363.049034606
9810410.796699597
1277601.498502565
21441790.241255507
10885291.396281129
8111437.330797545
6137318.530521941
5464692.921006267
4262026.757306904
12503688.048398519
12275646.81147189
15328766.869843118
3409195.6045378214
7039514.708164477
18225029.287372023
14058929.546732925
37924522.948825605
14782968.029120538
23389151.331333082
0
17443643.30691132
27616111.239636905
25554534.36399826
5916876.547683584
23524328.660105735
15182037.967634253
7142280.339642795
24381085.19926642
1727895.5488431586
24906430.77098764
8735229.48262082
9186383.05596626
10566907.20769327
7601836.223514422
20167285.998399287
7416298.073837109
3583084.67397353
12949347.41336412
24363435.693124074
2035421.9833656116
15400944.850258505
7804534.274295681
66098372.70463883
3807297.548655739
10297555.251611909
29959962.84047041
1790572.4107871205
6585158.521250647
34223443.724354334
20536799.27403489
7663490.626296087
14093555.05676208
4257879.946331977
12568232.869358841
11479801.865886014
