0 5 23 100 110.30412503619254 11030.412503619254
1 0 50 0 1.0 0.0
2 7 99 196 985.0375627355537 193067.36229616852
3 1 19 4 82.8190799272728 331.2763197090912
4 0 13 0 46.87216658103186 0.0
5 9 205 324 2935.1533179716525 950989.6750228155
6 1 11 4 36.4828726939094 145.9314907756376
7 0 50 0 1.0 0.0
8 2 23 16 110.30412503619254 1764.8660005790807
9 1 50 4 1.0 4.0
10 1 15 4 58.09475019311125 232.379000772445
11 15 215 900 3152.518834202264 2837266.9507820373
12 16 194 1024 2702.1073257737194 2766957.9015922886
13 18 404 1296 8120.299501865679 10523908.15441792
14 13 150 676 1837.1173070873836 1241891.2995910712
15 1 54 4 8.0 32.0
16 3 36 36 216.0 7776.0
17 0 50 0 1.0 0.0
18 0 50 0 1.0 0.0
19 0 5 0 11.180339887498949 0.0
20 0 5 0 11.180339887498949 0.0
21 11 180 484 2414.953415699773 1168837.4531986902
22 0 50 0 1.0 0.0
23 2 68 16 76.36753236814714 1221.8805178903542
24 12 174 576 2295.2176367394877 1322045.3587619448
25 0 50 0 1.0 0.0
26 5 105 100 407.8909167902615 40789.09167902615
27 1 10 4 31.622776601683793 126.49110640673517
28 0 50 0 1.0 0.0
29 3 57 36 430.34056281043274 15492.26026117558
30 1 12 4 41.569219381653056 166.27687752661222
31 17 253 1156 4024.2113513084773 4651988.322112599
32 5 92 100 882.4330002895404 88243.30002895404
33 2 8 16 22.627416997969522 362.03867196751236
34 2 27 16 140.29611541307906 2244.737846609265
35 2 10 16 31.622776601683793 505.9644256269407
36 8 125 256 1397.5424859373686 357770.87639996636
37 1 57 4 18.520259177452132 74.08103670980853
38 0 50 0 1.0 0.0
39 0 50 0 1.0 0.0
40 16 210 1024 3043.189116699782 3116225.655500577
41 0 50 0 1.0 0.0
42 2 23 16 110.30412503619254 1764.8660005790807
43 1 56 4 14.696938456699069 58.787753826796276
44 0 50 0 1.0 0.0
45 0 6 0 14.696938456699069 0.0
46 0 6 0 14.696938456699069 0.0
47 0 50 0 1.0 0.0
48 3 15 36 58.09475019311125 2091.411006952005
49 2 33 16 189.57056733575496 3033.1290773720793
50 0 5 0 11.180339887498949 0.0
51 0 5 0 11.180339887498949 0.0
52 0 5 0 11.180339887498949 0.0
53 1 52 4 2.8284271247461903 11.313708498984761
54 1 21 4 96.23408959407264 384.93635837629057
55 0 50 0 1.0 0.0
56 0 4 0 8.0 0.0
57 0 7 0 18.520259177452132 0.0
58 2 26 16 132.5745073534124 2121.1921176545984
59 1 14 4 52.38320341483518 209.53281365934072
60 0 50 0 1.0 0.0
61 1 53 4 5.196152422706632 20.784609690826528
62 12 225 576 3375.0 1944000.0
63 0 50 0 1.0 0.0
64 1 13 4 46.87216658103186 187.48866632412745
65 0 50 0 1.0 0.0
66 5 122 100 1347.5340440968457 134753.40440968456
67 0 5 0 11.180339887498949 0.0
68 7 79 196 702.1673589679315 137624.80235771457
69 0 5 0 11.180339887498949 0.0
70 3 25 36 125.0 4500.0
71 0 2 0 2.8284271247461903 0.0
72 5 90 100 853.8149682454624 85381.49682454624
73 0 50 0 1.0 0.0
74 5 90 100 853.8149682454624 85381.49682454624
75 0 50 0 1.0 0.0
76 1 12 4 41.569219381653056 166.27687752661222
77 1 30 4 164.31676725154983 657.2670690061993
78 2 14 16 52.38320341483518 838.1312546373629
79 1 56 4 14.696938456699069 58.787753826796276
80 1 57 4 18.520259177452132 74.08103670980853
81 2 23 16 110.30412503619254 1764.8660005790807
82 0 50 0 1.0 0.0
83 0 9 0 27.0 0.0
84 1 21 4 96.23408959407264 384.93635837629057
85 0 9 0 27.0 0.0
86 0 6 0 14.696938456699069 0.0
87 2 12 16 41.569219381653056 665.1075101064489
88 0 50 0 1.0 0.0
89 0 50 0 1.0 0.0
90 0 50 0 1.0 0.0
91 12 178 576 2374.8162034144875 1367894.1331667448
92 1 26 4 132.5745073534124 530.2980294136496
93 0 50 0 1.0 0.0
94 2 14 16 52.38320341483518 838.1312546373629
95 1 29 4 156.16977940690063 624.6791176276025
96 3 90 36 252.98221281347034 9107.359661284932
97 17 344 1156 6380.249524901044 7375568.450785607
98 0 2 0 2.8284271247461903 0.0
99 2 63 16 46.87216658103186 749.9546652965098
100 9 98 324 970.1505037879432 314328.7632272936
101 0 50 0 1.0 0.0
102 13 180 676 2414.953415699773 1632508.5090130465
103 4 104 64 396.81733833087486 25396.30965317599
104 19 284 1444 4786.053071164171 6911060.634761063
105 7 126 196 1414.3464922005498 277211.9124713078
106 15 192 900 2660.4300404257956 2394387.0363832163
107 24 335 2304 6131.506747937247 14126991.547247417
108 23 277 2116 4610.198802654827 9755180.666417614
109 17 267 1156 4362.815948444308 5043415.236401619
110 0 50 0 1.0 0.0
111 6 89 144 839.6243207530378 120905.90218843744
112 2 17 16 70.09279563550022 1121.4847301680036
113 14 224 784 3352.5250185494515 2628379.61454277
114 10 185 400 2516.272044116057 1006508.8176464228
115 19 492 1444 3764.636503037179 5436135.110385686
116 14 178 784 2374.8162034144875 1861855.9034769582
117 16 213 1024 3108.6326576165284 3183239.841399325
118 11 179 484 2394.8567806864776 1159110.6818522552
119 0 50 0 1.0 0.0
120 19 273 1444 4510.7002782273175 6513451.201760246
121 24 348 2304 6491.855820949815 14957235.811468374
122 0 50 0 1.0 0.0
123 19 338 1444 6214.054393067379 8973094.543589296
124 4 104 64 396.81733833087486 25396.30965317599
125 8 324 256 636.5720697611544 162962.4498588555
126 12 454 576 2913.702798845483 1678292.8121349982
127 0 50 0 1.0 0.0
128 0 50 0 1.0 0.0
129 11 95 484 925.9454627568516 448157.60397431615
130 12 184 576 2495.8974337900986 1437636.9218630968
131 11 221 484 3285.4011931573896 1590134.1774881766
132 18 235 1296 3602.4817834376345 4668816.391335174
133 0 7 0 18.520259177452132 0.0
134 12 412 576 2061.9233739399724 1187667.863389424
135 15 188 900 2577.7261297507926 2319953.5167757133
136 11 173 484 2275.4597337681016 1101322.5111437612
137 4 49 64 343.0 21952.0
138 17 242 1156 3764.636503037179 4351919.797510979
139 11 156 484 1948.4393755003002 943044.6577421454
140 7 100 196 1000.0 196000.0
141 7 115 196 1233.2376088978149 241714.5713439717
142 26 400 2704 8000.0 21632000.0
143 19 232 1444 3533.7187211208534 5102689.833298513
144 6 98 144 970.1505037879432 139701.6725454638
145 12 164 576 2100.2247498779743 1209729.4559297133
146 22 250 1936 3952.847075210474 7652711.937607477
147 17 303 1156 5274.289241215351 6097078.362844945
148 9 193 324 2681.2416899638124 868722.3075482752
149 8 107 256 1106.8166063083802 283345.0512149453
150 18 242 1296 3764.636503037179 4878968.907936184
151 9 128 324 1448.1546878700494 469202.118869896
152 11 162 484 2061.9233739399724 997970.9129869466
153 7 86 196 797.5311906126306 156316.1133600756
154 12 437 576 2557.1865399301632 1472939.446999774
155 0 50 0 1.0 0.0
156 1 12 4 41.569219381653056 166.27687752661222
157 4 67 64 548.4186357154541 35098.79268578906
158 18 312 1296 5511.018780588576 7142280.339642795
159 8 68 256 560.7423650840018 143550.04546150446
160 10 139 400 1638.785831034672 655514.3324138687
161 18 194 1296 2702.1073257737194 3501931.09420274
162 11 129 484 1465.1583532164707 709136.6429567718
163 11 122 484 1347.5340440968457 652206.4773428733
164 9 119 324 1298.13674164165 420596.30429189454
165 15 246 900 3858.359236774098 3472523.313096688
166 11 166 484 2138.760388636371 1035160.0281000035
167 17 217 1156 3196.609610196403 3695280.709387042
168 18 281 1296 4710.418346601499 6104702.177195543
169 16 150 1024 1837.1173070873836 1881208.1224574808
170 11 207 484 2978.2113759771987 1441454.3059729643
171 24 385 2304 7554.245495084205 17404981.620674007
172 22 327 1936 5913.187211648215 11447930.441750946
173 18 263 1296 4265.143256679663 5527625.660656843
174 15 267 900 4362.815948444308 3926534.353599877
175 16 204 1024 2913.702798845483 2983631.6660177745
176 19 247 1444 3881.9097104389225 5605477.621873804
177 16 252 1024 4000.375982329661 4096385.005905573
178 18 257 1296 4120.023422263519 5339550.35525352
179 15 208 900 2999.818661186039 2699836.795067435
180 16 199 1024 2807.240459953511 2874614.2309923954
181 17 261 1156 4216.584043986317 4874371.154848183
182 12 201 576 2849.6668226303227 1641408.0898350659
183 18 266 1296 4338.328710459824 5622474.008755932
184 10 118 400 1281.8080979616254 512723.2391846502
185 14 213 784 3108.6326576165284 2437168.003571358
186 7 76 196 662.5526394181824 129860.31732596374
187 23 316 2116 5617.338871743452 11886289.052609144
188 17 314 1156 5564.094176054176 6432092.867518628
189 23 299 2116 5170.1933232713845 10940129.07204225
190 10 113 400 1201.2064768390153 480482.5907356061
191 5 79 100 702.1673589679315 70216.73589679315
192 18 239 1296 3694.850335263933 4788526.034502057
193 13 196 676 2744.0 1854944.0
194 12 210 576 3043.189116699782 1752876.9312190744
195 20 338 1600 6214.054393067379 9942487.028907808
196 12 193 576 2681.2416899638124 1544395.213419156
197 16 191 1024 2639.672517567283 2703024.657988898
198 17 285 1156 4811.353759598228 5561924.946095551
199 20 268 1600 4387.349085723633 7019758.537157813
1501's generation fitness ratios and roulette cutoffs:
21632000.0 371113335.5299774 1855566.6776498868 2.972249026801208e-05 2.972249026801208e-05
21632000.0 371113335.5299774 1855566.6776498868 0.0 2.972249026801208e-05
21632000.0 371113335.5299774 1855566.6776498868 0.0005202382771302303 0.0005499607673982424
21632000.0 371113335.5299774 1855566.6776498868 8.926553912055033e-07 0.000550853422789448
21632000.0 371113335.5299774 1855566.6776498868 0.0 0.000550853422789448
21632000.0 371113335.5299774 1855566.6776498868 0.0025625316688356985 0.0031133850916251465
21632000.0 371113335.5299774 1855566.6776498868 3.932262109827894e-07 0.003113778317836129
21632000.0 371113335.5299774 1855566.6776498868 0.0 0.003113778317836129
21632000.0 371113335.5299774 1855566.6776498868 4.755598442881933e-06 0.003118533916279011
21632000.0 371113335.5299774 1855566.6776498868 1.0778378508785471e-08 0.00311854469465752
21632000.0 371113335.5299774 1855566.6776498868 6.261672069546909e-07 0.0031191708618644744
21632000.0 371113335.5299774 1855566.6776498868 0.0076452842814991 0.010764455143363574
21632000.0 371113335.5299774 1855566.6776498868 0.007455829895309117 0.018220285038672693
21632000.0 371113335.5299774 1855566.6776498868 0.028357666370002574 0.04657795140867527
21632000.0 371113335.5299774 1855566.6776498868 0.0033463936234400153 0.049924345032115285
21632000.0 371113335.5299774 1855566.6776498868 8.622702807028377e-08 0.04992443125914336
21632000.0 371113335.5299774 1855566.6776498868 2.0953167821078957e-05 0.04994538442696444
21632000.0 371113335.5299774 1855566.6776498868 0.0 0.04994538442696444
21632000.0 371113335.5299774 1855566.6776498868 0.0 0.04994538442696444
21632000.0 371113335.5299774 1855566.6776498868 0.0 0.04994538442696444
21632000.0 371113335.5299774 1855566.6776498868 0.0 0.04994538442696444
21632000.0 371113335.5299774 1855566.6776498868 0.0031495431214550768 0.05309492754841952
21632000.0 371113335.5299774 1855566.6776498868 0.0 0.05309492754841952
21632000.0 371113335.5299774 1855566.6776498868 3.292472678583264e-06 0.053098220021098104
21632000.0 371113335.5299774 1855566.6776498868 0.003562376320629831 0.05666059634172794
21632000.0 371113335.5299774 1855566.6776498868 0.0 0.05666059634172794
21632000.0 371113335.5299774 1855566.6776498868 0.00010991006728652394 0.05677050640901446
21632000.0 371113335.5299774 1855566.6776498868 3.4084225571171266e-07 0.05677084725127017
21632000.0 371113335.5299774 1855566.6776498868 0.0 0.05677084725127017
21632000.0 371113335.5299774 1855566.6776498868 4.174536126289152e-05 0.05681259261253306
21632000.0 371113335.5299774 1855566.6776498868 4.480487808101978e-07 0.056813040661313874
21632000.0 371113335.5299774 1855566.6776498868 0.012535222738544858 0.06934826339985874
21632000.0 371113335.5299774 1855566.6776498868 0.00023777992214409665 0.06958604332200283
21632000.0 371113335.5299774 1855566.6776498868 9.75547460320967e-07 0.06958701886946315
21632000.0 371113335.5299774 1855566.6776498868 6.04865854093767e-06 0.0695930675280041
21632000.0 371113335.5299774 1855566.6776498868 1.3633690228468506e-06 0.06959443089702694
21632000.0 371113335.5299774 1855566.6776498868 0.0009640474813146852 0.07055847837834162
21632000.0 371113335.5299774 1855566.6776498868 1.9961836349538696e-07 0.07055867799670511
21632000.0 371113335.5299774 1855566.6776498868 0.0 0.07055867799670511
21632000.0 371113335.5299774 1855566.6776498868 0.0 0.07055867799670511
21632000.0 371113335.5299774 1855566.6776498868 0.008396964908443334 0.07895564290514845
21632000.0 371113335.5299774 1855566.6776498868 0.0 0.07895564290514845
21632000.0 371113335.5299774 1855566.6776498868 4.755598442881933e-06 0.07896039850359134
21632000.0 371113335.5299774 1855566.6776498868 1.5840916560662797e-07 0.07896055691275694
21632000.0 371113335.5299774 1855566.6776498868 0.0 0.07896055691275694
21632000.0 371113335.5299774 1855566.6776498868 0.0 0.07896055691275694
21632000.0 371113335.5299774 1855566.6776498868 0.0 0.07896055691275694
21632000.0 371113335.5299774 1855566.6776498868 0.0 0.07896055691275694
21632000.0 371113335.5299774 1855566.6776498868 5.635504862592219e-06 0.07896619241761953
21632000.0 371113335.5299774 1855566.6776498868 8.173053315479882e-06 0.078974365470935
21632000.0 371113335.5299774 1855566.6776498868 0.0 0.078974365470935
21632000.0 371113335.5299774 1855566.6776498868 0.0 0.078974365470935
21632000.0 371113335.5299774 1855566.6776498868 0.0 0.078974365470935
21632000.0 371113335.5299774 1855566.6776498868 3.048585813503022e-08 0.07897439595679313
21632000.0 371113335.5299774 1855566.6776498868 1.0372474430932882e-06 0.07897543320423622
21632000.0 371113335.5299774 1855566.6776498868 0.0 0.07897543320423622
21632000.0 371113335.5299774 1855566.6776498868 0.0 0.07897543320423622
21632000.0 371113335.5299774 1855566.6776498868 0.0 0.07897543320423622
21632000.0 371113335.5299774 1855566.6776498868 5.715752883483367e-06 0.0789811489571197
21632000.0 371113335.5299774 1855566.6776498868 5.646059939077972e-07 0.0789817135631136
21632000.0 371113335.5299774 1855566.6776498868 0.0 0.0789817135631136
21632000.0 371113335.5299774 1855566.6776498868 5.600609760127472e-08 0.07898176956921121
21632000.0 371113335.5299774 1855566.6776498868 0.005238291955269739 0.08422006152448096
21632000.0 371113335.5299774 1855566.6776498868 0.0 0.08422006152448096
21632000.0 371113335.5299774 1855566.6776498868 5.052059529372064e-07 0.08422056673043389
21632000.0 371113335.5299774 1855566.6776498868 0.0 0.08422056673043389
21632000.0 371113335.5299774 1855566.6776498868 0.00036310579951875536 0.08458367252995265
21632000.0 371113335.5299774 1855566.6776498868 0.0 0.08458367252995265
21632000.0 371113335.5299774 1855566.6776498868 0.0003708430530020597 0.0849545155829547
21632000.0 371113335.5299774 1855566.6776498868 0.0 0.0849545155829547
21632000.0 371113335.5299774 1855566.6776498868 1.2125675822383656e-05 0.08496664125877709
21632000.0 371113335.5299774 1855566.6776498868 0.0 0.08496664125877709
21632000.0 371113335.5299774 1855566.6776498868 0.00023006852260540605 0.0851967097813825
21632000.0 371113335.5299774 1855566.6776498868 0.0 0.0851967097813825
21632000.0 371113335.5299774 1855566.6776498868 0.00023006852260540605 0.0854267783039879
21632000.0 371113335.5299774 1855566.6776498868 0.0 0.0854267783039879
21632000.0 371113335.5299774 1855566.6776498868 4.480487808101978e-07 0.08542722635276871
21632000.0 371113335.5299774 1855566.6776498868 1.7710683127772092e-06 0.0854289974210815
21632000.0 371113335.5299774 1855566.6776498868 2.2584239756311887e-06 0.08543125584505713
21632000.0 371113335.5299774 1855566.6776498868 1.5840916560662797e-07 0.08543141425422274
21632000.0 371113335.5299774 1855566.6776498868 1.9961836349538696e-07 0.08543161387258623
21632000.0 371113335.5299774 1855566.6776498868 4.755598442881933e-06 0.08543636947102912
21632000.0 371113335.5299774 1855566.6776498868 0.0 0.08543636947102912
21632000.0 371113335.5299774 1855566.6776498868 0.0 0.08543636947102912
21632000.0 371113335.5299774 1855566.6776498868 1.0372474430932882e-06 0.0854374067184722
21632000.0 371113335.5299774 1855566.6776498868 0.0 0.0854374067184722
21632000.0 371113335.5299774 1855566.6776498868 0.0 0.0854374067184722
21632000.0 371113335.5299774 1855566.6776498868 1.792195123240791e-06 0.08543919891359544
21632000.0 371113335.5299774 1855566.6776498868 0.0 0.08543919891359544
21632000.0 371113335.5299774 1855566.6776498868 0.0 0.08543919891359544
21632000.0 371113335.5299774 1855566.6776498868 0.0 0.08543919891359544
21632000.0 371113335.5299774 1855566.6776498868 0.0036859201818045437 0.08912511909539998
21632000.0 371113335.5299774 1855566.6776498868 1.4289382208708417e-06 0.08912654803362086
21632000.0 371113335.5299774 1855566.6776498868 0.0 0.08912654803362086
21632000.0 371113335.5299774 1855566.6776498868 2.2584239756311887e-06 0.0891288064575965
21632000.0 371113335.5299774 1855566.6776498868 1.6832569940811056e-06 0.08913048971459057
21632000.0 371113335.5299774 1855566.6776498868 2.4540642411243314e-05 0.08915503035700181
21632000.0 371113335.5299774 1855566.6776498868 0.019874167120005937 0.10902919747700775
21632000.0 371113335.5299774 1855566.6776498868 0.0 0.10902919747700775
21632000.0 371113335.5299774 1855566.6776498868 2.0208238117488257e-06 0.1090312183008195
21632000.0 371113335.5299774 1855566.6776498868 0.0008469885965655446 0.10987820689738503
21632000.0 371113335.5299774 1855566.6776498868 0.0 0.10987820689738503
21632000.0 371113335.5299774 1855566.6776498868 0.004398948657238909 0.11427715555462395
21632000.0 371113335.5299774 1855566.6776498868 6.843275954206328e-05 0.11434558831416601
21632000.0 371113335.5299774 1855566.6776498868 0.018622506854655482 0.1329680951688215
21632000.0 371113335.5299774 1855566.6776498868 0.0007469737299400158 0.1337150688987615
21632000.0 371113335.5299774 1855566.6776498868 0.006451902443666849 0.14016697134242834
21632000.0 371113335.5299774 1855566.6776498868 0.0380665155216614 0.17823348686408974
21632000.0 371113335.5299774 1855566.6776498868 0.026286257411058785 0.20451974427514852
21632000.0 371113335.5299774 1855566.6776498868 0.013589959598728104 0.21810970387387663
21632000.0 371113335.5299774 1855566.6776498868 0.0 0.21810970387387663
21632000.0 371113335.5299774 1855566.6776498868 0.0003257923944332931 0.2184354962683099
21632000.0 371113335.5299774 1855566.6776498868 3.021946728393471e-06 0.2184385182150383
21632000.0 371113335.5299774 1855566.6776498868 0.007082417587579409 0.2255209358026177
21632000.0 371113335.5299774 1855566.6776498868 0.00271213325225582 0.22823306905487353
21632000.0 371113335.5299774 1855566.6776498868 0.014648180461158804 0.24288124951603235
21632000.0 371113335.5299774 1855566.6776498868 0.005016946914122851 0.2478981964301552
21632000.0 371113335.5299774 1855566.6776498868 0.00857754097371204 0.25647573740386725
21632000.0 371113335.5299774 1855566.6776498868 0.0031233334156450057 0.2595990708195123
21632000.0 371113335.5299774 1855566.6776498868 0.0 0.2595990708195123
21632000.0 371113335.5299774 1855566.6776498868 0.017551110612768886 0.27715018143228115
21632000.0 371113335.5299774 1855566.6776498868 0.040303687255291785 0.3174538686875729
21632000.0 371113335.5299774 1855566.6776498868 0.0 0.3174538686875729
21632000.0 371113335.5299774 1855566.6776498868 0.02417885234648076 0.3416327210340537
21632000.0 371113335.5299774 1855566.6776498868 6.843275954206328e-05 0.3417011537935957
21632000.0 371113335.5299774 1855566.6776498868 0.00043911774182442957 0.34214027153542015
21632000.0 371113335.5299774 1855566.6776498868 0.004522318794441249 0.3466625903298614
21632000.0 371113335.5299774 1855566.6776498868 0.0 0.3466625903298614
21632000.0 371113335.5299774 1855566.6776498868 0.0 0.3466625903298614
21632000.0 371113335.5299774 1855566.6776498868 0.0012076030718063898 0.3478701934016678
21632000.0 371113335.5299774 1855566.6776498868 0.0038738487255114253 0.35174404212717925
21632000.0 371113335.5299774 1855566.6776498868 0.004284767011180956 0.3560288091383602
21632000.0 371113335.5299774 1855566.6776498868 0.012580567563458097 0.3686093767018183
21632000.0 371113335.5299774 1855566.6776498868 0.0 0.3686093767018183
21632000.0 371113335.5299774 1855566.6776498868 0.003200283443582932 0.37180966014540123
21632000.0 371113335.5299774 1855566.6776498868 0.006251334281649156 0.3780609944270504
21632000.0 371113335.5299774 1855566.6776498868 0.002967617721338391 0.3810286121483888
21632000.0 371113335.5299774 1855566.6776498868 5.915174125621467e-05 0.381087763889645
21632000.0 371113335.5299774 1855566.6776498868 0.01172665970436259 0.3928144235940076
21632000.0 371113335.5299774 1855566.6776498868 0.0025411230679582225 0.3953555466619658
21632000.0 371113335.5299774 1855566.6776498868 0.0005281405469304881 0.39588368720889633
21632000.0 371113335.5299774 1855566.6776498868 0.0006513227852585394 0.39653500999415486
21632000.0 371113335.5299774 1855566.6776498868 0.058289470975511834 0.4548244809696667
21632000.0 371113335.5299774 1855566.6776498868 0.013749680609055702 0.4685741615787224
21632000.0 371113335.5299774 1855566.6776498868 0.0003764393762513531 0.46895060095497376
21632000.0 371113335.5299774 1855566.6776498868 0.003259730492309391 0.47221033144728314
21632000.0 371113335.5299774 1855566.6776498868 0.020620956470558616 0.49283128791784175
21632000.0 371113335.5299774 1855566.6776498868 0.016429154598117217 0.5092604425159589
21632000.0 371113335.5299774 1855566.6776498868 0.002340854462445213 0.5116012969784042
21632000.0 371113335.5299774 1855566.6776498868 0.0007635000526464713 0.5123647970310506
21632000.0 371113335.5299774 1855566.6776498868 0.013146843405582972 0.5255116404366336
21632000.0 371113335.5299774 1855566.6776498868 0.0012643095085759734 0.5267759499452095
21632000.0 371113335.5299774 1855566.6776498868 0.0026891270602328802 0.5294650770054423
21632000.0 371113335.5299774 1855566.6776498868 0.0004212085592042781 0.5298862855646466
21632000.0 371113335.5299774 1855566.6776498868 0.003968974720071181 0.5338552602847177
21632000.0 371113335.5299774 1855566.6776498868 0.0 0.5338552602847177
21632000.0 371113335.5299774 1855566.6776498868 4.480487808101978e-07 0.5338557083334986
21632000.0 371113335.5299774 1855566.6776498868 9.457701819220638e-05 0.5339502853516908
21632000.0 371113335.5299774 1855566.6776498868 0.019245550229131724 0.5531958355808225
21632000.0 371113335.5299774 1855566.6776498868 0.00038680918123436427 0.5535826447620569
21632000.0 371113335.5299774 1855566.6776498868 0.0017663453981726245 0.5553489901602295
21632000.0 371113335.5299774 1855566.6776498868 0.009436284711250601 0.5647852748714801
21632000.0 371113335.5299774 1855566.6776498868 0.0019108357880593862 0.5666961106595395
21632000.0 371113335.5299774 1855566.6776498868 0.0017574320696707763 0.5684535427292103
21632000.0 371113335.5299774 1855566.6776498868 0.0011333365417635877 0.569586879270974
21632000.0 371113335.5299774 1855566.6776498868 0.009357042662284466 0.5789439219332584
21632000.0 371113335.5299774 1855566.6776498868 0.0027893366500067107 0.5817332585832651
21632000.0 371113335.5299774 1855566.6776498868 0.009957283545496706 0.5916905421287618
21632000.0 371113335.5299774 1855566.6776498868 0.01644969768730508 0.6081402398160669
21632000.0 371113335.5299774 1855566.6776498868 0.005069093299412094 0.613209333115479
21632000.0 371113335.5299774 1855566.6776498868 0.003884135028223819 0.6170934681437028
21632000.0 371113335.5299774 1855566.6776498868 0.04689936996151971 0.6639928381052225
21632000.0 371113335.5299774 1855566.6776498868 0.03084753186085984 0.6948403699660823
21632000.0 371113335.5299774 1855566.6776498868 0.014894710406358704 0.709735080372441
21632000.0 371113335.5299774 1855566.6776498868 0.010580418372712192 0.7203154987451532
21632000.0 371113335.5299774 1855566.6776498868 0.008039677856784444 0.7283551766019376
21632000.0 371113335.5299774 1855566.6776498868 0.015104489882770626 0.7434596664847082
21632000.0 371113335.5299774 1855566.6776498868 0.011038097027840919 0.754497763512549
21632000.0 371113335.5299774 1855566.6776498868 0.014387923698910593 0.7688856872114597
21632000.0 371113335.5299774 1855566.6776498868 0.007274965722295772 0.7761606529337555
21632000.0 371113335.5299774 1855566.6776498868 0.007745920062094328 0.7839065729958498
21632000.0 371113335.5299774 1855566.6776498868 0.013134454324814868 0.7970410273206646
21632000.0 371113335.5299774 1855566.6776498868 0.004422929419906222 0.8014639567405708
21632000.0 371113335.5299774 1855566.6776498868 0.015150288255544958 0.8166142449961158
21632000.0 371113335.5299774 1855566.6776498868 0.0013815812855456767 0.8179958262816615
21632000.0 371113335.5299774 1855566.6776498868 0.00656717980799828 0.8245630060896597
21632000.0 371113335.5299774 1855566.6776498868 0.0003499209133525573 0.8249129270030122
21632000.0 371113335.5299774 1855566.6776498868 0.032028730618463605 0.8569416576214758
21632000.0 371113335.5299774 1855566.6776498868 0.017331882882443774 0.8742735405039196
21632000.0 371113335.5299774 1855566.6776498868 0.02947921301835983 0.9037527535222795
21632000.0 371113335.5299774 1855566.6776498868 0.0012947058074575556 0.9050474593297371
21632000.0 371113335.5299774 1855566.6776498868 0.00018920563928676517 0.9052366649690239
21632000.0 371113335.5299774 1855566.6776498868 0.012903136524759173 0.918139801493783
21632000.0 371113335.5299774 1855566.6776498868 0.004998322136150139 0.9231381236299332
21632000.0 371113335.5299774 1855566.6776498868 0.004723292760999375 0.9278614163909326
21632000.0 371113335.5299774 1855566.6776498868 0.026790972129064557 0.9546523885199971
21632000.0 371113335.5299774 1855566.6776498868 0.004161519044347046 0.9588139075643441
21632000.0 371113335.5299774 1855566.6776498868 0.007283555720596185 0.9660974632849403
21632000.0 371113335.5299774 1855566.6776498868 0.01498713307661852 0.9810845963615588
21632000.0 371113335.5299774 1855566.6776498868 0.01891540363844128 1.0
1501's generation extracting best parents:
0
0
193067.36229616852
0
0
950989.6750228155
0
0
0
0
0
2837266.9507820373
2766957.9015922886
10523908.15441792
1241891.2995910712
0
0
0
0
0
0
1168837.4531986902
0
0
1322045.3587619448
0
0
0
0
0
0
4651988.322112599
0
0
0
0
357770.87639996636
0
0
0
3116225.655500577
0
0
0
0
0
0
0
0
0
0
0
0
0
0
0
0
0
0
0
0
0
1944000.0
0
0
0
134753.40440968456
0
137624.80235771457
0
0
0
0
0
0
0
0
0
0
0
0
0
0
0
0
0
0
0
0
0
0
1367894.1331667448
0
0
0
0
0
7375568.450785607
0
0
314328.7632272936
0
1632508.5090130465
0
6911060.634761063
277211.9124713078
2394387.0363832163
14126991.547247417
9755180.666417614
5043415.236401619
0
0
0
2628379.61454277
1006508.8176464228
5436135.110385686
1861855.9034769582
3183239.841399325
1159110.6818522552
0
6513451.201760246
14957235.811468374
0
8973094.543589296
0
162962.4498588555
1678292.8121349982
0
0
448157.60397431615
1437636.9218630968
1590134.1774881766
4668816.391335174
0
1187667.863389424
2319953.5167757133
1101322.5111437612
0
4351919.797510979
943044.6577421454
196000.0
241714.5713439717
21632000.0
5102689.833298513
139701.6725454638
1209729.4559297133
7652711.937607477
6097078.362844945
868722.3075482752
283345.0512149453
4878968.907936184
469202.118869896
997970.9129869466
156316.1133600756
1472939.446999774
0
0
0
7142280.339642795
143550.04546150446
655514.3324138687
3501931.09420274
709136.6429567718
652206.4773428733
420596.30429189454
3472523.313096688
1035160.0281000035
3695280.709387042
6104702.177195543
1881208.1224574808
1441454.3059729643
17404981.620674007
11447930.441750946
5527625.660656843
3926534.353599877
2983631.6660177745
5605477.621873804
4096385.005905573
5339550.35525352
2699836.795067435
2874614.2309923954
4874371.154848183
1641408.0898350659
5622474.008755932
512723.2391846502
2437168.003571358
129860.31732596374
11886289.052609144
6432092.867518628
10940129.07204225
480482.5907356061
0
4788526.034502057
1854944.0
1752876.9312190744
9942487.028907808
1544395.213419156
2703024.657988898
5561924.946095551
7019758.537157813
