0 0 9 0 27.0 0.0
1 0 50 0 1.0 0.0
2 0 50 0 1.0 0.0
3 15 150 900 1837.1173070873836 1653405.5763786451
4 1 14 4 52.38320341483518 209.53281365934072
5 0 5 0 11.180339887498949 0.0
6 0 5 0 11.180339887498949 0.0
7 2 41 16 262.5280937347468 4200.449499755949
8 0 9 0 27.0 0.0
9 3 21 36 96.23408959407264 3464.427225386615
10 12 129 576 1465.1583532164707 843931.2114526872
11 0 50 0 1.0 0.0
12 2 29 16 156.16977940690063 2498.71647051041
13 0 50 0 1.0 0.0
14 3 84 36 198.25236442474022 7137.085119290648
15 0 50 0 1.0 0.0
16 0 50 0 1.0 0.0
17 1 30 4 164.31676725154983 657.2670690061993
18 3 40 36 252.98221281347034 9107.359661284932
19 15 159 900 2004.9137138540402 1804422.342468636
20 0 50 0 1.0 0.0
21 0 50 0 1.0 0.0
22 0 50 0 1.0 0.0
23 2 14 16 52.38320341483518 838.1312546373629
24 0 50 0 1.0 0.0
25 0 50 0 1.0 0.0
26 0 50 0 1.0 0.0
27 1 21 4 96.23408959407264 384.93635837629057
28 3 35 36 207.06279240848656 7454.260526705516
29 1 16 4 64.0 256.0
30 2 47 16 322.21576621884907 5155.452259501585
31 0 50 0 1.0 0.0
32 2 25 16 125.0 2000.0
33 0 50 0 1.0 0.0
34 1 20 4 89.44271909999159 357.77087639996637
35 0 14 0 52.38320341483518 0.0
36 0 50 0 1.0 0.0
37 0 5 0 11.180339887498949 0.0
38 1 13 4 46.87216658103186 187.48866632412745
39 0 2 0 2.8284271247461903 0.0
40 10 117 400 1265.5484976878602 506219.3990751441
41 0 2 0 2.8284271247461903 0.0
42 1 13 4 46.87216658103186 187.48866632412745
43 3 88 36 825.5131737289236 29718.47425424125
44 0 5 0 11.180339887498949 0.0
45 1 20 4 89.44271909999159 357.77087639996637
46 2 22 16 103.18914671611545 1651.0263474578471
47 0 5 0 11.180339887498949 0.0
48 0 2 0 2.8284271247461903 0.0
49 16 183 1024 2475.578114299769 2534991.9890429634
50 4 36 64 216.0 13824.0
51 0 50 0 1.0 0.0
52 7 132 196 1516.5645386860397 297246.6495824638
53 0 50 0 1.0 0.0
54 3 59 36 453.18759912424787 16314.753568472923
55 1 20 4 89.44271909999159 357.77087639996637
56 18 231 1296 3510.8960394748233 4550121.267159371
57 5 46 100 311.9871792237623 31198.717922376232
58 0 50 0 1.0 0.0
59 0 50 0 1.0 0.0
60 5 67 100 548.4186357154541 54841.863571545415
61 0 50 0 1.0 0.0
62 0 2 0 2.8284271247461903 0.0
63 0 50 0 1.0 0.0
64 0 2 0 2.8284271247461903 0.0
65 0 50 0 1.0 0.0
66 0 9 0 27.0 0.0
67 0 7 0 18.520259177452132 0.0
68 1 12 4 41.569219381653056 166.27687752661222
69 0 50 0 1.0 0.0
70 0 50 0 1.0 0.0
71 0 5 0 11.180339887498949 0.0
72 2 6 16 14.696938456699069 235.1510153071851
73 4 46 64 311.9871792237623 19967.17947032079
74 4 83 64 756.1659870689768 48394.62317241452
75 0 9 0 27.0 0.0
76 1 10 4 31.622776601683793 126.49110640673517
77 2 15 16 58.09475019311125 929.51600308978
78 6 78 144 688.877347573572 99198.33805059438
79 5 49 100 343.0 34300.0
80 1 16 4 64.0 256.0
81 0 6 0 14.696938456699069 0.0
82 1 11 4 36.4828726939094 145.9314907756376
83 0 50 0 1.0 0.0
84 12 124 576 1380.8055619818454 795344.003701543
85 1 10 4 31.622776601683793 126.49110640673517
86 0 50 0 1.0 0.0
87 14 225 784 3375.0 2646000.0
88 0 50 0 1.0 0.0
89 8 108 256 1122.3689233046325 287326.4443659859
90 2 9 16 27.0 432.0
91 9 128 324 1448.1546878700494 469202.118869896
92 0 50 0 1.0 0.0
93 12 141 576 1674.2822342723464 964386.5669408715
94 0 7 0 18.520259177452132 0.0
95 1 14 4 52.38320341483518 209.53281365934072
96 2 28 16 148.16207341961706 2370.593174713873
97 0 50 0 1.0 0.0
98 0 5 0 11.180339887498949 0.0
99 8 97 256 955.3392067742221 244566.83693420087
100 8 122 256 1347.5340440968457 344968.7152887925
101 1 19 4 82.8190799272728 331.2763197090912
102 9 119 324 1298.13674164165 420596.30429189454
103 2 22 16 103.18914671611545 1651.0263474578471
104 5 105 100 1075.929830425758 107592.9830425758
105 0 50 0 1.0 0.0
106 7 93 196 896.8595207723448 175784.46607137957
107 5 75 100 649.519052838329 64951.9052838329
108 20 216 1600 3174.538706646999 5079261.930635198
109 8 117 256 1265.5484976878602 323980.4154080922
110 12 113 576 1201.2064768390153 691894.9306592728
111 16 183 1024 2475.578114299769 2534991.9890429634
112 0 50 0 1.0 0.0
113 4 23 64 110.30412503619254 7059.464002316323
114 4 54 64 396.81733833087486 25396.30965317599
115 14 226 784 3397.5249815122775 2663659.5855056257
116 15 194 900 2702.1073257737194 2431896.5931963474
117 1 53 4 5.196152422706632 20.784609690826528
118 0 50 0 1.0 0.0
119 5 36 100 216.0 21600.0
120 12 171 576 2236.1151580363658 1288002.3310289467
121 6 74 144 636.5720697611544 91666.37804560622
122 0 50 0 1.0 0.0
123 13 205 676 2935.1533179716525 1984163.642948837
124 16 251 1024 3976.5878589564695 4072025.967571425
125 4 51 64 364.21284985568536 23309.622390763863
126 7 82 196 742.5415813272682 145538.14994014456
127 24 299 2304 5170.1933232713845 11912125.41681727
128 13 129 676 1465.1583532164707 990447.0467743342
129 0 50 0 1.0 0.0
130 0 50 0 1.0 0.0
131 8 101 256 1015.0374377332099 259849.58405970174
132 3 81 36 172.60069524773067 6213.625028918304
133 2 25 16 125.0 2000.0
134 3 53 36 385.84582413186746 13890.44966874723
135 0 50 0 1.0 0.0
136 17 182 1156 2455.3142365082317 2838343.2574035157
137 3 39 36 243.55492193753753 8767.977189751351
138 23 268 2116 4387.349085723633 9283630.665391207
139 8 86 256 797.5311906126306 204167.98479683342
140 16 234 1024 3579.511698542135 3665419.9793071463
141 5 59 100 453.18759912424787 45318.759912424786
142 1 15 4 58.09475019311125 232.379000772445
143 16 268 1024 4387.349085723633 4492645.463781
144 8 104 256 1060.5960588272992 271512.5910597886
145 25 248 2500 3905.507905509858 9763769.763774645
146 0 50 0 1.0 0.0
147 13 220 676 3263.127334322092 2205874.0780017343
148 7 103 196 1045.3358312044986 204885.82291608173
149 5 84 100 769.8727167525811 76987.27167525812
150 4 48 64 332.55375505322445 21283.440323406365
151 19 255 1444 4072.0234527811845 5880001.865816031
152 6 79 144 702.1673589679315 101112.09969138213
153 5 70 100 585.6620185738528 58566.201857385284
154 11 109 484 1137.99340947125 550788.810184085
155 6 304 144 396.81733833087486 57141.69671964598
156 12 130 576 1482.2280526288794 853763.3583142345
157 13 194 676 2702.1073257737194 1826624.5522230342
158 0 50 0 1.0 0.0
159 1 18 4 76.36753236814714 305.47012947258855
160 0 50 0 1.0 0.0
161 0 50 0 1.0 0.0
162 6 66 144 536.1865347059734 77210.86099766017
163 18 243 1296 3787.995116153135 4909241.670534463
164 13 95 676 925.9454627568516 625939.1328236316
165 12 170 576 2216.5288177689004 1276720.5990348866
166 7 111 196 1169.4575665666541 229213.6830470642
167 25 360 2500 6830.519745963699 17076299.364909247
168 4 47 64 322.21576621884907 20621.80903800634
169 20 275 1600 4560.359086738675 7296574.5387818795
170 9 95 324 925.9454627568516 300006.32993321994
171 6 75 144 649.519052838329 93530.74360871938
172 2 18 16 76.36753236814714 1221.8805178903542
173 6 57 144 430.34056281043274 61969.04104470232
174 5 47 100 322.21576621884907 32221.576621884906
175 10 134 400 1551.1621449738902 620464.857989556
176 18 224 1296 3352.5250185494515 4344872.424040089
177 12 134 576 1551.1621449738902 893469.3955049608
178 6 354 144 1060.5960588272992 152725.83247113109
179 17 228 1156 3442.724502483462 3979789.524870882
180 13 148 676 1800.497708968273 1217136.4512625525
181 15 232 900 3533.7187211208534 3180346.849008768
182 20 263 1600 4265.143256679663 6824229.21068746
183 17 278 1156 4635.186296148193 5358275.358347311
184 7 133 196 1533.830825091216 300630.84171787836
185 2 40 16 252.98221281347034 4047.7154050155254
186 15 201 900 2849.6668226303227 2564700.1403672905
187 11 103 484 1045.3358312044986 505942.54230297735
188 5 46 100 311.9871792237623 31198.717922376232
189 7 83 196 756.1659870689768 148208.53346551946
190 19 247 1444 3881.9097104389225 5605477.621873804
191 0 50 0 1.0 0.0
192 13 176 676 2334.9038524102016 1578395.0042292962
193 2 23 16 110.30412503619254 1764.8660005790807
194 5 86 100 797.5311906126306 79753.11906126306
195 8 108 256 1122.3689233046325 287326.4443659859
196 16 216 1024 3174.538706646999 3250727.635606527
197 11 133 484 1533.830825091216 742374.1193441486
198 2 24 16 117.57550765359255 1881.2081224574808
199 19 259 1444 4168.21052731265 6018896.001439466
1001's generation fitness ratios and roulette cutoffs:
17076299.364909247 175785803.30354008 878929.0165177004 0.0 0.0
17076299.364909247 175785803.30354008 878929.0165177004 0.0 0.0
17076299.364909247 175785803.30354008 878929.0165177004 0.0 0.0
17076299.364909247 175785803.30354008 878929.0165177004 0.009405796971690647 0.009405796971690647
17076299.364909247 175785803.30354008 878929.0165177004 1.1919780193940213e-06 0.009406988949710041
17076299.364909247 175785803.30354008 878929.0165177004 0.0 0.009406988949710041
17076299.364909247 175785803.30354008 878929.0165177004 0.0 0.009406988949710041
17076299.364909247 175785803.30354008 878929.0165177004 2.389527152259717e-05 0.009430884221232639
17076299.364909247 175785803.30354008 878929.0165177004 0.0 0.009430884221232639
17076299.364909247 175785803.30354008 878929.0165177004 1.970823104186848e-05 0.009450592452274507
17076299.364909247 175785803.30354008 878929.0165177004 0.004800906532795596 0.014251498985070103
17076299.364909247 175785803.30354008 878929.0165177004 0.0 0.014251498985070103
17076299.364909247 175785803.30354008 878929.0165177004 1.4214552162643782e-05 0.014265713537232747
17076299.364909247 175785803.30354008 878929.0165177004 0.0 0.014265713537232747
17076299.364909247 175785803.30354008 878929.0165177004 4.060103253598135e-05 0.01430631456976873
17076299.364909247 175785803.30354008 878929.0165177004 0.0 0.01430631456976873
17076299.364909247 175785803.30354008 878929.0165177004 0.0 0.01430631456976873
17076299.364909247 175785803.30354008 878929.0165177004 3.7390224731132362e-06 0.014310053592241842
17076299.364909247 175785803.30354008 878929.0165177004 5.180941515259169e-05 0.014361863007394433
17076299.364909247 175785803.30354008 878929.0165177004 0.010264892320984704 0.024626755328379137
17076299.364909247 175785803.30354008 878929.0165177004 0.0 0.024626755328379137
17076299.364909247 175785803.30354008 878929.0165177004 0.0 0.024626755328379137
17076299.364909247 175785803.30354008 878929.0165177004 0.0 0.024626755328379137
17076299.364909247 175785803.30354008 878929.0165177004 4.767912077576085e-06 0.024631523240456712
17076299.364909247 175785803.30354008 878929.0165177004 0.0 0.024631523240456712
17076299.364909247 175785803.30354008 878929.0165177004 0.0 0.024631523240456712
17076299.364909247 175785803.30354008 878929.0165177004 0.0 0.024631523240456712
17076299.364909247 175785803.30354008 878929.0165177004 2.1898034490964977e-06 0.024633713043905808
17076299.364909247 175785803.30354008 878929.0165177004 4.240536144909148e-05 0.0246761184053549
17076299.364909247 175785803.30354008 878929.0165177004 1.4563178322082653e-06 0.024677574723187108
17076299.364909247 175785803.30354008 878929.0165177004 2.9328035385197466e-05 0.024706902758572305
17076299.364909247 175785803.30354008 878929.0165177004 0.0 0.024706902758572305
17076299.364909247 175785803.30354008 878929.0165177004 1.1377483064127071e-05 0.024718280241636432
17076299.364909247 175785803.30354008 878929.0165177004 0.0 0.024718280241636432
17076299.364909247 175785803.30354008 878929.0165177004 2.035266043539259e-06 0.02472031550767997
17076299.364909247 175785803.30354008 878929.0165177004 0.0 0.02472031550767997
17076299.364909247 175785803.30354008 878929.0165177004 0.0 0.02472031550767997
17076299.364909247 175785803.30354008 878929.0165177004 0.0 0.02472031550767997
17076299.364909247 175785803.30354008 878929.0165177004 1.0665745629092659e-06 0.02472138208224288
17076299.364909247 175785803.30354008 878929.0165177004 0.0 0.02472138208224288
17076299.364909247 175785803.30354008 878929.0165177004 0.0028797513198550177 0.027601133402097897
17076299.364909247 175785803.30354008 878929.0165177004 0.0 0.027601133402097897
17076299.364909247 175785803.30354008 878929.0165177004 1.0665745629092659e-06 0.027602199976660805
17076299.364909247 175785803.30354008 878929.0165177004 0.00016906071875966313 0.027771260695420467
17076299.364909247 175785803.30354008 878929.0165177004 0.0 0.027771260695420467
17076299.364909247 175785803.30354008 878929.0165177004 2.035266043539259e-06 0.027773295961464006
17076299.364909247 175785803.30354008 878929.0165177004 9.392262153314618e-06 0.02778268822361732
17076299.364909247 175785803.30354008 878929.0165177004 0.0 0.02778268822361732
17076299.364909247 175785803.30354008 878929.0165177004 0.0 0.02778268822361732
17076299.364909247 175785803.30354008 878929.0165177004 0.014420914211517057 0.04220360243513438
17076299.364909247 175785803.30354008 878929.0165177004 7.864116293924632e-05 0.04228224359807363
17076299.364909247 175785803.30354008 878929.0165177004 0.0 0.04228224359807363
17076299.364909247 175785803.30354008 878929.0165177004 0.0016909593607464981 0.04397320295882013
17076299.364909247 175785803.30354008 878929.0165177004 0.0 0.04397320295882013
17076299.364909247 175785803.30354008 878929.0165177004 9.28104162103537e-05 0.04406601337503049
17076299.364909247 175785803.30354008 878929.0165177004 2.035266043539259e-06 0.044068048641074026
17076299.364909247 175785803.30354008 878929.0165177004 0.025884463828415076 0.06995251246948911
17076299.364909247 175785803.30354008 878929.0165177004 0.00017748144239215666 0.07012999391188127
17076299.364909247 175785803.30354008 878929.0165177004 0.0 0.07012999391188127
17076299.364909247 175785803.30354008 878929.0165177004 0.0 0.07012999391188127
17076299.364909247 175785803.30354008 878929.0165177004 0.0003119811869952127 0.07044197509887648
17076299.364909247 175785803.30354008 878929.0165177004 0.0 0.07044197509887648
17076299.364909247 175785803.30354008 878929.0165177004 0.0 0.07044197509887648
17076299.364909247 175785803.30354008 878929.0165177004 0.0 0.07044197509887648
17076299.364909247 175785803.30354008 878929.0165177004 0.0 0.07044197509887648
17076299.364909247 175785803.30354008 878929.0165177004 0.0 0.07044197509887648
17076299.364909247 175785803.30354008 878929.0165177004 0.0 0.07044197509887648
17076299.364909247 175785803.30354008 878929.0165177004 0.0 0.07044197509887648
17076299.364909247 175785803.30354008 878929.0165177004 9.45906179007481e-07 0.07044292100505549
17076299.364909247 175785803.30354008 878929.0165177004 0.0 0.07044292100505549
17076299.364909247 175785803.30354008 878929.0165177004 0.0 0.07044292100505549
17076299.364909247 175785803.30354008 878929.0165177004 0.0 0.07044292100505549
17076299.364909247 175785803.30354008 878929.0165177004 1.3377133470848921e-06 0.07044425871840257
17076299.364909247 175785803.30354008 878929.0165177004 0.00011358812313098026 0.07055784684153354
17076299.364909247 175785803.30354008 878929.0165177004 0.00027530450276947886 0.07083315134430303
17076299.364909247 175785803.30354008 878929.0165177004 0.0 0.07083315134430303
17076299.364909247 175785803.30354008 878929.0165177004 7.195752104526624e-07 0.07083387091951349
17076299.364909247 175785803.30354008 878929.0165177004 5.28777629149453e-06 0.07083915869580498
17076299.364909247 175785803.30354008 878929.0165177004 0.0005643137055800949 0.07140347240138507
17076299.364909247 175785803.30354008 878929.0165177004 0.00019512383454977928 0.07159859623593486
17076299.364909247 175785803.30354008 878929.0165177004 1.4563178322082653e-06 0.07160005255376706
17076299.364909247 175785803.30354008 878929.0165177004 0.0 0.07160005255376706
17076299.364909247 175785803.30354008 878929.0165177004 8.301665324113164e-07 0.07160088272029946
17076299.364909247 175785803.30354008 878929.0165177004 0.0 0.07160088272029946
17076299.364909247 175785803.30354008 878929.0165177004 0.004524506466134662 0.07612538918643412
17076299.364909247 175785803.30354008 878929.0165177004 7.195752104526624e-07 0.07612610876164458
17076299.364909247 175785803.30354008 878929.0165177004 0.0 0.07612610876164458
17076299.364909247 175785803.30354008 878929.0165177004 0.015052410093840117 0.0911785188554847
17076299.364909247 175785803.30354008 878929.0165177004 0.0 0.0911785188554847
17076299.364909247 175785803.30354008 878929.0165177004 0.001634525877324927 0.09281304473280963
17076299.364909247 175785803.30354008 878929.0165177004 2.4575363418514475e-06 0.09281550226915149
17076299.364909247 175785803.30354008 878929.0165177004 0.0026691695805473896 0.09548467184969887
17076299.364909247 175785803.30354008 878929.0165177004 0.0 0.09548467184969887
17076299.364909247 175785803.30354008 878929.0165177004 0.005486145916320707 0.10097081776601959
17076299.364909247 175785803.30354008 878929.0165177004 0.0 0.10097081776601959
17076299.364909247 175785803.30354008 878929.0165177004 1.1919780193940213e-06 0.10097200974403898
17076299.364909247 175785803.30354008 878929.0165177004 1.348569184862116e-05 0.10098549543588761
17076299.364909247 175785803.30354008 878929.0165177004 0.0 0.10098549543588761
17076299.364909247 175785803.30354008 878929.0165177004 0.0 0.10098549543588761
17076299.364909247 175785803.30354008 878929.0165177004 0.0013912775226329987 0.10237677295852061
17076299.364909247 175785803.30354008 878929.0165177004 0.001962437857925955 0.10433921081644656
17076299.364909247 175785803.30354008 878929.0165177004 1.884545358518265e-06 0.10434109536180508
17076299.364909247 175785803.30354008 878929.0165177004 0.0023926636644577334 0.10673375902626281
17076299.364909247 175785803.30354008 878929.0165177004 9.392262153314618e-06 0.10674315128841612
17076299.364909247 175785803.30354008 878929.0165177004 0.0006120686711929087 0.10735521995960903
17076299.364909247 175785803.30354008 878929.0165177004 0.0 0.10735521995960903
17076299.364909247 175785803.30354008 878929.0165177004 0.0009999923928318704 0.1083552123524409
17076299.364909247 175785803.30354008 878929.0165177004 0.0003694946011747973 0.1087247069536157
17076299.364909247 175785803.30354008 878929.0165177004 0.02889460829703367 0.13761931525064938
17076299.364909247 175785803.30354008 878929.0165177004 0.0018430408447072113 0.1394623560953566
17076299.364909247 175785803.30354008 878929.0165177004 0.003936011427865625 0.14339836752322221
17076299.364909247 175785803.30354008 878929.0165177004 0.014420914211517057 0.15781928173473928
17076299.364909247 175785803.30354008 878929.0165177004 0.0 0.15781928173473928
17076299.364909247 175785803.30354008 878929.0165177004 4.015946606408434e-05 0.15785944120080336
17076299.364909247 175785803.30354008 878929.0165177004 0.00014447304148516835 0.15800391424228852
17076299.364909247 175785803.30354008 878929.0165177004 0.015152870911344997 0.1731567851536335
17076299.364909247 175785803.30354008 878929.0165177004 0.013834431151399883 0.18699121630503338
17076299.364909247 175785803.30354008 878929.0165177004 1.1823827237593512e-07 0.18699133454330574
17076299.364909247 175785803.30354008 878929.0165177004 0.0 0.18699133454330574
17076299.364909247 175785803.30354008 878929.0165177004 0.00012287681709257238 0.18711421136039832
17076299.364909247 175785803.30354008 878929.0165177004 0.007327112353919016 0.19444132371431733
17076299.364909247 175785803.30354008 878929.0165177004 0.0005214663318818773 0.1949627900461992
17076299.364909247 175785803.30354008 878929.0165177004 0.0 0.1949627900461992
17076299.364909247 175785803.30354008 878929.0165177004 0.011287394122053535 0.20625018416825275
17076299.364909247 175785803.30354008 878929.0165177004 0.02316470324136477 0.22941488740961752
17076299.364909247 175785803.30354008 878929.0165177004 0.00013260241699105651 0.22954748982660858
17076299.364909247 175785803.30354008 878929.0165177004 0.0008279289180641906 0.23037541874467277
17076299.364909247 175785803.30354008 878929.0165177004 0.06776500259379807 0.29814042133847085
17076299.364909247 175785803.30354008 878929.0165177004 0.00563439725029483 0.3037748185887657
17076299.364909247 175785803.30354008 878929.0165177004 0.0 0.3037748185887657
17076299.364909247 175785803.30354008 878929.0165177004 0.0 0.3037748185887657
17076299.364909247 175785803.30354008 878929.0165177004 0.0014782171209298603 0.3052530357096956
17076299.364909247 175785803.30354008 878929.0165177004 3.534770676667705e-05 0.30528838341646225
17076299.364909247 175785803.30354008 878929.0165177004 1.1377483064127071e-05 0.3052997608995264
17076299.364909247 175785803.30354008 878929.0165177004 7.901917792964055e-05 0.305378780077456
17076299.364909247 175785803.30354008 878929.0165177004 0.0 0.305378780077456
17076299.364909247 175785803.30354008 878929.0165177004 0.016146601170643884 0.3215253812480999
17076299.364909247 175785803.30354008 878929.0165177004 4.9878755991524237e-05 0.3215752600040914
17076299.364909247 175785803.30354008 878929.0165177004 0.0528121753345496 0.37438743533864105
17076299.364909247 175785803.30354008 878929.0165177004 0.0011614588946314629 0.37554889423327253
17076299.364909247 175785803.30354008 878929.0165177004 0.02085162686874003 0.39640052110201257
17076299.364909247 175785803.30354008 878929.0165177004 0.00025780671169542695 0.396658327813708
17076299.364909247 175785803.30354008 878929.0165177004 1.3219440728736325e-06 0.3966596497577809
17076299.364909247 175785803.30354008 878929.0165177004 0.025557498838647823 0.4222171485964287
17076299.364909247 175785803.30354008 878929.0165177004 0.0015445649532400021 0.42376171354966874
17076299.364909247 175785803.30354008 878929.0165177004 0.055543562564691 0.47930527611435975
17076299.364909247 175785803.30354008 878929.0165177004 0.0 0.47930527611435975
17076299.364909247 175785803.30354008 878929.0165177004 0.012548647482030826 0.4918539235963906
17076299.364909247 175785803.30354008 878929.0165177004 0.0011655424901537291 0.4930194660865443
17076299.364909247 175785803.30354008 878929.0165177004 0.00043796068981929954 0.49345742677636356
17076299.364909247 175785803.30354008 878929.0165177004 0.00012107599091295757 0.4935785027672765
17076299.364909247 175785803.30354008 878929.0165177004 0.033449810822678734 0.5270283135899553
17076299.364909247 175785803.30354008 878929.0165177004 0.0005752006009085141 0.5276035141908638
17076299.364909247 175785803.30354008 878929.0165177004 0.00033316798488132427 0.5279366821757452
17076299.364909247 175785803.30354008 878929.0165177004 0.003133295179890064 0.5310699773556352
17076299.364909247 175785803.30354008 878929.0165177004 0.0003250643433416288 0.5313950416989769
17076299.364909247 175785803.30354008 878929.0165177004 0.004856839074996228 0.5362518807739731
17076299.364909247 175785803.30354008 878929.0165177004 0.010391194953718133 0.5466430757276912
17076299.364909247 175785803.30354008 878929.0165177004 0.0 0.5466430757276912
17076299.364909247 175785803.30354008 878929.0165177004 1.73774061233554e-06 0.5466448134683035
17076299.364909247 175785803.30354008 878929.0165177004 0.0 0.5466448134683035
17076299.364909247 175785803.30354008 878929.0165177004 0.0 0.5466448134683035
17076299.364909247 175785803.30354008 878929.0165177004 0.00043923263168377404 0.5470840460999873
17076299.364909247 175785803.30354008 878929.0165177004 0.027927406982106374 0.5750114530820937
17076299.364909247 175785803.30354008 878929.0165177004 0.0035608059414376273 0.5785722590235313
17076299.364909247 175785803.30354008 878929.0165177004 0.007262933496570796 0.5858351925201021
17076299.364909247 175785803.30354008 878929.0165177004 0.0013039373984670818 0.5871391299185692
17076299.364909247 175785803.30354008 878929.0165177004 0.09714265341110942 0.6842817833296786
17076299.364909247 175785803.30354008 878929.0165177004 0.00011731214154078986 0.6843990954712194
17076299.364909247 175785803.30354008 878929.0165177004 0.04150832662056582 0.7259074220917852
17076299.364909247 175785803.30354008 878929.0165177004 0.0017066584689730644 0.7276140805607583
17076299.364909247 175785803.30354008 878929.0165177004 0.000532072225691708 0.72814615278645
17076299.364909247 175785803.30354008 878929.0165177004 6.95096244934216e-06 0.7281531037488993
17076299.364909247 175785803.30354008 878929.0165177004 0.000352525857493148 0.7285056296063924
17076299.364909247 175785803.30354008 878929.0165177004 0.00018330022115748415 0.72868892982755
17076299.364909247 175785803.30354008 878929.0165177004 0.0035296642068310914 0.732218594034381
17076299.364909247 175785803.30354008 878929.0165177004 0.024716856210154427 0.7569354502445355
17076299.364909247 175785803.30354008 878929.0165177004 0.005082716457836772 0.7620181667023722
17076299.364909247 175785803.30354008 878929.0165177004 0.0008688177861975012 0.7628869844885697
17076299.364909247 175785803.30354008 878929.0165177004 0.022639993959004394 0.7855269784475741
17076299.364909247 175785803.30354008 878929.0165177004 0.006923974680485709 0.7924509531280598
17076299.364909247 175785803.30354008 878929.0165177004 0.018092171206323577 0.8105431243343834
17076299.364909247 175785803.30354008 878929.0165177004 0.03882127613515892 0.8493644004695423
17076299.364909247 175785803.30354008 878929.0165177004 0.030481843571262972 0.8798462440408052
17076299.364909247 175785803.30354008 878929.0165177004 0.0017102111550997138 0.881556455195905
17076299.364909247 175785803.30354008 878929.0165177004 2.3026406734485196e-05 0.8815794816026394
17076299.364909247 175785803.30354008 878929.0165177004 0.014589916205796586 0.8961693978084361
17076299.364909247 175785803.30354008 878929.0165177004 0.00287817635323676 0.8990475741616728
17076299.364909247 175785803.30354008 878929.0165177004 0.00017748144239215666 0.899225055604065
17076299.364909247 175785803.30354008 878929.0165177004 0.000843120039731529 0.9000681756437965
17076299.364909247 175785803.30354008 878929.0165177004 0.03188811335460625 0.9319562889984028
17076299.364909247 175785803.30354008 878929.0165177004 0.0 0.9319562889984028
17076299.364909247 175785803.30354008 878929.0165177004 0.008979081214560798 0.9409353702129636
17076299.364909247 175785803.30354008 878929.0165177004 1.0039866516021085e-05 0.9409454100794796
17076299.364909247 175785803.30354008 878929.0165177004 0.00045369488071541524 0.9413991049601951
17076299.364909247 175785803.30354008 878929.0165177004 0.001634525877324927 0.94303363083752
17076299.364909247 175785803.30354008 878929.0165177004 0.01849254931010155 0.9615261801476216
17076299.364909247 175785803.30354008 878929.0165177004 0.00422317448504215 0.9657493546326638
17076299.364909247 175785803.30354008 878929.0165177004 1.0701706776679137e-05 0.9657600563394404
17076299.364909247 175785803.30354008 878929.0165177004 0.03423994366055984 1.0000000000000002
1001's generation extracting best parents:
0
0
0
1653405.5763786451
0
0
0
0
0
0
843931.2114526872
0
0
0
0
0
0
0
9107.359661284932
1804422.342468636
0
0
0
0
0
0
0
0
7454.260526705516
0
0
0
0
0
0
0
0
0
0
0
506219.3990751441
0
0
29718.47425424125
0
0
0
0
0
2534991.9890429634
13824.0
0
297246.6495824638
0
16314.753568472923
0
4550121.267159371
31198.717922376232
0
0
54841.863571545415
0
0
0
0
0
0
0
0
0
0
0
0
19967.17947032079
48394.62317241452
0
0
0
99198.33805059438
34300.0
0
0
0
0
795344.003701543
0
0
2646000.0
0
287326.4443659859
0
469202.118869896
0
964386.5669408715
0
0
0
0
0
244566.83693420087
344968.7152887925
0
420596.30429189454
0
107592.9830425758
0
175784.46607137957
64951.9052838329
5079261.930635198
323980.4154080922
691894.9306592728
2534991.9890429634
0
0
25396.30965317599
2663659.5855056257
2431896.5931963474
0
0
21600.0
1288002.3310289467
91666.37804560622
0
1984163.642948837
4072025.967571425
23309.622390763863
145538.14994014456
11912125.41681727
990447.0467743342
0
0
259849.58405970174
0
0
13890.44966874723
0
2838343.2574035157
8767.977189751351
9283630.665391207
204167.98479683342
3665419.9793071463
45318.759912424786
0
4492645.463781
271512.5910597886
9763769.763774645
0
2205874.0780017343
204885.82291608173
76987.27167525812
21283.440323406365
5880001.865816031
101112.09969138213
58566.201857385284
550788.810184085
57141.69671964598
853763.3583142345
1826624.5522230342
0
0
0
0
77210.86099766017
4909241.670534463
625939.1328236316
1276720.5990348866
229213.6830470642
17076299.364909247
20621.80903800634
7296574.5387818795
300006.32993321994
93530.74360871938
0
61969.04104470232
32221.576621884906
620464.857989556
4344872.424040089
893469.3955049608
152725.83247113109
3979789.524870882
1217136.4512625525
3180346.849008768
6824229.21068746
5358275.358347311
300630.84171787836
0
2564700.1403672905
505942.54230297735
31198.717922376232
148208.53346551946
5605477.621873804
0
1578395.0042292962
0
79753.11906126306
287326.4443659859
3250727.635606527
742374.1193441486
0
6018896.001439466
