0 1 17 4 70.09279563550022 280.3711825420009
1 0 5 0 11.180339887498949 0.0
2 0 50 0 1.0 0.0
3 1 17 4 70.09279563550022 280.3711825420009
4 6 56 144 419.06562731868144 60345.45033389013
5 0 50 0 1.0 0.0
6 0 50 0 1.0 0.0
7 0 50 0 1.0 0.0
8 8 80 256 715.5417527999327 183178.68871678278
9 0 50 0 1.0 0.0
10 15 244 900 3811.4018418424475 3430261.6576582026
11 1 58 4 22.627416997969522 90.50966799187809
12 0 50 0 1.0 0.0
13 0 6 0 14.696938456699069 0.0
14 8 127 256 1431.21731403725 366391.632393536
15 0 50 0 1.0 0.0
16 0 9 0 27.0 0.0
17 1 12 4 41.569219381653056 166.27687752661222
18 5 83 100 756.1659870689768 75616.59870689768
19 17 225 1156 3375.0 3901500.0
20 0 50 0 1.0 0.0
21 0 50 0 1.0 0.0
22 24 190 2304 2618.969262897142 6034105.181715015
23 0 6 0 14.696938456699069 0.0
24 0 2 0 2.8284271247461903 0.0
25 1 60 4 31.622776601683793 126.49110640673517
26 1 53 4 5.196152422706632 20.784609690826528
27 0 5 0 11.180339887498949 0.0
28 3 60 36 464.75800154489 16731.28805561604
29 0 50 0 1.0 0.0
30 24 285 2304 4811.353759598228 11085359.062114317
31 0 50 0 1.0 0.0
32 1 54 4 8.0 32.0
33 16 224 1024 3352.5250185494515 3432985.6189946383
34 0 2 0 2.8284271247461903 0.0
35 0 50 0 1.0 0.0
36 0 11 0 36.4828726939094 0.0
37 16 247 1024 3881.9097104389225 3975075.5434894566
38 0 4 0 8.0 0.0
39 0 6 0 14.696938456699069 0.0
40 0 50 0 1.0 0.0
41 0 2 0 2.8284271247461903 0.0
42 0 5 0 11.180339887498949 0.0
43 0 50 0 1.0 0.0
44 10 153 400 1892.505482158506 757002.1928634024
45 13 148 676 1800.497708968273 1217136.4512625525
46 0 7 0 18.520259177452132 0.0
47 0 50 0 1.0 0.0
48 2 30 16 164.31676725154983 2629.0682760247973
49 7 121 196 1331.0 260876.0
50 5 89 100 839.6243207530378 83962.43207530378
51 0 50 0 1.0 0.0
52 1 12 4 41.569219381653056 166.27687752661222
53 0 5 0 11.180339887498949 0.0
54 0 7 0 18.520259177452132 0.0
55 0 50 0 1.0 0.0
56 0 50 0 1.0 0.0
57 13 198 676 2786.1069613351174 1883408.3058625394
58 3 45 36 301.8691769624716 10867.290370648978
59 1 12 4 41.569219381653056 166.27687752661222
60 0 50 0 1.0 0.0
61 4 57 64 430.34056281043274 27541.796019867696
62 0 13 0 46.87216658103186 0.0
63 2 9 16 27.0 432.0
64 0 50 0 1.0 0.0
65 0 5 0 11.180339887498949 0.0
66 0 6 0 14.696938456699069 0.0
67 2 15 16 58.09475019311125 929.51600308978
68 0 50 0 1.0 0.0
69 1 13 4 46.87216658103186 187.48866632412745
70 1 9 4 27.0 108.0
71 0 2 0 2.8284271247461903 0.0
72 2 61 16 36.4828726939094 583.7259631025504
73 0 9 0 27.0 0.0
74 0 2 0 2.8284271247461903 0.0
75 0 50 0 1.0 0.0
76 2 32 16 181.01933598375618 2896.309375740099
77 0 13 0 46.87216658103186 0.0
78 2 28 16 148.16207341961706 2370.593174713873
79 2 19 16 82.8190799272728 1325.1052788363647
80 4 136 64 797.5311906126306 51041.996199208355
81 2 24 16 117.57550765359255 1881.2081224574808
82 3 57 36 430.34056281043274 15492.26026117558
83 1 53 4 5.196152422706632 20.784609690826528
84 3 27 36 140.29611541307906 5050.660154870846
85 1 59 4 27.0 108.0
86 1 13 4 46.87216658103186 187.48866632412745
87 0 9 0 27.0 0.0
88 0 50 0 1.0 0.0
89 0 50 0 1.0 0.0
90 0 50 0 1.0 0.0
91 0 50 0 1.0 0.0
92 1 9 4 27.0 108.0
93 0 50 0 1.0 0.0
94 0 50 0 1.0 0.0
95 0 50 0 1.0 0.0
96 0 50 0 1.0 0.0
97 0 50 0 1.0 0.0
98 0 5 0 11.180339887498949 0.0
99 0 50 0 1.0 0.0
100 2 38 16 234.2477321128211 3747.9637138051376
101 0 50 0 1.0 0.0
102 12 180 576 2414.953415699773 1391013.1674430692
103 11 155 484 1929.7344376882536 933991.4678411147
104 13 230 676 3488.1227042637133 2357970.94808227
105 2 29 16 156.16977940690063 2498.71647051041
106 0 50 0 1.0 0.0
107 2 36 16 216.0 3456.0
108 6 46 144 311.9871792237623 44926.153808221774
109 6 73 144 623.7122734081797 89814.56737077788
110 0 50 0 1.0 0.0
111 6 70 144 585.6620185738528 84335.33067463481
112 10 197 400 2765.0267629807854 1106010.7051923142
113 2 14 16 52.38320341483518 838.1312546373629
114 2 31 16 172.60069524773067 2761.6111239636907
115 22 303 1936 5274.289241215351 10211023.970992919
116 9 149 324 1818.7767867443217 589283.6789051603
117 9 103 324 1045.3358312044986 338688.80931025755
118 6 89 144 839.6243207530378 120905.90218843744
119 3 37 36 225.06221362103412 8102.239690357228
120 8 168 256 2177.5288746650413 557447.3919142506
121 5 62 100 488.18848818873226 48818.84881887323
122 11 139 484 1638.785831034672 793172.3422207813
123 4 58 64 441.7148401401067 28269.749768966827
124 5 51 100 364.21284985568536 36421.284985568534
125 15 255 900 4072.0234527811845 3664821.107503066
126 3 43 36 281.96985654498604 10150.914835619498
127 16 227 1024 3420.0998523434955 3502182.2487997394
128 18 250 1296 3952.847075210474 5122889.809472774
129 16 230 1024 3488.1227042637133 3571837.6491660425
130 9 135 324 1568.5582552140038 508212.8746893372
131 13 176 676 2334.9038524102016 1578395.0042292962
132 8 123 256 1364.1359902883582 349218.8135138197
133 18 295 1296 5066.791391008712 6566561.64274729
134 15 257 900 4120.023422263519 3708021.0800371673
135 2 23 16 110.30412503619254 1764.8660005790807
136 0 50 0 1.0 0.0
137 14 239 784 3694.850335263933 2896762.662846924
138 13 261 676 4216.584043986317 2850410.8137347503
139 10 119 400 1298.13674164165 519254.69665665994
140 11 139 484 1638.785831034672 793172.3422207813
141 16 216 1024 3174.538706646999 3250727.635606527
142 13 193 676 2681.2416899638124 1812519.3824155373
143 0 10 0 31.622776601683793 0.0
144 13 171 676 2236.1151580363658 1511613.8468325832
145 14 204 784 2913.702798845483 2284342.9942948585
146 6 70 144 585.6620185738528 84335.33067463481
147 16 193 1024 2681.2416899638124 2745591.490522944
148 3 98 36 332.55375505322445 11971.93518191608
149 9 154 324 1911.089741482592 619193.0762403598
150 12 177 576 2354.8318411300625 1356383.140490916
151 5 150 100 1000.0 100000.0
152 0 50 0 1.0 0.0
153 20 240 1600 3718.06401235912 5948902.419774592
154 18 231 1296 3510.8960394748233 4550121.267159371
155 13 234 676 3579.511698542135 2419749.9082144834
156 12 146 576 1764.1247121448075 1016135.8341954091
157 17 184 1156 2495.8974337900986 2885257.433461354
158 15 221 900 3285.4011931573896 2956861.0738416505
159 12 195 576 2723.0268085349435 1568463.4417161276
160 13 168 676 2177.5288746650413 1472009.519273568
161 7 72 196 610.9402589451771 119744.29075325471
162 0 5 0 11.180339887498949 0.0
163 8 138 256 1621.132937176961 415010.031917302
164 17 296 1156 5092.576558089235 5887018.501151156
165 21 277 1764 4610.198802654827 8132390.687883114
166 13 243 676 3787.995116153135 2560684.698519519
167 19 179 1444 2394.8567806864776 3458173.1913112737
168 13 182 676 2455.3142365082317 1659792.4238795647
169 14 184 784 2495.8974337900986 1956783.5880914372
170 5 57 100 430.34056281043274 43034.056281043275
171 3 56 36 419.06562731868144 15086.362583472532
172 15 166 900 2138.760388636371 1924884.3497727339
173 12 150 576 1837.1173070873836 1058179.5688823329
174 11 175 484 2315.032397181517 1120475.6802358541
175 11 191 484 2639.672517567283 1277601.498502565
176 8 95 256 925.9454627568516 237042.038465754
177 6 86 144 797.5311906126306 114844.4914482188
178 14 189 784 2598.3204190399615 2037083.2085273298
179 14 180 784 2414.953415699773 1893323.477908622
180 14 168 784 2177.5288746650413 1707182.6377373924
181 13 185 676 2516.272044116057 1700999.9018224543
182 14 181 784 2435.1059525203414 1909123.0667759476
183 10 160 400 2023.8577025077627 809543.081003105
184 14 180 784 2414.953415699773 1893323.477908622
185 13 212 676 3086.7665930549397 2086654.2169051392
186 14 248 784 3905.507905509858 3061918.1979197287
187 8 83 256 756.1659870689768 193578.49268965807
188 10 127 400 1431.21731403725 572486.9256149
189 14 194 784 2702.1073257737194 2118452.143406596
190 9 141 324 1674.2822342723464 542467.4439042403
191 12 153 576 1892.505482158506 1090083.1577232995
192 13 219 676 3240.9040405417745 2190851.1314062397
193 7 124 196 1380.8055619818454 270637.8901484417
194 10 148 400 1800.497708968273 720199.0835873092
195 9 188 324 2577.7261297507926 835183.2660392568
196 17 189 1156 2598.3204190399615 3003658.4044101955
197 2 6 16 14.696938456699069 235.1510153071851
198 19 233 1444 3556.5906427363834 5135716.888111338
199 10 180 400 2414.953415699773 965981.3662799092
1101's generation fitness ratios and roulette cutoffs:
11085359.062114317 192599790.06241113 962998.9503120556 1.4557190454420943e-06 1.4557190454420943e-06
11085359.062114317 192599790.06241113 962998.9503120556 0.0 1.4557190454420943e-06
11085359.062114317 192599790.06241113 962998.9503120556 0.0 1.4557190454420943e-06
11085359.062114317 192599790.06241113 962998.9503120556 1.4557190454420943e-06 2.9114380908841886e-06
11085359.062114317 192599790.06241113 962998.9503120556 0.0003133204367166519 0.0003162318748075361
11085359.062114317 192599790.06241113 962998.9503120556 0.0 0.0003162318748075361
11085359.062114317 192599790.06241113 962998.9503120556 0.0 0.0003162318748075361
11085359.062114317 192599790.06241113 962998.9503120556 0.0 0.0003162318748075361
11085359.062114317 192599790.06241113 962998.9503120556 0.0009510845710549555 0.0012673164458624916
11085359.062114317 192599790.06241113 962998.9503120556 0.0 0.0012673164458624916
11085359.062114317 192599790.06241113 962998.9503120556 0.017810308394140207 0.019077624840002697
11085359.062114317 192599790.06241113 962998.9503120556 4.699364831215487e-07 0.01907809477648582
11085359.062114317 192599790.06241113 962998.9503120556 0.0 0.01907809477648582
11085359.062114317 192599790.06241113 962998.9503120556 0.0 0.01907809477648582
11085359.062114317 192599790.06241113 962998.9503120556 0.001902346997755337 0.020980441774241156
11085359.062114317 192599790.06241113 962998.9503120556 0.0 0.020980441774241156
11085359.062114317 192599790.06241113 962998.9503120556 0.0 0.020980441774241156
11085359.062114317 192599790.06241113 962998.9503120556 8.633284463743751e-07 0.02098130510268753
11085359.062114317 192599790.06241113 962998.9503120556 0.00039260997471697373 0.021373915077404503
11085359.062114317 192599790.06241113 962998.9503120556 0.020257031426336114 0.04163094650374062
11085359.062114317 192599790.06241113 962998.9503120556 0.0 0.04163094650374062
11085359.062114317 192599790.06241113 962998.9503120556 0.0 0.04163094650374062
11085359.062114317 192599790.06241113 962998.9503120556 0.0313297599117823 0.07296070641552292
11085359.062114317 192599790.06241113 962998.9503120556 0.0 0.07296070641552292
11085359.062114317 192599790.06241113 962998.9503120556 0.0 0.07296070641552292
11085359.062114317 192599790.06241113 962998.9503120556 6.567562008543534e-07 0.07296136317172378
11085359.062114317 192599790.06241113 962998.9503120556 1.0791605579679689e-07 0.07296147108777958
11085359.062114317 192599790.06241113 962998.9503120556 0.0 0.07296147108777958
11085359.062114317 192599790.06241113 962998.9503120556 8.687074918510732e-05 0.07304834183696468
11085359.062114317 192599790.06241113 962998.9503120556 0.0 0.07304834183696468
11085359.062114317 192599790.06241113 962998.9503120556 0.057556444160827766 0.13060478599779246
11085359.062114317 192599790.06241113 962998.9503120556 0.0 0.13060478599779246
11085359.062114317 192599790.06241113 962998.9503120556 1.661476369711023e-07 0.13060495214542944
11085359.062114317 192599790.06241113 962998.9503120556 0.017824451510991754 0.1484294036564212
11085359.062114317 192599790.06241113 962998.9503120556 0.0 0.1484294036564212
11085359.062114317 192599790.06241113 962998.9503120556 0.0 0.1484294036564212
11085359.062114317 192599790.06241113 962998.9503120556 0.0 0.1484294036564212
11085359.062114317 192599790.06241113 962998.9503120556 0.020639044010387294 0.1690684476668085
11085359.062114317 192599790.06241113 962998.9503120556 0.0 0.1690684476668085
11085359.062114317 192599790.06241113 962998.9503120556 0.0 0.1690684476668085
11085359.062114317 192599790.06241113 962998.9503120556 0.0 0.1690684476668085
11085359.062114317 192599790.06241113 962998.9503120556 0.0 0.1690684476668085
11085359.062114317 192599790.06241113 962998.9503120556 0.0 0.1690684476668085
11085359.062114317 192599790.06241113 962998.9503120556 0.0 0.1690684476668085
11085359.062114317 192599790.06241113 962998.9503120556 0.003930441422693655 0.17299888908950217
11085359.062114317 192599790.06241113 962998.9503120556 0.006319510789020822 0.179318399878523
11085359.062114317 192599790.06241113 962998.9503120556 0.0 0.179318399878523
11085359.062114317 192599790.06241113 962998.9503120556 0.0 0.179318399878523
11085359.062114317 192599790.06241113 962998.9503120556 1.3650421296787807e-05 0.17933205029981977
11085359.062114317 192599790.06241113 962998.9503120556 0.00135449784195229 0.18068654814177207
11085359.062114317 192599790.06241113 962998.9503120556 0.0004359424901143252 0.1811224906318864
11085359.062114317 192599790.06241113 962998.9503120556 0.0 0.1811224906318864
11085359.062114317 192599790.06241113 962998.9503120556 8.633284463743751e-07 0.18112335396033277
11085359.062114317 192599790.06241113 962998.9503120556 0.0 0.18112335396033277
11085359.062114317 192599790.06241113 962998.9503120556 0.0 0.18112335396033277
11085359.062114317 192599790.06241113 962998.9503120556 0.0 0.18112335396033277
11085359.062114317 192599790.06241113 962998.9503120556 0.0 0.18112335396033277
11085359.062114317 192599790.06241113 962998.9503120556 0.00977886998346275 0.19090222394379552
11085359.062114317 192599790.06241113 962998.9503120556 5.642420673006694e-05 0.1909586481505256
11085359.062114317 192599790.06241113 962998.9503120556 8.633284463743751e-07 0.19095951147897197
11085359.062114317 192599790.06241113 962998.9503120556 0.0 0.19095951147897197
11085359.062114317 192599790.06241113 962998.9503120556 0.00014300013520753525 0.19110251161417952
11085359.062114317 192599790.06241113 962998.9503120556 0.0 0.19110251161417952
11085359.062114317 192599790.06241113 962998.9503120556 2.242993099109881e-06 0.19110475460727863
11085359.062114317 192599790.06241113 962998.9503120556 0.0 0.19110475460727863
11085359.062114317 192599790.06241113 962998.9503120556 0.0 0.19110475460727863
11085359.062114317 192599790.06241113 962998.9503120556 0.0 0.19110475460727863
11085359.062114317 192599790.06241113 962998.9503120556 4.826152732505962e-06 0.19110958076001114
11085359.062114317 192599790.06241113 962998.9503120556 0.0 0.19110958076001114
11085359.062114317 192599790.06241113 962998.9503120556 9.734624646442893e-07 0.19111055422247578
11085359.062114317 192599790.06241113 962998.9503120556 5.607482747774702e-07 0.19111111497075056
11085359.062114317 192599790.06241113 962998.9503120556 0.0 0.19111111497075056
11085359.062114317 192599790.06241113 962998.9503120556 3.0307715440053e-06 0.19111414574229457
11085359.062114317 192599790.06241113 962998.9503120556 0.0 0.19111414574229457
11085359.062114317 192599790.06241113 962998.9503120556 0.0 0.19111414574229457
11085359.062114317 192599790.06241113 962998.9503120556 0.0 0.19111414574229457
11085359.062114317 192599790.06241113 962998.9503120556 1.5037967459889558e-05 0.19112918370975446
11085359.062114317 192599790.06241113 962998.9503120556 0.0 0.19112918370975446
11085359.062114317 192599790.06241113 962998.9503120556 1.230838919370417e-05 0.19114149209894815
11085359.062114317 192599790.06241113 962998.9503120556 6.880097213018613e-06 0.19114837219616118
11085359.062114317 192599790.06241113 962998.9503120556 0.00026501584546207666 0.19141338804162325
11085359.062114317 192599790.06241113 962998.9503120556 9.767446381161077e-06 0.1914231554880044
11085359.062114317 192599790.06241113 962998.9503120556 8.043757605423859e-05 0.19150359306405865
11085359.062114317 192599790.06241113 962998.9503120556 1.0791605579679689e-07 0.19150370098011443
11085359.062114317 192599790.06241113 962998.9503120556 2.6223601558621644e-05 0.19152992458167306
11085359.062114317 192599790.06241113 962998.9503120556 5.607482747774702e-07 0.19153048532994785
11085359.062114317 192599790.06241113 962998.9503120556 9.734624646442893e-07 0.19153145879241248
11085359.062114317 192599790.06241113 962998.9503120556 0.0 0.19153145879241248
11085359.062114317 192599790.06241113 962998.9503120556 0.0 0.19153145879241248
11085359.062114317 192599790.06241113 962998.9503120556 0.0 0.19153145879241248
11085359.062114317 192599790.06241113 962998.9503120556 0.0 0.19153145879241248
11085359.062114317 192599790.06241113 962998.9503120556 0.0 0.19153145879241248
11085359.062114317 192599790.06241113 962998.9503120556 5.607482747774702e-07 0.19153201954068727
11085359.062114317 192599790.06241113 962998.9503120556 0.0 0.19153201954068727
11085359.062114317 192599790.06241113 962998.9503120556 0.0 0.19153201954068727
11085359.062114317 192599790.06241113 962998.9503120556 0.0 0.19153201954068727
11085359.062114317 192599790.06241113 962998.9503120556 0.0 0.19153201954068727
11085359.062114317 192599790.06241113 962998.9503120556 0.0 0.19153201954068727
11085359.062114317 192599790.06241113 962998.9503120556 0.0 0.19153201954068727
11085359.062114317 192599790.06241113 962998.9503120556 0.0 0.19153201954068727
11085359.062114317 192599790.06241113 962998.9503120556 1.945985357819251e-05 0.19155147939426545
11085359.062114317 192599790.06241113 962998.9503120556 0.0 0.19155147939426545
11085359.062114317 192599790.06241113 962998.9503120556 0.007222298461448568 0.198773777855714
11085359.062114317 192599790.06241113 962998.9503120556 0.0048493898541553905 0.2036231677098694
11085359.062114317 192599790.06241113 962998.9503120556 0.01224285315844934 0.21586602086831874
11085359.062114317 192599790.06241113 962998.9503120556 1.2973619907377427e-05 0.21587899448822612
11085359.062114317 192599790.06241113 962998.9503120556 0.0 0.21587899448822612
11085359.062114317 192599790.06241113 962998.9503120556 1.7943944792879048e-05 0.215896938433019
11085359.062114317 192599790.06241113 962998.9503120556 0.0002332616966698855 0.21613020012968887
11085359.062114317 192599790.06241113 962998.9503120556 0.00046632744169489414 0.21659652757138376
11085359.062114317 192599790.06241113 962998.9503120556 0.0 0.21659652757138376
11085359.062114317 192599790.06241113 962998.9503120556 0.0004378786220239716 0.21703440619340772
11085359.062114317 192599790.06241113 962998.9503120556 0.005742533285388921 0.22277693947879665
11085359.062114317 192599790.06241113 962998.9503120556 4.351672732175721e-06 0.22278129115152884
11085359.062114317 192599790.06241113 962998.9503120556 1.4338598827489908e-05 0.22279562975035633
11085359.062114317 192599790.06241113 962998.9503120556 0.05301679699486734 0.27581242674522366
11085359.062114317 192599790.06241113 962998.9503120556 0.003059627836116568 0.27887205458134023
11085359.062114317 192599790.06241113 962998.9503120556 0.0017585107917329863 0.28063056537307324
11085359.062114317 192599790.06241113 962998.9503120556 0.0006277571857646283 0.28125832255883787
11085359.062114317 192599790.06241113 962998.9503120556 4.206774933519778e-05 0.28130039030817305
11085359.062114317 192599790.06241113 962998.9503120556 0.0028943302156955214 0.28419472052386857
11085359.062114317 192599790.06241113 962998.9503120556 0.00025347301159078984 0.28444819353545936
11085359.062114317 192599790.06241113 962998.9503120556 0.00411824094908804 0.2885664344845474
11085359.062114317 192599790.06241113 962998.9503120556 0.00014677975380869386 0.28871321423835605
11085359.062114317 192599790.06241113 962998.9503120556 0.0001891034511188531 0.2889023176894749
11085359.062114317 192599790.06241113 962998.9503120556 0.01902816771667039 0.30793048540614526
11085359.062114317 192599790.06241113 962998.9503120556 5.2704703532283905e-05 0.30798319010967756
11085359.062114317 192599790.06241113 962998.9503120556 0.018183728277506805 0.32616691838718437
11085359.062114317 192599790.06241113 962998.9503120556 0.02659862613460131 0.35276554452178566
11085359.062114317 192599790.06241113 962998.9503120556 0.018545387032917346 0.371310931554703
11085359.062114317 192599790.06241113 962998.9503120556 0.0026386990064976345 0.3739496305612007
11085359.062114317 192599790.06241113 962998.9503120556 0.008195206254990331 0.382144836816191
11085359.062114317 192599790.06241113 962998.9503120556 0.0018131837703491622 0.38395802058654016
11085359.062114317 192599790.06241113 962998.9503120556 0.03409433437398569 0.41805235496052584
11085359.062114317 192599790.06241113 962998.9503120556 0.01925246688397531 0.43730482184450115
11085359.062114317 192599790.06241113 962998.9503120556 9.163384861464197e-06 0.4373139852293626
11085359.062114317 192599790.06241113 962998.9503120556 0.0 0.4373139852293626
11085359.062114317 192599790.06241113 962998.9503120556 0.015040320978066696 0.4523543062074293
11085359.062114317 192599790.06241113 962998.9503120556 0.014799656909340798 0.4671539631167701
11085359.062114317 192599790.06241113 962998.9503120556 0.0026960294011140807 0.4698499925178842
11085359.062114317 192599790.06241113 962998.9503120556 0.00411824094908804 0.4739682334669722
11085359.062114317 192599790.06241113 962998.9503120556 0.016878147346646343 0.49084638081361853
11085359.062114317 192599790.06241113 962998.9503120556 0.009410806636020726 0.5002571874496392
11085359.062114317 192599790.06241113 962998.9503120556 0.0 0.5002571874496392
11085359.062114317 192599790.06241113 962998.9503120556 0.007848470895750984 0.5081056583453902
11085359.062114317 192599790.06241113 962998.9503120556 0.011860568454174467 0.5199662267995647
11085359.062114317 192599790.06241113 962998.9503120556 0.0004378786220239716 0.5204041054215887
11085359.062114317 192599790.06241113 962998.9503120556 0.014255423069948554 0.5346595284915372
11085359.062114317 192599790.06241113 962998.9503120556 6.215964813895501e-05 0.5347216881396761
11085359.062114317 192599790.06241113 962998.9503120556 0.003214920826443855 0.53793660896612
11085359.062114317 192599790.06241113 962998.9503120556 0.007042495425625262 0.5449791043917452
11085359.062114317 192599790.06241113 962998.9503120556 0.0005192113655346946 0.5454983157572799
11085359.062114317 192599790.06241113 962998.9503120556 0.0 0.5454983157572799
11085359.062114317 192599790.06241113 962998.9503120556 0.030887377488038152 0.5763856932453181
11085359.062114317 192599790.06241113 962998.9503120556 0.02362474676470272 0.6000104400100208
11085359.062114317 192599790.06241113 962998.9503120556 0.012563616540964941 0.6125740565509857
11085359.062114317 192599790.06241113 962998.9503120556 0.005275892740413344 0.617849949291399
11085359.062114317 192599790.06241113 962998.9503120556 0.01498058451946598 0.632830533810865
11085359.062114317 192599790.06241113 962998.9503120556 0.01535235875845707 0.648182892569322
11085359.062114317 192599790.06241113 962998.9503120556 0.008143640453646775 0.6563265330229688
11085359.062114317 192599790.06241113 962998.9503120556 0.007642840725820986 0.6639693737487898
11085359.062114317 192599790.06241113 962998.9503120556 0.0006217259671698089 0.6645910997159596
11085359.062114317 192599790.06241113 962998.9503120556 0.0 0.6645910997159596
11085359.062114317 192599790.06241113 962998.9503120556 0.002154779253823796 0.6667458789697834
11085359.062114317 192599790.06241113 962998.9503120556 0.03056606914910703 0.6973119481188904
11085359.062114317 192599790.06241113 962998.9503120556 0.04222429674117427 0.7395362448600646
11085359.062114317 192599790.06241113 962998.9503120556 0.013295365990221174 0.7528316108502858
11085359.062114317 192599790.06241113 962998.9503120556 0.017955228249161993 0.7707868390994478
11085359.062114317 192599790.06241113 962998.9503120556 0.008617830909066496 0.7794046700085143
11085359.062114317 192599790.06241113 962998.9503120556 0.010159842788288347 0.7895645127968026
11085359.062114317 192599790.06241113 962998.9503120556 0.00022343771126177384 0.7897879505080644
11085359.062114317 192599790.06241113 962998.9503120556 7.833010917916297e-05 0.7898662806172435
11085359.062114317 192599790.06241113 962998.9503120556 0.009994218317418641 0.7998604989346622
11085359.062114317 192599790.06241113 962998.9503120556 0.005494188589403106 0.8053546875240652
11085359.062114317 192599790.06241113 962998.9503120556 0.0058176370798367376 0.811172324603902
11085359.062114317 192599790.06241113 962998.9503120556 0.00663345218646689 0.8178057767903689
11085359.062114317 192599790.06241113 962998.9503120556 0.0012307492048093177 0.8190365259951783
11085359.062114317 192599790.06241113 962998.9503120556 0.0005962856522896725 0.8196328116474679
11085359.062114317 192599790.06241113 962998.9503120556 0.010576767544072722 0.8302095791915407
11085359.062114317 192599790.06241113 962998.9503120556 0.00983035068363833 0.8400399298751791
11085359.062114317 192599790.06241113 962998.9503120556 0.008863886285567535 0.8489038161607466
11085359.062114317 192599790.06241113 962998.9503120556 0.00883178481799618 0.8577356009787428
11085359.062114317 192599790.06241113 962998.9503120556 0.009912383944745239 0.867647984923488
11085359.062114317 192599790.06241113 962998.9503120556 0.004203239685467861 0.8718512246089559
11085359.062114317 192599790.06241113 962998.9503120556 0.00983035068363833 0.8816815752925943
11085359.062114317 192599790.06241113 962998.9503120556 0.010834145853580463 0.8925157211461747
11085359.062114317 192599790.06241113 962998.9503120556 0.01589782728697434 0.908413548433149
11085359.062114317 192599790.06241113 962998.9503120556 0.0010050815352754528 0.9094186299684245
11085359.062114317 192599790.06241113 962998.9503120556 0.0029724171839927136 0.9123910471524171
11085359.062114317 192599790.06241113 962998.9503120556 0.010999244301980396 0.9233902914543975
11085359.062114317 192599790.06241113 962998.9503120556 0.0028165526230763595 0.9262068440774739
11085359.062114317 192599790.06241113 962998.9503120556 0.005659835648678863 0.9318666797261528
11085359.062114317 192599790.06241113 962998.9503120556 0.011375148076206645 0.9432418278023594
11085359.062114317 192599790.06241113 962998.9503120556 0.001405182685094011 0.9446470104874535
11085359.062114317 192599790.06241113 962998.9503120556 0.0037393554964620253 0.9483863659839155
11085359.062114317 192599790.06241113 962998.9503120556 0.004336366440319687 0.9527227324242351
11085359.062114317 192599790.06241113 962998.9503120556 0.015595335817535798 0.9683180682417709
11085359.062114317 192599790.06241113 962998.9503120556 1.2209307976451346e-06 0.9683192891725686
11085359.062114317 192599790.06241113 962998.9503120556 0.026665225784758807 0.9949845149573274
11085359.062114317 192599790.06241113 962998.9503120556 0.005015485042672617 1.0
1101's generation extracting best parents:
0
0
0
0
60345.45033389013
0
0
0
183178.68871678278
0
3430261.6576582026
0
0
0
366391.632393536
0
0
0
75616.59870689768
3901500.0
0
0
6034105.181715015
0
0
0
0
0
16731.28805561604
0
11085359.062114317
0
0
3432985.6189946383
0
0
0
3975075.5434894566
0
0
0
0
0
0
757002.1928634024
1217136.4512625525
0
0
0
260876.0
83962.43207530378
0
0
0
0
0
0
1883408.3058625394
0
0
0
27541.796019867696
0
0
0
0
0
0
0
0
0
0
0
0
0
0
0
0
0
0
51041.996199208355
0
0
0
0
0
0
0
0
0
0
0
0
0
0
0
0
0
0
0
0
0
1391013.1674430692
933991.4678411147
2357970.94808227
0
0
0
44926.153808221774
89814.56737077788
0
84335.33067463481
1106010.7051923142
0
0
10211023.970992919
589283.6789051603
338688.80931025755
120905.90218843744
0
557447.3919142506
48818.84881887323
793172.3422207813
28269.749768966827
36421.284985568534
3664821.107503066
0
3502182.2487997394
5122889.809472774
3571837.6491660425
508212.8746893372
1578395.0042292962
349218.8135138197
6566561.64274729
3708021.0800371673
0
0
2896762.662846924
2850410.8137347503
519254.69665665994
793172.3422207813
3250727.635606527
1812519.3824155373
0
1511613.8468325832
2284342.9942948585
84335.33067463481
2745591.490522944
0
619193.0762403598
1356383.140490916
100000.0
0
5948902.419774592
4550121.267159371
2419749.9082144834
1016135.8341954091
2885257.433461354
2956861.0738416505
1568463.4417161276
1472009.519273568
119744.29075325471
0
415010.031917302
5887018.501151156
8132390.687883114
2560684.698519519
3458173.1913112737
1659792.4238795647
1956783.5880914372
43034.056281043275
0
1924884.3497727339
1058179.5688823329
1120475.6802358541
1277601.498502565
237042.038465754
114844.4914482188
2037083.2085273298
1893323.477908622
1707182.6377373924
1700999.9018224543
1909123.0667759476
809543.081003105
1893323.477908622
2086654.2169051392
3061918.1979197287
193578.49268965807
572486.9256149
2118452.143406596
542467.4439042403
1090083.1577232995
2190851.1314062397
270637.8901484417
720199.0835873092
835183.2660392568
3003658.4044101955
0
5135716.888111338
965981.3662799092
