0 2 19 16 82.8190799272728 1325.1052788363647
1 3 56 36 419.06562731868144 15086.362583472532
2 0 50 0 1.0 0.0
3 0 50 0 1.0 0.0
4 0 50 0 1.0 0.0
5 0 50 0 1.0 0.0
6 25 316 2500 5617.338871743452 14043347.17935863
7 0 50 0 1.0 0.0
8 0 2 0 2.8284271247461903 0.0
9 0 50 0 1.0 0.0
10 0 50 0 1.0 0.0
11 0 5 0 11.180339887498949 0.0
12 0 5 0 11.180339887498949 0.0
13 1 2 4 2.8284271247461903 11.313708498984761
14 25 369 2500 7088.258530838163 17720646.327095408
15 0 14 0 52.38320341483518 0.0
16 3 27 36 140.29611541307906 5050.660154870846
17 1 13 4 46.87216658103186 187.48866632412745
18 1 6 4 14.696938456699069 58.787753826796276
19 3 72 36 610.9402589451771 21993.849322026377
20 0 2 0 2.8284271247461903 0.0
21 14 221 784 3285.4011931573896 2575754.5354353935
22 16 273 1024 4510.7002782273175 4618957.084904773
23 3 62 36 488.18848818873226 17574.78557479436
24 1 14 4 52.38320341483518 209.53281365934072
25 0 50 0 1.0 0.0
26 7 111 196 1169.4575665666541 229213.6830470642
27 1 2 4 2.8284271247461903 11.313708498984761
28 0 50 0 1.0 0.0
29 1 50 4 353.5533905932738 1414.213562373095
30 3 38 36 234.2477321128211 8432.91835606156
31 3 83 36 189.57056733575496 6824.5404240871785
32 0 50 0 1.0 0.0
33 2 38 16 234.2477321128211 3747.9637138051376
34 1 15 4 58.09475019311125 232.379000772445
35 0 50 0 1.0 0.0
36 4 96 64 311.9871792237623 19967.17947032079
37 0 6 0 14.696938456699069 0.0
38 0 2 0 2.8284271247461903 0.0
39 2 32 16 181.01933598375618 2896.309375740099
40 3 59 36 453.18759912424787 16314.753568472923
41 0 50 0 1.0 0.0
42 0 9 0 27.0 0.0
43 1 14 4 52.38320341483518 209.53281365934072
44 2 22 16 103.18914671611545 1651.0263474578471
45 0 50 0 1.0 0.0
46 1 17 4 70.09279563550022 280.3711825420009
47 0 50 0 1.0 0.0
48 0 11 0 36.4828726939094 0.0
49 2 94 16 291.8629815512752 4669.807704820403
50 0 14 0 52.38320341483518 0.0
51 3 76 36 132.5745073534124 4772.682264722846
52 1 17 4 70.09279563550022 280.3711825420009
53 7 75 196 649.519052838329 127305.73435631249
54 0 50 0 1.0 0.0
55 0 5 0 11.180339887498949 0.0
56 0 50 0 1.0 0.0
57 0 50 0 1.0 0.0
58 7 361 196 1169.4575665666541 229213.6830470642
59 2 88 16 234.2477321128211 3747.9637138051376
60 0 50 0 1.0 0.0
61 0 50 0 1.0 0.0
62 0 50 0 1.0 0.0
63 4 33 64 189.57056733575496 12132.516309488317
64 3 61 36 476.42523023030594 17151.308288291013
65 0 2 0 2.8284271247461903 0.0
66 0 50 0 1.0 0.0
67 1 63 4 46.87216658103186 187.48866632412745
68 0 50 0 1.0 0.0
69 0 50 0 1.0 0.0
70 2 19 16 82.8190799272728 1325.1052788363647
71 0 50 0 1.0 0.0
72 1 15 4 58.09475019311125 232.379000772445
73 0 50 0 1.0 0.0
74 0 50 0 1.0 0.0
75 19 225 1444 3375.0 4873500.0
76 0 50 0 1.0 0.0
77 11 130 484 1482.2280526288794 717398.3774723776
78 1 54 4 8.0 32.0
79 3 31 36 172.60069524773067 6213.625028918304
80 2 21 16 96.23408959407264 1539.7454335051623
81 0 50 0 1.0 0.0
82 1 69 4 82.8190799272728 331.2763197090912
83 4 106 64 419.06562731868144 26820.200148395612
84 2 75 16 125.0 2000.0
85 8 104 256 1060.5960588272992 271512.5910597886
86 18 345 1296 6408.090589247315 8304885.40366452
87 0 50 0 1.0 0.0
88 15 173 900 2275.4597337681016 2047913.7603912915
89 17 302 1156 5248.200453488796 6066919.724233048
90 20 307 1600 5379.074548656116 8606519.277849786
91 1 53 4 5.196152422706632 20.784609690826528
92 0 50 0 1.0 0.0
93 1 22 4 103.18914671611545 412.7565868644618
94 3 48 36 332.55375505322445 11971.93518191608
95 0 2 0 2.8284271247461903 0.0
96 2 61 16 36.4828726939094 583.7259631025504
97 0 50 0 1.0 0.0
98 5 88 100 825.5131737289236 82551.31737289236
99 0 50 0 1.0 0.0
100 24 491 2304 10879.833224824726 25067135.74999617
101 1 54 4 8.0 32.0
102 15 221 900 3285.4011931573896 2956861.0738416505
103 20 318 1600 5670.7523310403885 9073203.729664622
104 23 398 2116 7940.075062617481 16801198.83249859
105 29 391 3364 7731.524493914509 26008848.397528406
106 23 399 2116 7970.018757819834 16864559.691546768
107 14 251 784 3976.5878589564695 3117644.881421872
108 0 50 0 1.0 0.0
109 16 274 1024 4535.5070278856365 4644359.196554892
110 0 50 0 1.0 0.0
111 12 235 576 3602.4817834376345 2075029.5072600774
112 21 342 1764 6324.68876704617 11156750.985069444
113 32 489 4096 10813.425405485536 44291790.46086875
114 27 573 2916 13716.140747309353 39996266.41915407
115 13 204 676 2913.702798845483 1969663.0920195465
116 7 350 196 1000.0 196000.0
117 26 378 2704 7349.159951994514 19872128.510193165
118 20 360 1600 6830.519745963699 10928831.593541918
119 33 409 4356 8271.513102208084 36030711.07321841
120 2 30 16 164.31676725154983 2629.0682760247973
121 1 23 4 110.30412503619254 441.2165001447702
122 29 407 3364 8210.91608774563 27621521.7191763
123 0 50 0 1.0 0.0
124 20 315 1600 5590.695395029137 8945112.63204662
125 3 95 36 301.8691769624716 10867.290370648978
126 16 193 1024 2681.2416899638124 2745591.490522944
127 23 349 2116 6519.858050602023 13796019.63507388
128 1 56 4 14.696938456699069 58.787753826796276
129 0 50 0 1.0 0.0
130 23 285 2116 4811.353759598228 10180824.55530985
131 20 356 1600 6716.994566024302 10747191.305638883
132 23 419 2116 8576.716096502203 18148331.26019866
133 12 253 576 4024.2113513084773 2317945.738353683
134 17 259 1156 4168.21052731265 4818451.369573424
135 22 426 1936 8792.540929674426 17022359.239849687
136 26 493 2704 10946.376432409037 29599001.873234037
137 26 397 2704 7910.168961532996 21389096.87198522
138 16 215 1024 3152.518834202264 3228179.286223118
139 34 620 4624 15437.875501506029 71384736.31896387
140 33 530 4356 12201.516299214618 53149804.999378875
141 26 636 2704 7583.6967238939615 20506315.94140927
142 30 457 3600 9769.544155179401 35170358.95864584
143 17 236 1156 3625.500792993983 4191078.9167010444
144 25 315 2500 5590.695395029137 13976738.487572843
145 5 66 100 536.1865347059734 53618.65347059734
146 22 329 1936 5967.519501434411 11553117.75477702
147 19 352 1444 6604.1053898313885 9536328.182916526
148 25 445 2500 9387.285283829398 23468213.209573496
149 3 24 36 117.57550765359255 4232.718275529332
150 28 507 3136 11415.94687268647 35800409.39274477
151 21 304 1764 5300.421115345459 9349942.84746939
152 3 109 36 453.18759912424787 16314.753568472923
153 12 224 576 3352.5250185494515 1931054.410684484
154 21 318 1764 5670.7523310403885 10003207.111955246
155 32 622 4096 15512.635108194869 63539753.40316618
156 37 499 5476 11146.81564394065 61039962.466219
157 26 444 2704 9355.660532533233 25297706.07996986
158 19 354 1444 6660.47025366828 9617719.046296997
159 27 360 2916 6830.519745963699 19917795.57923015
160 27 404 2916 8120.299501865679 23678793.34744032
161 26 346 2704 6435.972032257443 17402868.375224125
162 27 349 2916 6519.858050602023 19011906.075555496
163 28 413 3136 8393.15179178835 26320924.019048266
164 23 394 2116 7820.676697064008 16548551.890987441
165 21 328 1764 5940.332650618146 10478746.795690408
166 25 355 2500 6688.712506902954 16721781.267257387
167 27 495 2916 11013.054753337059 32114067.660730865
168 29 515 3364 11687.209889447524 39315774.06810147
169 21 240 1764 3718.06401235912 6558664.917801488
170 2 73 16 110.30412503619254 1764.8660005790807
171 22 433 1936 9010.146336214524 17443643.30691132
172 24 370 2304 7117.0921028183975 16397780.204893587
173 30 434 3600 9041.377328703851 32548958.383333866
174 25 419 2500 8576.716096502203 21441790.241255507
175 20 309 1600 5431.724311855306 8690758.89896849
176 29 447 3364 9450.64140680409 31791957.69248896
177 33 502 4356 11247.488964208856 48994061.928093776
178 19 264 1444 4289.492277647787 6194026.848923405
179 20 271 1600 4461.2230385848225 7137956.8617357155
180 26 418 2704 8546.030189509045 23108465.632432457
181 33 505 4356 11348.463552393338 49433907.23422538
182 23 295 2116 5066.791391008712 10721330.583374435
183 29 429 3364 8885.583211022224 29891101.92187876
184 20 354 1600 6660.47025366828 10656752.405869247
185 17 339 1156 6241.651944797947 7215349.648186427
186 6 46 144 311.9871792237623 44926.153808221774
187 18 234 1296 3579.511698542135 4639047.161310607
188 22 417 1936 8515.380966228111 16485777.550617622
189 29 437 3364 9135.286147680323 30731102.600796606
190 14 172 784 2255.7588523598884 1768514.9402501525
191 23 433 2116 9010.146336214524 19065469.647429932
192 22 375 1936 7261.843774138907 14058929.546732925
193 23 308 2116 5405.378062633547 11437779.980532587
194 24 485 2304 10681.017039589442 24609063.259214073
195 31 409 3844 8271.513102208084 31795696.364887875
196 29 404 3364 8120.299501865679 27316687.524276145
197 29 593 3364 14440.493654996702 48577820.655408904
198 18 364 1296 6944.677386315364 9000301.892664712
199 4 50 64 353.5533905932738 22627.41699796952
4101's generation fitness ratios and roulette cutoffs:
71384736.31896387 1761242022.2771425 8806210.111385712 7.523697834117718e-07 7.523697834117718e-07
71384736.31896387 1761242022.2771425 8806210.111385712 8.565752118477785e-06 9.318121901889558e-06
71384736.31896387 1761242022.2771425 8806210.111385712 0.0 9.318121901889558e-06
71384736.31896387 1761242022.2771425 8806210.111385712 0.0 9.318121901889558e-06
71384736.31896387 1761242022.2771425 8806210.111385712 0.0 9.318121901889558e-06
71384736.31896387 1761242022.2771425 8806210.111385712 0.0 9.318121901889558e-06
71384736.31896387 1761242022.2771425 8806210.111385712 0.00797354764520195 0.00798286576710384
71384736.31896387 1761242022.2771425 8806210.111385712 0.0 0.00798286576710384
71384736.31896387 1761242022.2771425 8806210.111385712 0.0 0.00798286576710384
71384736.31896387 1761242022.2771425 8806210.111385712 0.0 0.00798286576710384
71384736.31896387 1761242022.2771425 8806210.111385712 0.0 0.00798286576710384
71384736.31896387 1761242022.2771425 8806210.111385712 0.0 0.00798286576710384
71384736.31896387 1761242022.2771425 8806210.111385712 0.0 0.00798286576710384
71384736.31896387 1761242022.2771425 8806210.111385712 6.423710288468508e-09 0.007982872190814127
71384736.31896387 1761242022.2771425 8806210.111385712 0.010061448740692694 0.01804432093150682
71384736.31896387 1761242022.2771425 8806210.111385712 0.0 0.01804432093150682
71384736.31896387 1761242022.2771425 8806210.111385712 2.86766957123857e-06 0.018047188601078058
71384736.31896387 1761242022.2771425 8806210.111385712 1.0645252835934489e-07 0.018047295053606416
71384736.31896387 1761242022.2771425 8806210.111385712 3.337857777819115e-08 0.018047328432184193
71384736.31896387 1761242022.2771425 8806210.111385712 1.248769280078278e-05 0.018059816124984977
71384736.31896387 1761242022.2771425 8806210.111385712 0.0 0.018059816124984977
71384736.31896387 1761242022.2771425 8806210.111385712 0.0014624648417740753 0.01952228096675905
71384736.31896387 1761242022.2771425 8806210.111385712 0.002622556710822081 0.02214483767758113
71384736.31896387 1761242022.2771425 8806210.111385712 9.978631756736985e-06 0.02215481630933787
71384736.31896387 1761242022.2771425 8806210.111385712 1.1896877942330258e-07 0.02215493527811729
71384736.31896387 1761242022.2771425 8806210.111385712 0.0 0.02215493527811729
71384736.31896387 1761242022.2771425 8806210.111385712 0.00013014320584442426 0.022285078483961714
71384736.31896387 1761242022.2771425 8806210.111385712 6.423710288468508e-09 0.022285084907672004
71384736.31896387 1761242022.2771425 8806210.111385712 0.0 0.022285084907672004
71384736.31896387 1761242022.2771425 8806210.111385712 8.029637860585634e-07 0.022285887871458063
71384736.31896387 1761242022.2771425 8806210.111385712 4.788051982292861e-06 0.022290675923440355
71384736.31896387 1761242022.2771425 8806210.111385712 3.874845329470168e-06 0.022294550768769825
71384736.31896387 1761242022.2771425 8806210.111385712 0.0 0.022294550768769825
71384736.31896387 1761242022.2771425 8806210.111385712 2.1280231032412717e-06 0.022296678791873067
71384736.31896387 1761242022.2771425 8806210.111385712 1.319404135452082e-07 0.022296810732286614
71384736.31896387 1761242022.2771425 8806210.111385712 0.0 0.022296810732286614
71384736.31896387 1761242022.2771425 8806210.111385712 1.1336987885688107e-05 0.0223081477201723
71384736.31896387 1761242022.2771425 8806210.111385712 0.0 0.0223081477201723
71384736.31896387 1761242022.2771425 8806210.111385712 0.0 0.0223081477201723
71384736.31896387 1761242022.2771425 8806210.111385712 1.644469833847938e-06 0.022309792190006148
71384736.31896387 1761242022.2771425 8806210.111385712 9.263209350058133e-06 0.022319055399356205
71384736.31896387 1761242022.2771425 8806210.111385712 0.0 0.022319055399356205
71384736.31896387 1761242022.2771425 8806210.111385712 0.0 0.022319055399356205
71384736.31896387 1761242022.2771425 8806210.111385712 1.1896877942330258e-07 0.022319174368135627
71384736.31896387 1761242022.2771425 8806210.111385712 9.374216187070102e-07 0.022320111789754335
71384736.31896387 1761242022.2771425 8806210.111385712 0.0 0.022320111789754335
71384736.31896387 1761242022.2771425 8806210.111385712 1.5918946913355144e-07 0.02232027097922347
71384736.31896387 1761242022.2771425 8806210.111385712 0.0 0.02232027097922347
71384736.31896387 1761242022.2771425 8806210.111385712 0.0 0.02232027097922347
71384736.31896387 1761242022.2771425 8806210.111385712 2.6514287336743887e-06 0.022322922407957142
71384736.31896387 1761242022.2771425 8806210.111385712 0.0 0.022322922407957142
71384736.31896387 1761242022.2771425 8806210.111385712 2.709838968384457e-06 0.022325632246925527
71384736.31896387 1761242022.2771425 8806210.111385712 1.5918946913355144e-07 0.02232579143639466
71384736.31896387 1761242022.2771425 8806210.111385712 7.22817947482973e-05 0.02239807323114296
71384736.31896387 1761242022.2771425 8806210.111385712 0.0 0.02239807323114296
71384736.31896387 1761242022.2771425 8806210.111385712 0.0 0.02239807323114296
71384736.31896387 1761242022.2771425 8806210.111385712 0.0 0.02239807323114296
71384736.31896387 1761242022.2771425 8806210.111385712 0.0 0.02239807323114296
71384736.31896387 1761242022.2771425 8806210.111385712 0.00013014320584442426 0.022528216436987384
71384736.31896387 1761242022.2771425 8806210.111385712 2.1280231032412717e-06 0.022530344460090626
71384736.31896387 1761242022.2771425 8806210.111385712 0.0 0.022530344460090626
71384736.31896387 1761242022.2771425 8806210.111385712 0.0 0.022530344460090626
71384736.31896387 1761242022.2771425 8806210.111385712 0.0 0.022530344460090626
71384736.31896387 1761242022.2771425 8806210.111385712 6.888613919058076e-06 0.022537233074009684
71384736.31896387 1761242022.2771425 8806210.111385712 9.738189341017293e-06 0.0225469712633507
71384736.31896387 1761242022.2771425 8806210.111385712 0.0 0.0225469712633507
71384736.31896387 1761242022.2771425 8806210.111385712 0.0 0.0225469712633507
71384736.31896387 1761242022.2771425 8806210.111385712 1.0645252835934489e-07 0.02254707771587906
71384736.31896387 1761242022.2771425 8806210.111385712 0.0 0.02254707771587906
71384736.31896387 1761242022.2771425 8806210.111385712 0.0 0.02254707771587906
71384736.31896387 1761242022.2771425 8806210.111385712 7.523697834117718e-07 0.02254783008566247
71384736.31896387 1761242022.2771425 8806210.111385712 0.0 0.02254783008566247
71384736.31896387 1761242022.2771425 8806210.111385712 1.319404135452082e-07 0.022547962026076018
71384736.31896387 1761242022.2771425 8806210.111385712 0.0 0.022547962026076018
71384736.31896387 1761242022.2771425 8806210.111385712 0.0 0.022547962026076018
71384736.31896387 1761242022.2771425 8806210.111385712 0.002767081376867764 0.02531504340294378
71384736.31896387 1761242022.2771425 8806210.111385712 0.0 0.02531504340294378
71384736.31896387 1761242022.2771425 8806210.111385712 0.0004073252672820286 0.02572236867022581
71384736.31896387 1761242022.2771425 8806210.111385712 1.81689964214155e-08 0.025722386839222233
71384736.31896387 1761242022.2771425 8806210.111385712 3.5279790910760767e-06 0.02572591481831331
71384736.31896387 1761242022.2771425 8806210.111385712 8.742384147264422e-07 0.025726789056728035
71384736.31896387 1761242022.2771425 8806210.111385712 0.0 0.025726789056728035
71384736.31896387 1761242022.2771425 8806210.111385712 1.8809244585294295e-07 0.025726977149173887
71384736.31896387 1761242022.2771425 8806210.111385712 1.522800376618273e-05 0.02574220515294007
71384736.31896387 1761242022.2771425 8806210.111385712 1.1355622763384688e-06 0.02574334071521641
71384736.31896387 1761242022.2771425 8806210.111385712 0.00015415972797920465 0.025897500443195616
71384736.31896387 1761242022.2771425 8806210.111385712 0.004715357286857702 0.030612857730053317
71384736.31896387 1761242022.2771425 8806210.111385712 0.0 0.030612857730053317
71384736.31896387 1761242022.2771425 8806210.111385712 0.001162766805747404 0.03177562453580072
71384736.31896387 1761242022.2771425 8806210.111385712 0.0034446825862064173 0.03522030712200713
71384736.31896387 1761242022.2771425 8806210.111385712 0.004886619311253009 0.040106926433260144
71384736.31896387 1761242022.2771425 8806210.111385712 1.1801109346660785e-08 0.04010693823436949
71384736.31896387 1761242022.2771425 8806210.111385712 0.0 0.04010693823436949
71384736.31896387 1761242022.2771425 8806210.111385712 2.3435540467675256e-07 0.04010717258977417
71384736.31896387 1761242022.2771425 8806210.111385712 6.797438983676612e-06 0.04011397002875785
71384736.31896387 1761242022.2771425 8806210.111385712 0.0 0.04011397002875785
71384736.31896387 1761242022.2771425 8806210.111385712 3.314285917092986e-07 0.04011430145734956
71384736.31896387 1761242022.2771425 8806210.111385712 0.0 0.04011430145734956
71384736.31896387 1761242022.2771425 8806210.111385712 4.6871080935350516e-05 0.04016117253828491
71384736.31896387 1761242022.2771425 8806210.111385712 0.0 0.04016117253828491
71384736.31896387 1761242022.2771425 8806210.111385712 0.01423264686677553 0.05439381940506044
71384736.31896387 1761242022.2771425 8806210.111385712 1.81689964214155e-08 0.05439383757405686
71384736.31896387 1761242022.2771425 8806210.111385712 0.0016788499459141168 0.05607268751997097
71384736.31896387 1761242022.2771425 8806210.111385712 0.005151593940470321 0.061224281460441295
71384736.31896387 1761242022.2771425 8806210.111385712 0.009539403795723662 0.07076368525616496
71384736.31896387 1761242022.2771425 8806210.111385712 0.014767333545619746 0.08553101880178471
71384736.31896387 1761242022.2771425 8806210.111385712 0.009575378896389417 0.09510639769817412
71384736.31896387 1761242022.2771425 8806210.111385712 0.0017701399591811982 0.09687653765735532
71384736.31896387 1761242022.2771425 8806210.111385712 0.0 0.09687653765735532
71384736.31896387 1761242022.2771425 8806210.111385712 0.0026369795506866875 0.09951351720804201
71384736.31896387 1761242022.2771425 8806210.111385712 0.0 0.09951351720804201
71384736.31896387 1761242022.2771425 8806210.111385712 0.0011781626153668722 0.10069167982340889
71384736.31896387 1761242022.2771425 8806210.111385712 0.006334592772573456 0.10702627259598234
71384736.31896387 1761242022.2771425 8806210.111385712 0.025148043199425298 0.13217431579540764
71384736.31896387 1761242022.2771425 8806210.111385712 0.022709125669987226 0.15488344146539487
71384736.31896387 1761242022.2771425 8806210.111385712 0.0011183375521967916 0.15600177901759166
71384736.31896387 1761242022.2771425 8806210.111385712 0.00011128510308116993 0.15611306412067283
71384736.31896387 1761242022.2771425 8806210.111385712 0.011283019743362767 0.1673960838640356
71384736.31896387 1761242022.2771425 8806210.111385712 0.0062051844410411176 0.17360126830507672
71384736.31896387 1761242022.2771425 8806210.111385712 0.020457558142198785 0.1940588264472755
71384736.31896387 1761242022.2771425 8806210.111385712 1.4927353780859863e-06 0.1940603191826536
71384736.31896387 1761242022.2771425 8806210.111385712 2.5051440663124377e-07 0.19406056969706023
71384736.31896387 1761242022.2771425 8806210.111385712 0.015682979039680148 0.2097435487367404
71384736.31896387 1761242022.2771425 8806210.111385712 0.0 0.2097435487367404
71384736.31896387 1761242022.2771425 8806210.111385712 0.0050788662312754255 0.21482241496801582
71384736.31896387 1761242022.2771425 8806210.111385712 6.170242495462637e-06 0.2148285852105113
71384736.31896387 1761242022.2771425 8806210.111385712 0.0015588950614368817 0.21638748027194818
71384736.31896387 1761242022.2771425 8806210.111385712 0.007833119730607352 0.22422060000255553
71384736.31896387 1761242022.2771425 8806210.111385712 3.337857777819115e-08 0.22422063338113332
71384736.31896387 1761242022.2771425 8806210.111385712 0.0 0.22422063338113332
71384736.31896387 1761242022.2771425 8806210.111385712 0.005780480153515117 0.23000111353464844
71384736.31896387 1761242022.2771425 8806210.111385712 0.006102052511638145 0.2361031660462866
71384736.31896387 1761242022.2771425 8806210.111385712 0.010304280178787891 0.2464074462250745
71384736.31896387 1761242022.2771425 8806210.111385712 0.0013160858695369804 0.24772353209461148
71384736.31896387 1761242022.2771425 8806210.111385712 0.0027358258028295046 0.250459357897441
71384736.31896387 1761242022.2771425 8806210.111385712 0.009664974503527438 0.26012433240096844
71384736.31896387 1761242022.2771425 8806210.111385712 0.01680575497225812 0.27693008737322655
71384736.31896387 1761242022.2771425 8806210.111385712 0.012144325766387779 0.28907441313961435
71384736.31896387 1761242022.2771425 8806210.111385712 0.0018328993093461087 0.29090731244896045
71384736.31896387 1761242022.2771425 8806210.111385712 0.04053090683509199 0.3314382192840524
71384736.31896387 1761242022.2771425 8806210.111385712 0.0301774567760202 0.3616156760600726
71384736.31896387 1761242022.2771425 8806210.111385712 0.01164309940487127 0.3732587754649439
71384736.31896387 1761242022.2771425 8806210.111385712 0.019969066439360465 0.3932278419043044
71384736.31896387 1761242022.2771425 8806210.111385712 0.0023796155574816007 0.395607457461786
71384736.31896387 1761242022.2771425 8806210.111385712 0.007935728486367852 0.40354318594815386
71384736.31896387 1761242022.2771425 8806210.111385712 3.0443660094637526e-05 0.4035736296082485
71384736.31896387 1761242022.2771425 8806210.111385712 0.006559642348210486 0.410133271956459
71384736.31896387 1761242022.2771425 8806210.111385712 0.005414547269651691 0.41554781922611067
71384736.31896387 1761242022.2771425 8806210.111385712 0.0133248088069299 0.42887262803304055
71384736.31896387 1761242022.2771425 8806210.111385712 2.403257600029763e-06 0.4288750312906406
71384736.31896387 1761242022.2771425 8806210.111385712 0.020326797191937175 0.4492018284825778
71384736.31896387 1761242022.2771425 8806210.111385712 0.005308721191753462 0.45451054967433124
71384736.31896387 1761242022.2771425 8806210.111385712 9.263209350058133e-06 0.4545198128836813
71384736.31896387 1761242022.2771425 8806210.111385712 0.0010964162711651565 0.45561622915484645
71384736.31896387 1761242022.2771425 8806210.111385712 0.0056796323193685294 0.461295861474215
71384736.31896387 1761242022.2771425 8806210.111385712 0.03607667350624218 0.49737253498045714
71384736.31896387 1761242022.2771425 8806210.111385712 0.03465733936287717 0.5320298743433343
71384736.31896387 1761242022.2771425 8806210.111385712 0.014363560351156048 0.5463934346944903
71384736.31896387 1761242022.2771425 8806210.111385712 0.005460759466698432 0.5518541941611887
71384736.31896387 1761242022.2771425 8806210.111385712 0.011308948643797438 0.5631631428049861
71384736.31896387 1761242022.2771425 8806210.111385712 0.01344437223728376 0.5766075150422699
71384736.31896387 1761242022.2771425 8806210.111385712 0.009881020413494129 0.5864885354557641
71384736.31896387 1761242022.2771425 8806210.111385712 0.010794601670345481 0.5972831371261096
71384736.31896387 1761242022.2771425 8806210.111385712 0.014944524197201162 0.6122276613233107
71384736.31896387 1761242022.2771425 8806210.111385712 0.009395955627717485 0.6216236169510282
71384736.31896387 1761242022.2771425 8806210.111385712 0.005949634782244318 0.6275732517332725
71384736.31896387 1761242022.2771425 8806210.111385712 0.00949431200014038 0.6370675637334129
71384736.31896387 1761242022.2771425 8806210.111385712 0.018233761887653573 0.6553013256210665
71384736.31896387 1761242022.2771425 8806210.111385712 0.022322754948391123 0.6776240805694576
71384736.31896387 1761242022.2771425 8806210.111385712 0.0037238862318999567 0.6813479668013576
71384736.31896387 1761242022.2771425 8806210.111385712 1.002057626524975e-06 0.6813489688589841
71384736.31896387 1761242022.2771425 8806210.111385712 0.009904171650616257 0.6912531405096004
71384736.31896387 1761242022.2771425 8806210.111385712 0.009310350308183422 0.7005634908177838
71384736.31896387 1761242022.2771425 8806210.111385712 0.018480684637112346 0.7190441754548962
71384736.31896387 1761242022.2771425 8806210.111385712 0.012174244067566033 0.7312184195224622
71384736.31896387 1761242022.2771425 8806210.111385712 0.004934448979210731 0.7361528685016729
71384736.31896387 1761242022.2771425 8806210.111385712 0.01805087392326953 0.7542037424249425
71384736.31896387 1761242022.2771425 8806210.111385712 0.027817904245067037 0.7820216466700095
71384736.31896387 1761242022.2771425 8806210.111385712 0.003516851614132527 0.785538498284142
71384736.31896387 1761242022.2771425 8806210.111385712 0.0040527972711592005 0.7895912955553012
71384736.31896387 1761242022.2771425 8806210.111385712 0.013120550918127137 0.8027118464734283
71384736.31896387 1761242022.2771425 8806210.111385712 0.02806764011360083 0.8307794865870292
71384736.31896387 1761242022.2771425 8806210.111385712 0.006087369281316958 0.8368668558683461
71384736.31896387 1761242022.2771425 8806210.111385712 0.016971603870336912 0.853838459738683
71384736.31896387 1761242022.2771425 8806210.111385712 0.006050703010192168 0.8598891627488752
71384736.31896387 1761242022.2771425 8806210.111385712 0.004096739435536274 0.8639859021844114
71384736.31896387 1761242022.2771425 8806210.111385712 2.5508222742798243e-05 0.8640114104071542
71384736.31896387 1761242022.2771425 8806210.111385712 0.002633963477269692 0.866645373884424
71384736.31896387 1761242022.2771425 8806210.111385712 0.009360313541294487 0.8760056874257185
71384736.31896387 1761242022.2771425 8806210.111385712 0.017448540411875817 0.8934542278375943
71384736.31896387 1761242022.2771425 8806210.111385712 0.001004129425644527 0.8944583572632389
71384736.31896387 1761242022.2771425 8806210.111385712 0.010825014056148758 0.9052833713193876
71384736.31896387 1761242022.2771425 8806210.111385712 0.007982395019485099 0.9132657663388727
71384736.31896387 1761242022.2771425 8806210.111385712 0.006494155735476076 0.9197599220743488
71384736.31896387 1761242022.2771425 8806210.111385712 0.013972561946595255 0.933732484020944
71384736.31896387 1761242022.2771425 8806210.111385712 0.018052996670939424 0.9517854806918834
71384736.31896387 1761242022.2771425 8806210.111385712 0.015509899933546834 0.9672953806254302
71384736.31896387 1761242022.2771425 8806210.111385712 0.02758157030150901 0.9948769509269392
71384736.31896387 1761242022.2771425 8806210.111385712 0.005110201652483885 0.999987152579423
71384736.31896387 1761242022.2771425 8806210.111385712 1.2847420576937015e-05 1.0
4101's generation extracting best parents:
0
0
0
0
0
0
14043347.17935863
0
0
0
0
0
0
0
17720646.327095408
0
0
0
0
0
0
2575754.5354353935
4618957.084904773
0
0
0
229213.6830470642
0
0
0
0
0
0
0
0
0
0
0
0
0
0
0
0
0
0
0
0
0
0
0
0
0
0
127305.73435631249
0
0
0
0
229213.6830470642
0
0
0
0
0
0
0
0
0
0
0
0
0
0
0
0
4873500.0
0
717398.3774723776
0
0
0
0
0
0
0
271512.5910597886
8304885.40366452
0
2047913.7603912915
6066919.724233048
8606519.277849786
0
0
0
0
0
0
0
82551.31737289236
0
25067135.74999617
0
2956861.0738416505
9073203.729664622
16801198.83249859
26008848.397528406
16864559.691546768
3117644.881421872
0
4644359.196554892
0
2075029.5072600774
11156750.985069444
44291790.46086875
39996266.41915407
1969663.0920195465
196000.0
19872128.510193165
10928831.593541918
36030711.07321841
0
0
27621521.7191763
0
8945112.63204662
0
2745591.490522944
13796019.63507388
0
0
10180824.55530985
10747191.305638883
18148331.26019866
2317945.738353683
4818451.369573424
17022359.239849687
29599001.873234037
21389096.87198522
3228179.286223118
71384736.31896387
53149804.999378875
20506315.94140927
35170358.95864584
4191078.9167010444
13976738.487572843
0
11553117.75477702
9536328.182916526
23468213.209573496
0
35800409.39274477
9349942.84746939
0
1931054.410684484
10003207.111955246
63539753.40316618
61039962.466219
25297706.07996986
9617719.046296997
19917795.57923015
23678793.34744032
17402868.375224125
19011906.075555496
26320924.019048266
16548551.890987441
10478746.795690408
16721781.267257387
32114067.660730865
39315774.06810147
6558664.917801488
0
17443643.30691132
16397780.204893587
32548958.383333866
21441790.241255507
8690758.89896849
31791957.69248896
48994061.928093776
6194026.848923405
7137956.8617357155
23108465.632432457
49433907.23422538
10721330.583374435
29891101.92187876
10656752.405869247
7215349.648186427
0
4639047.161310607
16485777.550617622
30731102.600796606
1768514.9402501525
19065469.647429932
14058929.546732925
11437779.980532587
24609063.259214073
31795696.364887875
27316687.524276145
48577820.655408904
9000301.892664712
0
