0 0 9 0 27.0 0.0
1 1 12 4 41.569219381653056 166.27687752661222
2 1 12 4 41.569219381653056 166.27687752661222
3 1 11 4 36.4828726939094 145.9314907756376
4 0 50 0 1.0 0.0
5 1 14 4 52.38320341483518 209.53281365934072
6 0 50 0 1.0 0.0
7 0 8 0 22.627416997969522 0.0
8 5 60 100 464.75800154489 46475.800154489
9 3 41 36 262.5280937347468 9451.011374450885
10 0 9 0 27.0 0.0
11 1 7 4 18.520259177452132 74.08103670980853
12 0 50 0 1.0 0.0
13 0 8 0 22.627416997969522 0.0
14 0 50 0 1.0 0.0
15 1 62 4 41.569219381653056 166.27687752661222
16 0 5 0 11.180339887498949 0.0
17 0 9 0 27.0 0.0
18 0 50 0 1.0 0.0
19 1 51 4 1.0 4.0
20 1 14 4 52.38320341483518 209.53281365934072
21 0 2 0 2.8284271247461903 0.0
22 1 55 4 11.180339887498949 44.721359549995796
23 0 50 0 1.0 0.0
24 1 51 4 1.0 4.0
25 1 22 4 103.18914671611545 412.7565868644618
26 2 11 16 36.4828726939094 583.7259631025504
27 2 51 16 364.21284985568536 5827.405597690966
28 0 50 0 1.0 0.0
29 0 6 0 14.696938456699069 0.0
30 0 50 0 1.0 0.0
31 1 13 4 46.87216658103186 187.48866632412745
32 3 36 36 216.0 7776.0
33 2 18 16 76.36753236814714 1221.8805178903542
34 0 12 0 41.569219381653056 0.0
35 0 14 0 52.38320341483518 0.0
36 3 43 36 281.96985654498604 10150.914835619498
37 1 52 4 2.8284271247461903 11.313708498984761
38 3 75 36 125.0 4500.0
39 1 56 4 14.696938456699069 58.787753826796276
40 1 52 4 2.8284271247461903 11.313708498984761
41 2 76 16 132.5745073534124 2121.1921176545984
42 0 50 0 1.0 0.0
43 1 15 4 58.09475019311125 232.379000772445
44 0 13 0 46.87216658103186 0.0
45 4 75 64 649.519052838329 41569.219381653056
46 0 50 0 1.0 0.0
47 0 9 0 27.0 0.0
48 1 52 4 2.8284271247461903 11.313708498984761
49 1 11 4 36.4828726939094 145.9314907756376
50 0 50 0 1.0 0.0
51 1 24 4 117.57550765359255 470.3020306143702
52 1 11 4 36.4828726939094 145.9314907756376
53 0 2 0 2.8284271247461903 0.0
54 2 44 16 291.8629815512752 4669.807704820403
55 1 60 4 31.622776601683793 126.49110640673517
56 0 5 0 11.180339887498949 0.0
57 1 12 4 41.569219381653056 166.27687752661222
58 1 10 4 31.622776601683793 126.49110640673517
59 0 50 0 1.0 0.0
60 1 21 4 96.23408959407264 384.93635837629057
61 2 16 16 64.0 1024.0
62 0 50 0 1.0 0.0
63 1 16 4 64.0 256.0
64 0 50 0 1.0 0.0
65 0 50 0 1.0 0.0
66 1 15 4 58.09475019311125 232.379000772445
67 0 6 0 14.696938456699069 0.0
68 1 14 4 52.38320341483518 209.53281365934072
69 0 2 0 2.8284271247461903 0.0
70 2 69 16 82.8190799272728 1325.1052788363647
71 1 14 4 52.38320341483518 209.53281365934072
72 0 50 0 1.0 0.0
73 0 50 0 1.0 0.0
74 0 50 0 1.0 0.0
75 0 50 0 1.0 0.0
76 2 11 16 36.4828726939094 583.7259631025504
77 0 10 0 31.622776601683793 0.0
78 0 14 0 52.38320341483518 0.0
79 1 14 4 52.38320341483518 209.53281365934072
80 1 13 4 46.87216658103186 187.48866632412745
81 0 50 0 1.0 0.0
82 0 50 0 1.0 0.0
83 1 23 4 110.30412503619254 441.2165001447702
84 1 53 4 5.196152422706632 20.784609690826528
85 1 11 4 36.4828726939094 145.9314907756376
86 1 12 4 41.569219381653056 166.27687752661222
87 0 50 0 1.0 0.0
88 1 25 4 125.0 500.0
89 0 50 0 1.0 0.0
90 1 12 4 41.569219381653056 166.27687752661222
91 1 16 4 64.0 256.0
92 0 5 0 11.180339887498949 0.0
93 0 14 0 52.38320341483518 0.0
94 2 38 16 234.2477321128211 3747.9637138051376
95 0 14 0 52.38320341483518 0.0
96 0 50 0 1.0 0.0
97 4 66 64 536.1865347059734 34315.938221182296
98 3 69 36 573.1570465413472 20633.6536754885
99 0 50 0 1.0 0.0
100 0 50 0 1.0 0.0
101 1 20 4 89.44271909999159 357.77087639996637
102 5 72 100 610.9402589451771 61094.02589451771
103 0 50 0 1.0 0.0
104 2 28 16 148.16207341961706 2370.593174713873
105 0 7 0 18.520259177452132 0.0
106 1 21 4 96.23408959407264 384.93635837629057
107 1 8 4 22.627416997969522 90.50966799187809
108 5 62 100 488.18848818873226 48818.84881887323
109 1 15 4 58.09475019311125 232.379000772445
110 0 50 0 1.0 0.0
111 1 14 4 52.38320341483518 209.53281365934072
112 1 24 4 117.57550765359255 470.3020306143702
113 0 13 0 46.87216658103186 0.0
114 1 15 4 58.09475019311125 232.379000772445
115 1 15 4 58.09475019311125 232.379000772445
116 3 52 36 374.9773326482549 13499.183975337177
117 1 13 4 46.87216658103186 187.48866632412745
118 3 20 36 89.44271909999159 3219.937887599697
119 3 41 36 262.5280937347468 9451.011374450885
120 2 64 16 52.38320341483518 838.1312546373629
121 2 23 16 110.30412503619254 1764.8660005790807
122 0 7 0 18.520259177452132 0.0
123 0 50 0 1.0 0.0
124 4 37 64 225.06221362103412 14403.981671746184
125 0 9 0 27.0 0.0
126 5 79 100 702.1673589679315 70216.73589679315
127 3 64 36 512.0 18432.0
128 2 14 16 52.38320341483518 838.1312546373629
129 1 51 4 1.0 4.0
130 2 12 16 41.569219381653056 665.1075101064489
131 0 50 0 1.0 0.0
132 1 54 4 8.0 32.0
133 1 12 4 41.569219381653056 166.27687752661222
134 2 29 16 156.16977940690063 2498.71647051041
135 3 39 36 243.55492193753753 8767.977189751351
136 0 50 0 1.0 0.0
137 1 16 4 64.0 256.0
138 0 50 0 1.0 0.0
139 2 13 16 46.87216658103186 749.9546652965098
140 3 56 36 419.06562731868144 15086.362583472532
141 0 50 0 1.0 0.0
142 1 51 4 1.0 4.0
143 4 49 64 343.0 21952.0
144 3 30 36 164.31676725154983 5915.403621055794
145 0 50 0 1.0 0.0
146 2 16 16 64.0 1024.0
147 1 55 4 11.180339887498949 44.721359549995796
148 1 42 4 272.19110933313016 1088.7644373325206
149 2 22 16 103.18914671611545 1651.0263474578471
150 1 15 4 58.09475019311125 232.379000772445
151 0 50 0 1.0 0.0
152 3 25 36 125.0 4500.0
153 1 24 4 117.57550765359255 470.3020306143702
154 0 50 0 1.0 0.0
155 0 50 0 1.0 0.0
156 3 33 36 189.57056733575496 6824.5404240871785
157 1 41 4 262.5280937347468 1050.1123749389872
158 0 14 0 52.38320341483518 0.0
159 3 30 36 164.31676725154983 5915.403621055794
160 2 7 16 18.520259177452132 296.3241468392341
161 0 50 0 1.0 0.0
162 2 33 16 189.57056733575496 3033.1290773720793
163 1 12 4 41.569219381653056 166.27687752661222
164 4 109 64 1137.99340947125 72831.57820616
165 5 50 100 353.5533905932738 35355.33905932738
166 2 14 16 52.38320341483518 838.1312546373629
167 2 26 16 132.5745073534124 2121.1921176545984
168 3 21 36 96.23408959407264 3464.427225386615
169 1 12 4 41.569219381653056 166.27687752661222
170 3 31 36 172.60069524773067 6213.625028918304
171 6 133 144 1533.830825091216 220871.6388131351
172 1 16 4 64.0 256.0
173 0 50 0 1.0 0.0
174 2 19 16 82.8190799272728 1325.1052788363647
175 2 16 16 64.0 1024.0
176 0 50 0 1.0 0.0
177 3 55 36 407.8909167902615 14684.073004449414
178 2 34 16 198.25236442474022 3172.0378307958435
179 1 14 4 52.38320341483518 209.53281365934072
180 4 62 64 488.18848818873226 31244.063244078865
181 2 14 16 52.38320341483518 838.1312546373629
182 1 21 4 96.23408959407264 384.93635837629057
183 2 78 16 148.16207341961706 2370.593174713873
184 2 14 16 52.38320341483518 838.1312546373629
185 0 50 0 1.0 0.0
186 0 50 0 1.0 0.0
187 1 20 4 89.44271909999159 357.77087639996637
188 2 36 16 216.0 3456.0
189 4 37 64 225.06221362103412 14403.981671746184
190 2 30 16 164.31676725154983 2629.0682760247973
191 2 14 16 52.38320341483518 838.1312546373629
192 2 49 16 343.0 5488.0
193 2 9 16 27.0 432.0
194 4 48 64 332.55375505322445 21283.440323406365
195 5 51 100 364.21284985568536 36421.284985568534
196 3 64 36 512.0 18432.0
197 2 31 16 172.60069524773067 2761.6111239636907
198 5 105 100 1075.929830425758 107592.9830425758
199 2 27 16 140.29611541307906 2244.737846609265
201's generation fitness ratios and roulette cutoffs:
220871.6388131351 1146950.3661373241 5734.75183068662 0.0 0.0
220871.6388131351 1146950.3661373241 5734.75183068662 0.0001449730367030581 0.0001449730367030581
220871.6388131351 1146950.3661373241 5734.75183068662 0.0001449730367030581 0.0002899460734061162
220871.6388131351 1146950.3661373241 5734.75183068662 0.00012723435563049052 0.00041718042903660677
220871.6388131351 1146950.3661373241 5734.75183068662 0.0 0.00041718042903660677
220871.6388131351 1146950.3661373241 5734.75183068662 0.0001826869059425832 0.00059986733497919
220871.6388131351 1146950.3661373241 5734.75183068662 0.0 0.00059986733497919
220871.6388131351 1146950.3661373241 5734.75183068662 0.0 0.00059986733497919
220871.6388131351 1146950.3661373241 5734.75183068662 0.04052119562157624 0.041121062956555425
220871.6388131351 1146950.3661373241 5734.75183068662 0.00824012237450153 0.049361185331056955
220871.6388131351 1146950.3661373241 5734.75183068662 0.0 0.049361185331056955
220871.6388131351 1146950.3661373241 5734.75183068662 6.458957501299478e-05 0.04942577490606995
220871.6388131351 1146950.3661373241 5734.75183068662 0.0 0.04942577490606995
220871.6388131351 1146950.3661373241 5734.75183068662 0.0 0.04942577490606995
220871.6388131351 1146950.3661373241 5734.75183068662 0.0 0.04942577490606995
220871.6388131351 1146950.3661373241 5734.75183068662 0.0001449730367030581 0.049570747942773004
220871.6388131351 1146950.3661373241 5734.75183068662 0.0 0.049570747942773004
220871.6388131351 1146950.3661373241 5734.75183068662 0.0 0.049570747942773004
220871.6388131351 1146950.3661373241 5734.75183068662 0.0 0.049570747942773004
220871.6388131351 1146950.3661373241 5734.75183068662 3.4875092402395038e-06 0.04957423545201324
220871.6388131351 1146950.3661373241 5734.75183068662 0.0001826869059425832 0.04975692235795583
220871.6388131351 1146950.3661373241 5734.75183068662 0.0 0.04975692235795583
220871.6388131351 1146950.3661373241 5734.75183068662 3.899153866667088e-05 0.049795913896622496
220871.6388131351 1146950.3661373241 5734.75183068662 0.0 0.049795913896622496
220871.6388131351 1146950.3661373241 5734.75183068662 3.4875092402395038e-06 0.04979940140586273
220871.6388131351 1146950.3661373241 5734.75183068662 0.0003598731026648825 0.05015927450852761
220871.6388131351 1146950.3661373241 5734.75183068662 0.0005089374225219621 0.050668211931049575
220871.6388131351 1146950.3661373241 5734.75183068662 0.005080782717142663 0.05574899464819224
220871.6388131351 1146950.3661373241 5734.75183068662 0.0 0.05574899464819224
220871.6388131351 1146950.3661373241 5734.75183068662 0.0 0.05574899464819224
220871.6388131351 1146950.3661373241 5734.75183068662 0.0 0.05574899464819224
220871.6388131351 1146950.3661373241 5734.75183068662 0.0001634671140613939 0.05591246176225363
220871.6388131351 1146950.3661373241 5734.75183068662 0.006779717963025595 0.06269217972527923
220871.6388131351 1146950.3661373241 5734.75183068662 0.0010653298991528102 0.06375750962443204
220871.6388131351 1146950.3661373241 5734.75183068662 0.0 0.06375750962443204
220871.6388131351 1146950.3661373241 5734.75183068662 0.0 0.06375750962443204
220871.6388131351 1146950.3661373241 5734.75183068662 0.008850352321526816 0.07260786194595885
220871.6388131351 1146950.3661373241 5734.75183068662 9.86416573289639e-06 0.07261772611169175
220871.6388131351 1146950.3661373241 5734.75183068662 0.003923447895269442 0.07654117400696119
220871.6388131351 1146950.3661373241 5734.75183068662 5.1255708670969316e-05 0.07659242971563215
220871.6388131351 1146950.3661373241 5734.75183068662 9.86416573289639e-06 0.07660229388136505
220871.6388131351 1146950.3661373241 5734.75183068662 0.001849419277660903 0.07845171315902595
220871.6388131351 1146950.3661373241 5734.75183068662 0.0 0.07845171315902595
220871.6388131351 1146950.3661373241 5734.75183068662 0.0002026059781078812 0.07865431913713383
220871.6388131351 1146950.3661373241 5734.75183068662 0.0 0.07865431913713383
220871.6388131351 1146950.3661373241 5734.75183068662 0.03624325917576453 0.11489757831289836
220871.6388131351 1146950.3661373241 5734.75183068662 0.0 0.11489757831289836
220871.6388131351 1146950.3661373241 5734.75183068662 0.0 0.11489757831289836
220871.6388131351 1146950.3661373241 5734.75183068662 9.86416573289639e-06 0.11490744247863126
220871.6388131351 1146950.3661373241 5734.75183068662 0.00012723435563049052 0.11503467683426175
220871.6388131351 1146950.3661373241 5734.75183068662 0.0 0.11503467683426175
220871.6388131351 1146950.3661373241 5734.75183068662 0.0004100456693677545 0.1154447225036295
220871.6388131351 1146950.3661373241 5734.75183068662 0.00012723435563049052 0.11557195685925999
220871.6388131351 1146950.3661373241 5734.75183068662 0.0 0.11557195685925999
220871.6388131351 1146950.3661373241 5734.75183068662 0.004071499380175697 0.11964345623943569
220871.6388131351 1146950.3661373241 5734.75183068662 0.0001102847256004018 0.11975374096503609
220871.6388131351 1146950.3661373241 5734.75183068662 0.0 0.11975374096503609
220871.6388131351 1146950.3661373241 5734.75183068662 0.0001449730367030581 0.11989871400173915
220871.6388131351 1146950.3661373241 5734.75183068662 0.0001102847256004018 0.12000899872733956
220871.6388131351 1146950.3661373241 5734.75183068662 0.0 0.12000899872733956
220871.6388131351 1146950.3661373241 5734.75183068662 0.00033561727668536464 0.12034461600402492
220871.6388131351 1146950.3661373241 5734.75183068662 0.000892802365501313 0.12123741836952623
220871.6388131351 1146950.3661373241 5734.75183068662 0.0 0.12123741836952623
220871.6388131351 1146950.3661373241 5734.75183068662 0.00022320059137532824 0.12146061896090156
220871.6388131351 1146950.3661373241 5734.75183068662 0.0 0.12146061896090156
220871.6388131351 1146950.3661373241 5734.75183068662 0.0 0.12146061896090156
220871.6388131351 1146950.3661373241 5734.75183068662 0.0002026059781078812 0.12166322493900944
220871.6388131351 1146950.3661373241 5734.75183068662 0.0 0.12166322493900944
220871.6388131351 1146950.3661373241 5734.75183068662 0.0001826869059425832 0.12184591184495203
220871.6388131351 1146950.3661373241 5734.75183068662 0.0 0.12184591184495203
220871.6388131351 1146950.3661373241 5734.75183068662 0.0011553292260579916 0.12300124107101001
220871.6388131351 1146950.3661373241 5734.75183068662 0.0001826869059425832 0.1231839279769526
220871.6388131351 1146950.3661373241 5734.75183068662 0.0 0.1231839279769526
220871.6388131351 1146950.3661373241 5734.75183068662 0.0 0.1231839279769526
220871.6388131351 1146950.3661373241 5734.75183068662 0.0 0.1231839279769526
220871.6388131351 1146950.3661373241 5734.75183068662 0.0 0.1231839279769526
220871.6388131351 1146950.3661373241 5734.75183068662 0.0005089374225219621 0.12369286539947456
220871.6388131351 1146950.3661373241 5734.75183068662 0.0 0.12369286539947456
220871.6388131351 1146950.3661373241 5734.75183068662 0.0 0.12369286539947456
220871.6388131351 1146950.3661373241 5734.75183068662 0.0001826869059425832 0.12387555230541715
220871.6388131351 1146950.3661373241 5734.75183068662 0.0001634671140613939 0.12403901941947855
220871.6388131351 1146950.3661373241 5734.75183068662 0.0 0.12403901941947855
220871.6388131351 1146950.3661373241 5734.75183068662 0.0 0.12403901941947855
220871.6388131351 1146950.3661373241 5734.75183068662 0.0003846866553002551 0.1244237060747788
220871.6388131351 1146950.3661373241 5734.75183068662 1.8121629587882264e-05 0.12444182770436668
220871.6388131351 1146950.3661373241 5734.75183068662 0.00012723435563049052 0.12456906205999717
220871.6388131351 1146950.3661373241 5734.75183068662 0.0001449730367030581 0.12471403509670023
220871.6388131351 1146950.3661373241 5734.75183068662 0.0 0.12471403509670023
220871.6388131351 1146950.3661373241 5734.75183068662 0.000435938655029938 0.12514997375173018
220871.6388131351 1146950.3661373241 5734.75183068662 0.0 0.12514997375173018
220871.6388131351 1146950.3661373241 5734.75183068662 0.0001449730367030581 0.12529494678843323
220871.6388131351 1146950.3661373241 5734.75183068662 0.00022320059137532824 0.12551814737980854
220871.6388131351 1146950.3661373241 5734.75183068662 0.0 0.12551814737980854
220871.6388131351 1146950.3661373241 5734.75183068662 0.0 0.12551814737980854
220871.6388131351 1146950.3661373241 5734.75183068662 0.003267764520994446 0.128785911900803
220871.6388131351 1146950.3661373241 5734.75183068662 0.0 0.128785911900803
220871.6388131351 1146950.3661373241 5734.75183068662 0.0 0.128785911900803
220871.6388131351 1146950.3661373241 5734.75183068662 0.029919287908465306 0.15870519980926828
220871.6388131351 1146950.3661373241 5734.75183068662 0.017990014463291983 0.17669521427256027
220871.6388131351 1146950.3661373241 5734.75183068662 0.0 0.17669521427256027
220871.6388131351 1146950.3661373241 5734.75183068662 0.0 0.17669521427256027
220871.6388131351 1146950.3661373241 5734.75183068662 0.00031193230933336703 0.17700714658189365
220871.6388131351 1146950.3661373241 5734.75183068662 0.053266494957640506 0.23027364153953417
220871.6388131351 1146950.3661373241 5734.75183068662 0.0 0.23027364153953417
220871.6388131351 1146950.3661373241 5734.75183068662 0.002066866400415833 0.23234050793995
220871.6388131351 1146950.3661373241 5734.75183068662 0.0 0.23234050793995
220871.6388131351 1146950.3661373241 5734.75183068662 0.00033561727668536464 0.23267612521663536
220871.6388131351 1146950.3661373241 5734.75183068662 7.891332586317112e-05 0.23275503854249854
220871.6388131351 1146950.3661373241 5734.75183068662 0.04256404658841895 0.2753190851309175
220871.6388131351 1146950.3661373241 5734.75183068662 0.0002026059781078812 0.2755216911090254
220871.6388131351 1146950.3661373241 5734.75183068662 0.0 0.2755216911090254
220871.6388131351 1146950.3661373241 5734.75183068662 0.0001826869059425832 0.275704378014968
220871.6388131351 1146950.3661373241 5734.75183068662 0.0004100456693677545 0.27611442368433575
220871.6388131351 1146950.3661373241 5734.75183068662 0.0 0.27611442368433575
220871.6388131351 1146950.3661373241 5734.75183068662 0.0002026059781078812 0.27631702966244365
220871.6388131351 1146950.3661373241 5734.75183068662 0.0002026059781078812 0.27651963564055154
220871.6388131351 1146950.3661373241 5734.75183068662 0.011769632212420361 0.28828926785297193
220871.6388131351 1146950.3661373241 5734.75183068662 0.0001634671140613939 0.28845273496703333
220871.6388131351 1146950.3661373241 5734.75183068662 0.0028073907840003034 0.29126012575103366
220871.6388131351 1146950.3661373241 5734.75183068662 0.00824012237450153 0.2995002481255352
220871.6388131351 1146950.3661373241 5734.75183068662 0.0007307476237703328 0.30023099574930556
220871.6388131351 1146950.3661373241 5734.75183068662 0.0015387466212010204 0.3017697423705066
220871.6388131351 1146950.3661373241 5734.75183068662 0.0 0.3017697423705066
220871.6388131351 1146950.3661373241 5734.75183068662 0.0 0.3017697423705066
220871.6388131351 1146950.3661373241 5734.75183068662 0.012558504794113818 0.3143282471646204
220871.6388131351 1146950.3661373241 5734.75183068662 0.0 0.3143282471646204
220871.6388131351 1146950.3661373241 5734.75183068662 0.061220378814880745 0.3755486259795011
220871.6388131351 1146950.3661373241 5734.75183068662 0.016070442579023632 0.39161906855852474
220871.6388131351 1146950.3661373241 5734.75183068662 0.0007307476237703328 0.3923498161822951
220871.6388131351 1146950.3661373241 5734.75183068662 3.4875092402395038e-06 0.3923533036915353
220871.6388131351 1146950.3661373241 5734.75183068662 0.0005798921468122324 0.39293319583834757
220871.6388131351 1146950.3661373241 5734.75183068662 0.0 0.39293319583834757
220871.6388131351 1146950.3661373241 5734.75183068662 2.790007392191603e-05 0.39296109591226946
220871.6388131351 1146950.3661373241 5734.75183068662 0.0001449730367030581 0.39310606894897254
220871.6388131351 1146950.3661373241 5734.75183068662 0.0021785741949109237 0.39528464314388345
220871.6388131351 1146950.3661373241 5734.75183068662 0.007644600366866759 0.4029292435107502
220871.6388131351 1146950.3661373241 5734.75183068662 0.0 0.4029292435107502
220871.6388131351 1146950.3661373241 5734.75183068662 0.00022320059137532824 0.40315244410212553
220871.6388131351 1146950.3661373241 5734.75183068662 0.0 0.40315244410212553
220871.6388131351 1146950.3661373241 5734.75183068662 0.0006538684562455755 0.4038063125583711
220871.6388131351 1146950.3661373241 5734.75183068662 0.013153457227865992 0.4169597697862371
220871.6388131351 1146950.3661373241 5734.75183068662 0.0 0.4169597697862371
220871.6388131351 1146950.3661373241 5734.75183068662 3.4875092402395038e-06 0.41696325729547734
220871.6388131351 1146950.3661373241 5734.75183068662 0.019139450710434398 0.4361027080059117
220871.6388131351 1146950.3661373241 5734.75183068662 0.005157506197044576 0.4412602142029563
220871.6388131351 1146950.3661373241 5734.75183068662 0.0 0.4412602142029563
220871.6388131351 1146950.3661373241 5734.75183068662 0.000892802365501313 0.4421530165684576
220871.6388131351 1146950.3661373241 5734.75183068662 3.899153866667088e-05 0.4421920081071243
220871.6388131351 1146950.3661373241 5734.75183068662 0.0009492690089103324 0.4431412771160346
220871.6388131351 1146950.3661373241 5734.75183068662 0.00143949241065953 0.4445807695266942
220871.6388131351 1146950.3661373241 5734.75183068662 0.0002026059781078812 0.44478337550480207
220871.6388131351 1146950.3661373241 5734.75183068662 0.0 0.44478337550480207
220871.6388131351 1146950.3661373241 5734.75183068662 0.003923447895269442 0.4487068234000715
220871.6388131351 1146950.3661373241 5734.75183068662 0.0004100456693677545 0.44911686906943926
220871.6388131351 1146950.3661373241 5734.75183068662 0.0 0.44911686906943926
220871.6388131351 1146950.3661373241 5734.75183068662 0.0 0.44911686906943926
220871.6388131351 1146950.3661373241 5734.75183068662 0.005950161947348014 0.45506703101678725
220871.6388131351 1146950.3661373241 5734.75183068662 0.000915569152722392 0.45598260016950964
220871.6388131351 1146950.3661373241 5734.75183068662 0.0 0.45598260016950964
220871.6388131351 1146950.3661373241 5734.75183068662 0.005157506197044576 0.4611401063665542
220871.6388131351 1146950.3661373241 5734.75183068662 0.0002583583000519791 0.4613984646666062
220871.6388131351 1146950.3661373241 5734.75183068662 0.0 0.4613984646666062
220871.6388131351 1146950.3661373241 5734.75183068662 0.002644516421043562 0.4640429810876498
220871.6388131351 1146950.3661373241 5734.75183068662 0.0001449730367030581 0.4641879541243529
220871.6388131351 1146950.3661373241 5734.75183068662 0.06350020049380227 0.5276881546181551
220871.6388131351 1146950.3661373241 5734.75183068662 0.03082551791530122 0.5585136725334563
220871.6388131351 1146950.3661373241 5734.75183068662 0.0007307476237703328 0.5592444201572266
220871.6388131351 1146950.3661373241 5734.75183068662 0.001849419277660903 0.5610938394348876
220871.6388131351 1146950.3661373241 5734.75183068662 0.0030205554901682817 0.5641143949250559
220871.6388131351 1146950.3661373241 5734.75183068662 0.0001449730367030581 0.5642593679617589
220871.6388131351 1146950.3661373241 5734.75183068662 0.00541751867593401 0.5696768866376929
220871.6388131351 1146950.3661373241 5734.75183068662 0.19257297031691273 0.7622498569546057
220871.6388131351 1146950.3661373241 5734.75183068662 0.00022320059137532824 0.762473057545981
220871.6388131351 1146950.3661373241 5734.75183068662 0.0 0.762473057545981
220871.6388131351 1146950.3661373241 5734.75183068662 0.0011553292260579916 0.763628386772039
220871.6388131351 1146950.3661373241 5734.75183068662 0.000892802365501313 0.7645211891375403
220871.6388131351 1146950.3661373241 5734.75183068662 0.0 0.7645211891375403
220871.6388131351 1146950.3661373241 5734.75183068662 0.012802710071842196 0.7773238992093825
220871.6388131351 1146950.3661373241 5734.75183068662 0.0027656278113224442 0.7800895270207049
220871.6388131351 1146950.3661373241 5734.75183068662 0.0001826869059425832 0.7802722139266475
220871.6388131351 1146950.3661373241 5734.75183068662 0.027240989816588124 0.8075132037432355
220871.6388131351 1146950.3661373241 5734.75183068662 0.0007307476237703328 0.8082439513670059
220871.6388131351 1146950.3661373241 5734.75183068662 0.00033561727668536464 0.8085795686436913
220871.6388131351 1146950.3661373241 5734.75183068662 0.002066866400415833 0.8106464350441072
220871.6388131351 1146950.3661373241 5734.75183068662 0.0007307476237703328 0.8113771826678775
220871.6388131351 1146950.3661373241 5734.75183068662 0.0 0.8113771826678775
220871.6388131351 1146950.3661373241 5734.75183068662 0.0 0.8113771826678775
220871.6388131351 1146950.3661373241 5734.75183068662 0.00031193230933336703 0.8116891149772109
220871.6388131351 1146950.3661373241 5734.75183068662 0.0030132079835669314 0.8147023229607778
220871.6388131351 1146950.3661373241 5734.75183068662 0.012558504794113818 0.8272608277548916
220871.6388131351 1146950.3661373241 5734.75183068662 0.0022922249764642556 0.8295530527313559
220871.6388131351 1146950.3661373241 5734.75183068662 0.0007307476237703328 0.8302838003551263
220871.6388131351 1146950.3661373241 5734.75183068662 0.004784862677608599 0.8350686630327349
220871.6388131351 1146950.3661373241 5734.75183068662 0.0003766509979458664 0.8354453140306807
220871.6388131351 1146950.3661373241 5734.75183068662 0.018556548697991438 0.8540018627286721
220871.6388131351 1146950.3661373241 5734.75183068662 0.03175489198214164 0.8857567547108137
220871.6388131351 1146950.3661373241 5734.75183068662 0.016070442579023632 0.9018271972898374
220871.6388131351 1146950.3661373241 5734.75183068662 0.0024077860781928934 0.9042349833680303
220871.6388131351 1146950.3661373241 5734.75183068662 0.09380788063647884 0.9980428640045091
220871.6388131351 1146950.3661373241 5734.75183068662 0.0019571359954912845 1.0000000000000004
201's generation extracting best parents:
0
0
0
0
0
209.53281365934072
0
0
46475.800154489
9451.011374450885
0
0
0
0
0
0
0
0
0
0
209.53281365934072
0
0
0
0
412.7565868644618
583.7259631025504
5827.405597690966
0
0
0
0
7776.0
1221.8805178903542
0
0
10150.914835619498
0
4500.0
0
0
2121.1921176545984
0
232.379000772445
0
41569.219381653056
0
0
0
0
0
470.3020306143702
0
0
4669.807704820403
0
0
0
0
0
384.93635837629057
1024.0
0
256.0
0
0
232.379000772445
0
209.53281365934072
0
1325.1052788363647
209.53281365934072
0
0
0
0
583.7259631025504
0
0
209.53281365934072
0
0
0
441.2165001447702
0
0
0
0
500.0
0
0
256.0
0
0
3747.9637138051376
0
0
34315.938221182296
20633.6536754885
0
0
357.77087639996637
61094.02589451771
0
2370.593174713873
0
384.93635837629057
0
48818.84881887323
232.379000772445
0
209.53281365934072
470.3020306143702
0
232.379000772445
232.379000772445
13499.183975337177
0
3219.937887599697
9451.011374450885
838.1312546373629
1764.8660005790807
0
0
14403.981671746184
0
70216.73589679315
18432.0
838.1312546373629
0
665.1075101064489
0
0
0
2498.71647051041
8767.977189751351
0
256.0
0
749.9546652965098
15086.362583472532
0
0
21952.0
5915.403621055794
0
1024.0
0
1088.7644373325206
1651.0263474578471
232.379000772445
0
4500.0
470.3020306143702
0
0
6824.5404240871785
1050.1123749389872
0
5915.403621055794
296.3241468392341
0
3033.1290773720793
0
72831.57820616
35355.33905932738
838.1312546373629
2121.1921176545984
3464.427225386615
0
6213.625028918304
220871.6388131351
256.0
0
1325.1052788363647
1024.0
0
14684.073004449414
3172.0378307958435
209.53281365934072
31244.063244078865
838.1312546373629
384.93635837629057
2370.593174713873
838.1312546373629
0
0
357.77087639996637
3456.0
14403.981671746184
2629.0682760247973
838.1312546373629
5488.0
432.0
21283.440323406365
36421.284985568534
18432.0
2761.6111239636907
107592.9830425758
2244.737846609265
