0 0 9 0 27.0 0.0
1 5 100 100 1000.0 100000.0
2 0 6 0 14.696938456699069 0.0
3 10 367 400 1265.5484976878602 506219.3990751441
4 0 50 0 1.0 0.0
5 1 13 4 46.87216658103186 187.48866632412745
6 6 55 144 407.8909167902615 58736.292017797656
7 2 24 16 117.57550765359255 1881.2081224574808
8 4 34 64 198.25236442474022 12688.151323183374
9 1 14 4 52.38320341483518 209.53281365934072
10 0 11 0 36.4828726939094 0.0
11 2 10 16 31.622776601683793 505.9644256269407
12 16 191 1024 2639.672517567283 2703024.657988898
13 7 50 196 353.5533905932738 69296.46455628166
14 0 50 0 1.0 0.0
15 1 18 4 76.36753236814714 305.47012947258855
16 4 36 64 216.0 13824.0
17 0 8 0 22.627416997969522 0.0
18 0 6 0 14.696938456699069 0.0
19 8 92 256 882.4330002895404 225902.84807412233
20 0 50 0 1.0 0.0
21 1 20 4 89.44271909999159 357.77087639996637
22 0 5 0 11.180339887498949 0.0
23 1 10 4 31.622776601683793 126.49110640673517
24 0 9 0 27.0 0.0
25 2 33 16 189.57056733575496 3033.1290773720793
26 1 21 4 96.23408959407264 384.93635837629057
27 0 50 0 1.0 0.0
28 2 16 16 64.0 1024.0
29 0 9 0 27.0 0.0
30 1 61 4 36.4828726939094 145.9314907756376
31 0 50 0 1.0 0.0
32 4 59 64 453.18759912424787 29004.006343951864
33 0 50 0 1.0 0.0
34 0 2 0 2.8284271247461903 0.0
35 4 47 64 322.21576621884907 20621.80903800634
36 1 56 4 14.696938456699069 58.787753826796276
37 0 50 0 1.0 0.0
38 2 26 16 132.5745073534124 2121.1921176545984
39 1 8 4 22.627416997969522 90.50966799187809
40 0 2 0 2.8284271247461903 0.0
41 2 24 16 117.57550765359255 1881.2081224574808
42 2 61 16 36.4828726939094 583.7259631025504
43 7 79 196 702.1673589679315 137624.80235771457
44 3 25 36 125.0 4500.0
45 5 60 100 464.75800154489 46475.800154489
46 0 14 0 52.38320341483518 0.0
47 16 214 1024 3130.5501114021476 3205683.314075799
48 0 50 0 1.0 0.0
49 0 6 0 14.696938456699069 0.0
50 2 23 16 110.30412503619254 1764.8660005790807
51 1 22 4 103.18914671611545 412.7565868644618
52 2 22 16 103.18914671611545 1651.0263474578471
53 0 7 0 18.520259177452132 0.0
54 0 6 0 14.696938456699069 0.0
55 2 20 16 89.44271909999159 1431.0835055998655
56 1 14 4 52.38320341483518 209.53281365934072
57 10 128 400 1448.1546878700494 579261.8751480198
58 1 56 4 14.696938456699069 58.787753826796276
59 0 50 0 1.0 0.0
60 0 13 0 46.87216658103186 0.0
61 0 7 0 18.520259177452132 0.0
62 3 51 36 364.21284985568536 13111.662594804673
63 1 16 4 64.0 256.0
64 1 10 4 31.622776601683793 126.49110640673517
65 0 13 0 46.87216658103186 0.0
66 0 50 0 1.0 0.0
67 0 50 0 1.0 0.0
68 1 11 4 36.4828726939094 145.9314907756376
69 1 18 4 76.36753236814714 305.47012947258855
70 18 249 1296 3929.1537256768156 5092183.228477153
71 0 50 0 1.0 0.0
72 2 14 16 52.38320341483518 838.1312546373629
73 0 50 0 1.0 0.0
74 0 7 0 18.520259177452132 0.0
75 3 14 36 52.38320341483518 1885.7953229340665
76 1 4 4 8.0 32.0
77 11 104 484 1060.5960588272992 513328.4924724128
78 0 10 0 31.622776601683793 0.0
79 1 60 4 31.622776601683793 126.49110640673517
80 4 95 64 925.9454627568516 59260.5096164385
81 1 58 4 22.627416997969522 90.50966799187809
82 0 50 0 1.0 0.0
83 0 50 0 1.0 0.0
84 2 11 16 36.4828726939094 583.7259631025504
85 0 50 0 1.0 0.0
86 6 85 144 783.6612788698955 112847.22415726495
87 0 50 0 1.0 0.0
88 1 10 4 31.622776601683793 126.49110640673517
89 0 9 0 27.0 0.0
90 0 5 0 11.180339887498949 0.0
91 1 13 4 46.87216658103186 187.48866632412745
92 0 50 0 1.0 0.0
93 2 21 16 96.23408959407264 1539.7454335051623
94 0 50 0 1.0 0.0
95 0 50 0 1.0 0.0
96 3 33 36 189.57056733575496 6824.5404240871785
97 12 253 576 4024.2113513084773 2317945.738353683
98 1 3 4 5.196152422706632 20.784609690826528
99 1 12 4 41.569219381653056 166.27687752661222
100 6 56 144 419.06562731868144 60345.45033389013
101 2 26 16 132.5745073534124 2121.1921176545984
102 17 205 1156 2935.1533179716525 3393037.2355752303
103 0 50 0 1.0 0.0
104 3 45 36 301.8691769624716 10867.290370648978
105 16 193 1024 2681.2416899638124 2745591.490522944
106 4 39 64 243.55492193753753 15587.515004002402
107 8 120 256 1314.5341380123987 336520.73933117406
108 0 50 0 1.0 0.0
109 4 42 64 272.19110933313016 17420.23099732033
110 19 207 1444 2978.2113759771987 4300537.2269110745
111 2 11 16 36.4828726939094 583.7259631025504
112 13 119 676 1298.13674164165 877540.4373497553
113 0 50 0 1.0 0.0
114 4 41 64 262.5280937347468 16801.797999023795
115 4 33 64 189.57056733575496 12132.516309488317
116 12 159 576 2004.9137138540402 1154830.2991799272
117 7 92 196 882.4330002895404 172956.86805674993
118 16 269 1024 4411.928036584459 4517814.309462486
119 7 101 196 1015.0374377332099 198947.33779570914
120 6 80 144 715.5417527999327 103038.01240319031
121 7 55 196 407.8909167902615 79946.61969089125
122 6 109 144 1137.99340947125 163871.05096386
123 13 216 676 3174.538706646999 2145988.165693371
124 2 78 16 148.16207341961706 2370.593174713873
125 12 200 576 2828.42712474619 1629174.0238538056
126 2 17 16 70.09279563550022 1121.4847301680036
127 18 191 1296 2639.672517567283 3421015.582767199
128 6 85 144 783.6612788698955 112847.22415726495
129 1 16 4 64.0 256.0
130 14 177 784 2354.8318411300625 1846188.1634459689
131 10 106 400 1091.336794944622 436534.7179778488
132 4 45 64 301.8691769624716 19319.627325598183
133 13 146 676 1764.1247121448075 1192548.30540989
134 5 86 100 797.5311906126306 79753.11906126306
135 5 55 100 407.8909167902615 40789.09167902615
136 11 118 484 1281.8080979616254 620395.1194134267
137 9 105 324 1075.929830425758 348601.26505794557
138 9 134 324 1551.1621449738902 502576.53497154044
139 1 33 4 189.57056733575496 758.2822693430198
140 2 59 16 27.0 432.0
141 12 156 576 1948.4393755003002 1122301.080288173
142 17 237 1156 3648.568623446735 4217745.328704425
143 4 39 64 243.55492193753753 15587.515004002402
144 7 114 196 1217.1869207315694 238568.6364633876
145 6 73 144 623.7122734081797 89814.56737077788
146 7 95 196 925.9454627568516 181485.3107003429
147 14 154 784 1911.089741482592 1498294.357322352
148 2 22 16 103.18914671611545 1651.0263474578471
149 15 162 900 2061.9233739399724 1855731.0365459751
150 13 172 676 2255.7588523598884 1524892.9841952845
151 5 49 100 343.0 34300.0
152 14 177 784 2354.8318411300625 1846188.1634459689
153 3 35 36 207.06279240848656 7454.260526705516
154 6 61 144 476.42523023030594 68605.23315316405
155 2 25 16 125.0 2000.0
156 14 125 784 1397.5424859373686 1095673.308974897
157 10 140 400 1656.5023392678925 662600.935707157
158 13 133 676 1533.830825091216 1036869.637761662
159 2 26 16 132.5745073534124 2121.1921176545984
160 19 176 1444 2334.9038524102016 3371601.1628803313
161 10 157 400 1967.204361524242 786881.7446096968
162 12 158 576 1986.0292042162926 1143952.8216285845
163 12 171 576 2236.1151580363658 1288002.3310289467
164 10 86 400 797.5311906126306 319012.47624505224
165 1 30 4 164.31676725154983 657.2670690061993
166 15 139 900 1638.785831034672 1474907.2479312047
167 0 50 0 1.0 0.0
168 14 153 784 1892.505482158506 1483724.2980122687
169 6 77 144 675.6722578291934 97296.80512740386
170 6 81 144 729.0 104976.0
171 10 58 400 441.7148401401067 176685.93605604267
172 10 146 400 1764.1247121448075 705649.884857923
173 15 220 900 3263.127334322092 2936814.6008898825
174 7 124 196 1380.8055619818454 270637.8901484417
175 6 105 144 1075.929830425758 154933.89558130913
176 5 22 100 103.18914671611545 10318.914671611545
177 6 52 144 374.9773326482549 53996.73590134871
178 4 43 64 281.96985654498604 18046.070818879107
179 0 50 0 1.0 0.0
180 3 62 36 488.18848818873226 17574.78557479436
181 12 183 576 2475.578114299769 1425932.993836667
182 8 100 256 1000.0 256000.0
183 3 28 36 148.16207341961706 5333.834643106215
184 12 166 576 2138.760388636371 1231925.9838545497
185 5 37 100 225.06221362103412 22506.221362103413
186 13 158 676 1986.0292042162926 1342555.7420502137
187 18 189 1296 2598.3204190399615 3367423.26307579
188 5 69 100 573.1570465413472 57315.70465413472
189 2 33 16 189.57056733575496 3033.1290773720793
190 12 134 576 1551.1621449738902 893469.3955049608
191 8 95 256 925.9454627568516 237042.038465754
192 7 93 196 896.8595207723448 175784.46607137957
193 7 114 196 1217.1869207315694 238568.6364633876
194 2 28 16 148.16207341961706 2370.593174713873
195 15 177 900 2354.8318411300625 2119348.6570170564
196 4 78 64 148.16207341961706 9482.372698855492
197 14 173 784 2275.4597337681016 1783960.4312741917
198 4 53 64 385.84582413186746 24694.132744439517
199 9 70 324 585.6620185738528 189754.49401792831
901's generation fitness ratios and roulette cutoffs:
5092183.228477153 89738439.72965957 448692.19864829787 0.0 0.0
5092183.228477153 89738439.72965957 448692.19864829787 0.0011143496622100157 0.0011143496622100157
5092183.228477153 89738439.72965957 448692.19864829787 0.0 0.0011143496622100157
5092183.228477153 89738439.72965957 448692.19864829787 0.00564105416363544 0.0067554038258454555
5092183.228477153 89738439.72965957 448692.19864829787 0.0 0.0067554038258454555
5092183.228477153 89738439.72965957 448692.19864829787 2.089279319864978e-06 0.006757493105165321
5092183.228477153 89738439.72965957 448692.19864829787 0.0006545276716950166 0.007412020776860337
5092183.228477153 89738439.72965957 448692.19864829787 2.0963236358072317e-05 0.00743298401321841
5092183.228477153 89738439.72965957 448692.19864829787 0.00014139037141058957 0.007574374384629
5092183.228477153 89738439.72965957 448692.19864829787 2.334928201232005e-06 0.007576709312830231
5092183.228477153 89738439.72965957 448692.19864829787 0.0 0.007576709312830231
5092183.228477153 89738439.72965957 448692.19864829787 5.6382128678766595e-06 0.007582347525698108
5092183.228477153 89738439.72965957 448692.19864829787 0.030121146145752717 0.03770349367145082
5092183.228477153 89738439.72965957 448692.19864829787 0.0007722049187064079 0.03847569859015723
5092183.228477153 89738439.72965957 448692.19864829787 0.0 0.03847569859015723
5092183.228477153 89738439.72965957 448692.19864829787 3.4040053559302882e-06 0.03847910259551316
5092183.228477153 89738439.72965957 448692.19864829787 0.00015404769730391257 0.038633150292817074
5092183.228477153 89738439.72965957 448692.19864829787 0.0 0.038633150292817074
5092183.228477153 89738439.72965957 448692.19864829787 0.0 0.038633150292817074
5092183.228477153 89738439.72965957 448692.19864829787 0.002517347624436787 0.041150497917253864
5092183.228477153 89738439.72965957 448692.19864829787 0.0 0.041150497917253864
5092183.228477153 89738439.72965957 448692.19864829787 3.986818552648838e-06 0.04115448473580651
5092183.228477153 89738439.72965957 448692.19864829787 0.0 0.04115448473580651
5092183.228477153 89738439.72965957 448692.19864829787 1.4095532169691649e-06 0.04115589428902348
5092183.228477153 89738439.72965957 448692.19864829787 0.0 0.04115589428902348
5092183.228477153 89738439.72965957 448692.19864829787 3.379966362808953e-05 0.04118969395265157
5092183.228477153 89738439.72965957 448692.19864829787 4.289537009289729e-06 0.04119398348966086
5092183.228477153 89738439.72965957 448692.19864829787 0.0 0.04119398348966086
5092183.228477153 89738439.72965957 448692.19864829787 1.141094054103056e-05 0.04120539443020189
5092183.228477153 89738439.72965957 448692.19864829787 0.0 0.04120539443020189
5092183.228477153 89738439.72965957 448692.19864829787 1.6261870745163577e-06 0.0412070206172764
5092183.228477153 89738439.72965957 448692.19864829787 0.0 0.0412070206172764
5092183.228477153 89738439.72965957 448692.19864829787 0.0003232060467211991 0.041530226663997596
5092183.228477153 89738439.72965957 448692.19864829787 0.0 0.041530226663997596
5092183.228477153 89738439.72965957 448692.19864829787 0.0 0.041530226663997596
5092183.228477153 89738439.72965957 448692.19864829787 0.00022979905935661816 0.041760025723354216
5092183.228477153 89738439.72965957 448692.19864829787 6.551011361897599e-07 0.04176068082449041
5092183.228477153 89738439.72965957 448692.19864829787 0.0 0.04176068082449041
5092183.228477153 89738439.72965957 448692.19864829787 2.3637497197909496e-05 0.041784318321688316
5092183.228477153 89738439.72965957 448692.19864829787 1.0085941795349002e-06 0.04178532691586785
5092183.228477153 89738439.72965957 448692.19864829787 0.0 0.04178532691586785
5092183.228477153 89738439.72965957 448692.19864829787 2.0963236358072317e-05 0.04180629015222592
5092183.228477153 89738439.72965957 448692.19864829787 6.504748298065431e-06 0.04181279490052399
5092183.228477153 89738439.72965957 448692.19864829787 0.001533621520190394 0.043346416420714386
5092183.228477153 89738439.72965957 448692.19864829787 5.0145734799450705e-05 0.04339656215551384
5092183.228477153 89738439.72965957 448692.19864829787 0.0005179029220309502 0.04391446507754479
5092183.228477153 89738439.72965957 448692.19864829787 0.0 0.04391446507754479
5092183.228477153 89738439.72965957 448692.19864829787 0.03572252118192651 0.0796369862594713
5092183.228477153 89738439.72965957 448692.19864829787 0.0 0.0796369862594713
5092183.228477153 89738439.72965957 448692.19864829787 0.0 0.0796369862594713
5092183.228477153 89738439.72965957 448692.19864829787 1.96667783159124e-05 0.07965665303778721
5092183.228477153 89738439.72965957 448692.19864829787 4.59955163147372e-06 0.07966125258941868
5092183.228477153 89738439.72965957 448692.19864829787 1.839820652589488e-05 0.07967965079594458
5092183.228477153 89738439.72965957 448692.19864829787 0.0 0.07967965079594458
5092183.228477153 89738439.72965957 448692.19864829787 0.0 0.07967965079594458
5092183.228477153 89738439.72965957 448692.19864829787 1.5947274210595353e-05 0.07969559807015518
5092183.228477153 89738439.72965957 448692.19864829787 2.334928201232005e-06 0.07969793299835641
5092183.228477153 89738439.72965957 448692.19864829787 0.006455002749023361 0.08615293574737977
5092183.228477153 89738439.72965957 448692.19864829787 6.551011361897599e-07 0.08615359084851595
5092183.228477153 89738439.72965957 448692.19864829787 0.0 0.08615359084851595
5092183.228477153 89738439.72965957 448692.19864829787 0.0 0.08615359084851595
5092183.228477153 89738439.72965957 448692.19864829787 0.0 0.08615359084851595
5092183.228477153 89738439.72965957 448692.19864829787 0.00014610976783532286 0.08629970061635128
5092183.228477153 89738439.72965957 448692.19864829787 2.85273513525764e-06 0.08630255335148654
5092183.228477153 89738439.72965957 448692.19864829787 1.4095532169691649e-06 0.0863039629047035
5092183.228477153 89738439.72965957 448692.19864829787 0.0 0.0863039629047035
5092183.228477153 89738439.72965957 448692.19864829787 0.0 0.0863039629047035
5092183.228477153 89738439.72965957 448692.19864829787 0.0 0.0863039629047035
5092183.228477153 89738439.72965957 448692.19864829787 1.6261870745163577e-06 0.08630558909177802
5092183.228477153 89738439.72965957 448692.19864829787 3.4040053559302882e-06 0.08630899309713395
5092183.228477153 89738439.72965957 448692.19864829787 0.05674472660565023 0.1430537197027842
5092183.228477153 89738439.72965957 448692.19864829787 0.0 0.1430537197027842
5092183.228477153 89738439.72965957 448692.19864829787 9.33971280492802e-06 0.1430630594155891
5092183.228477153 89738439.72965957 448692.19864829787 0.0 0.1430630594155891
5092183.228477153 89738439.72965957 448692.19864829787 0.0 0.1430630594155891
5092183.228477153 89738439.72965957 448692.19864829787 2.1014353811088045e-05 0.1430840737694002
5092183.228477153 89738439.72965957 448692.19864829787 3.56591891907205e-07 0.1430844303612921
5092183.228477153 89738439.72965957 448692.19864829787 0.005720274321894098 0.14880470468318618
5092183.228477153 89738439.72965957 448692.19864829787 0.0 0.14880470468318618
5092183.228477153 89738439.72965957 448692.19864829787 1.4095532169691649e-06 0.14880611423640316
5092183.228477153 89738439.72965957 448692.19864829787 0.0006603692887347163 0.1494664835251379
5092183.228477153 89738439.72965957 448692.19864829787 1.0085941795349002e-06 0.14946749211931742
5092183.228477153 89738439.72965957 448692.19864829787 0.0 0.14946749211931742
5092183.228477153 89738439.72965957 448692.19864829787 0.0 0.14946749211931742
5092183.228477153 89738439.72965957 448692.19864829787 6.504748298065431e-06 0.14947399686761548
5092183.228477153 89738439.72965957 448692.19864829787 0.0 0.14947399686761548
5092183.228477153 89738439.72965957 448692.19864829787 0.0012575126612098613 0.15073150952882533
5092183.228477153 89738439.72965957 448692.19864829787 0.0 0.15073150952882533
5092183.228477153 89738439.72965957 448692.19864829787 1.4095532169691649e-06 0.1507329190820423
5092183.228477153 89738439.72965957 448692.19864829787 0.0 0.1507329190820423
5092183.228477153 89738439.72965957 448692.19864829787 0.0 0.1507329190820423
5092183.228477153 89738439.72965957 448692.19864829787 2.089279319864978e-06 0.15073500836136217
5092183.228477153 89738439.72965957 448692.19864829787 0.0 0.15073500836136217
5092183.228477153 89738439.72965957 448692.19864829787 1.7158148037158918e-05 0.15075216650939932
5092183.228477153 89738439.72965957 448692.19864829787 0.0 0.15075216650939932
5092183.228477153 89738439.72965957 448692.19864829787 0.0 0.15075216650939932
5092183.228477153 89738439.72965957 448692.19864829787 7.604924316320145e-05 0.15082821575256253
5092183.228477153 89738439.72965957 448692.19864829787 0.025830020505555724 0.17665823625811825
5092183.228477153 89738439.72965957 448692.19864829787 2.3161322788139562e-07 0.17665846787134612
5092183.228477153 89738439.72965957 448692.19864829787 1.852905823051165e-06 0.17666032077716917
5092183.228477153 89738439.72965957 448692.19864829787 0.0006724593219548174 0.17733278009912398
5092183.228477153 89738439.72965957 448692.19864829787 2.3637497197909496e-05 0.1773564175963219
5092183.228477153 89738439.72965957 448692.19864829787 0.03781029897329263 0.21516671656961453
5092183.228477153 89738439.72965957 448692.19864829787 0.0 0.21516671656961453
5092183.228477153 89738439.72965957 448692.19864829787 0.00012109961353670844 0.21528781618315124
5092183.228477153 89738439.72965957 448692.19864829787 0.03059548950030936 0.2458833056834606
5092183.228477153 89738439.72965957 448692.19864829787 0.00017369942079403629 0.24605700510425463
5092183.228477153 89738439.72965957 448692.19864829787 0.003750017722003586 0.24980702282625822
5092183.228477153 89738439.72965957 448692.19864829787 0.0 0.24980702282625822
5092183.228477153 89738439.72965957 448692.19864829787 0.00019412228527484357 0.25000114511153304
5092183.228477153 89738439.72965957 448692.19864829787 0.04792302206129954 0.2979241671728326
5092183.228477153 89738439.72965957 448692.19864829787 6.504748298065431e-06 0.29793067192113065
5092183.228477153 89738439.72965957 448692.19864829787 0.009778868899363293 0.30770954082049395
5092183.228477153 89738439.72965957 448692.19864829787 0.0 0.30770954082049395
5092183.228477153 89738439.72965957 448692.19864829787 0.00018723077924733084 0.30789677159974127
5092183.228477153 89738439.72965957 448692.19864829787 0.00013519865451235813 0.3080319702542536
5092183.228477153 89738439.72965957 448692.19864829787 0.012868847538010432 0.32090081779226404
5092183.228477153 89738439.72965957 448692.19864829787 0.0019273442749594154 0.3228281620672235
5092183.228477153 89738439.72965957 448692.19864829787 0.050344248496770966 0.3731724105639944
5092183.228477153 89738439.72965957 448692.19864829787 0.0022169689867023038 0.37538937955069673
5092183.228477153 89738439.72965957 448692.19864829787 0.0011482037431628654 0.3765375832938596
5092183.228477153 89738439.72965957 448692.19864829787 0.0008908848864737726 0.3774284681803334
5092183.228477153 89738439.72965957 448692.19864829787 0.0018260965028757768 0.37925456468320917
5092183.228477153 89738439.72965957 448692.19864829787 0.023913811875470994 0.40316837655868015
5092183.228477153 89738439.72965957 448692.19864829787 2.6416697034797732e-05 0.40319479325571494
5092183.228477153 89738439.72965957 448692.19864829787 0.018154695231628205 0.42134948848734316
5092183.228477153 89738439.72965957 448692.19864829787 1.2497261302364055e-05 0.42136198574864553
5092183.228477153 89738439.72965957 448692.19864829787 0.03812207559071828 0.4594840613393638
5092183.228477153 89738439.72965957 448692.19864829787 0.0012575126612098613 0.4607415740005737
5092183.228477153 89738439.72965957 448692.19864829787 2.85273513525764e-06 0.460744426735709
5092183.228477153 89738439.72965957 448692.19864829787 0.020572991563121448 0.4813174182988304
5092183.228477153 89738439.72965957 448692.19864829787 0.0048645231552156025 0.48618194145404603
5092183.228477153 89738439.72965957 448692.19864829787 0.00021528820184303724 0.48639722965588905
5092183.228477153 89738439.72965957 448692.19864829787 0.013289158013026376 0.49968638766891543
5092183.228477153 89738439.72965957 448692.19864829787 0.0008887286128611366 0.5005751162817765
5092183.228477153 89738439.72965957 448692.19864829787 0.0004545331053437615 0.5010296493871202
5092183.228477153 89738439.72965957 448692.19864829787 0.006913370917550944 0.5079430203046712
5092183.228477153 89738439.72965957 448692.19864829787 0.003884637019633058 0.5118276573243042
5092183.228477153 89738439.72965957 448692.19864829787 0.005600459919802163 0.5174281172441064
5092183.228477153 89738439.72965957 448692.19864829787 8.449915907022383e-06 0.5174365671600134
5092183.228477153 89738439.72965957 448692.19864829787 4.813990540747268e-06 0.5174413811505542
5092183.228477153 89738439.72965957 448692.19864829787 0.012506358297170613 0.5299477394477248
5092183.228477153 89738439.72965957 448692.19864829787 0.04700043082329648 0.5769481702710213
5092183.228477153 89738439.72965957 448692.19864829787 0.00017369942079403629 0.5771218696918153
5092183.228477153 89738439.72965957 448692.19864829787 0.0026584887945688 0.5797803584863841
5092183.228477153 89738439.72965957 448692.19864829787 0.0010008483281116502 0.5807812068144957
5092183.228477153 89738439.72965957 448692.19864829787 0.002022380946750069 0.5828035877612459
5092183.228477153 89738439.72965957 448692.19864829787 0.016696238109733356 0.5994998258709792
5092183.228477153 89738439.72965957 448692.19864829787 1.839820652589488e-05 0.5995182240775051
5092183.228477153 89738439.72965957 448692.19864829787 0.0206793325372765 0.6201975566147816
5092183.228477153 89738439.72965957 448692.19864829787 0.016992639818444382 0.6371901964332259
5092183.228477153 89738439.72965957 448692.19864829787 0.0003822219341380354 0.637572418367364
5092183.228477153 89738439.72965957 448692.19864829787 0.020572991563121448 0.6581454099304854
5092183.228477153 89738439.72965957 448692.19864829787 8.306652699959745e-05 0.6582284764574851
5092183.228477153 89738439.72965957 448692.19864829787 0.0007645021839006774 0.6589929786413857
5092183.228477153 89738439.72965957 448692.19864829787 2.2286993244200313e-05 0.65901526563463
5092183.228477153 89738439.72965957 448692.19864829787 0.012209631817487066 0.671224897452117
5092183.228477153 89738439.72965957 448692.19864829787 0.007383691288853108 0.6786085887409701
5092183.228477153 89738439.72965957 448692.19864829787 0.011554353305955294 0.6901629420469254
5092183.228477153 89738439.72965957 448692.19864829787 2.3637497197909496e-05 0.6901865795441233
5092183.228477153 89738439.72965957 448692.19864829787 0.037571426169625936 0.7277580057137493
5092183.228477153 89738439.72965957 448692.19864829787 0.008768614063050436 0.7365266197767997
5092183.228477153 89738439.72965957 448692.19864829787 0.012747634403660075 0.7492742541804598
5092183.228477153 89738439.72965957 448692.19864829787 0.014352849625078197 0.763627103805538
5092183.228477153 89738439.72965957 448692.19864829787 0.0035549144514445464 0.7671820182569825
5092183.228477153 89738439.72965957 448692.19864829787 7.324253363288254e-06 0.7671893425103458
5092183.228477153 89738439.72965957 448692.19864829787 0.01643562393523242 0.7836249664455782
5092183.228477153 89738439.72965957 448692.19864829787 0.0 0.7836249664455782
5092183.228477153 89738439.72965957 448692.19864829787 0.016533876703027642 0.8001588431486059
5092183.228477153 89738439.72965957 448692.19864829787 0.001084226619278362 0.8012430697678842
5092183.228477153 89738439.72965957 448692.19864829787 0.0011697997014015861 0.8024128694692858
5092183.228477153 89738439.72965957 448692.19864829787 0.001968899131613116 0.8043817686008989
5092183.228477153 89738439.72965957 448692.19864829787 0.00786340710829963 0.8122451757091985
5092183.228477153 89738439.72965957 448692.19864829787 0.03272638358475083 0.8449715592939493
5092183.228477153 89738439.72965957 448692.19864829787 0.003015852414681474 0.8479874117086308
5092183.228477153 89738439.72965957 448692.19864829787 0.0017265053420591368 0.8497139170506899
5092183.228477153 89738439.72965957 448692.19864829787 0.00011498879078684301 0.8498289058414767
5092183.228477153 89738439.72965957 448692.19864829787 0.0006017124441211136 0.8504306182855979
5092183.228477153 89738439.72965957 448692.19864829787 0.00020109632921235955 0.8506317146148102
5092183.228477153 89738439.72965957 448692.19864829787 0.0 0.8506317146148102
5092183.228477153 89738439.72965957 448692.19864829787 0.00019584456368685552 0.8508275591784971
5092183.228477153 89738439.72965957 448692.19864829787 0.015889879500160062 0.8667174386786571
5092183.228477153 89738439.72965957 448692.19864829787 0.00285273513525764 0.8695701738139148
5092183.228477153 89738439.72965957 448692.19864829787 5.94375683282949e-05 0.869629611382243
5092183.228477153 89738439.72965957 448692.19864829787 0.013727963039760588 0.8833575744220036
5092183.228477153 89738439.72965957 448692.19864829787 0.00025079800172483777 0.8836083724237284
5092183.228477153 89738439.72965957 448692.19864829787 0.014960765376517728 0.898569137800246
5092183.228477153 89738439.72965957 448692.19864829787 0.03752486975726656 0.9360940075575126
5092183.228477153 89738439.72965957 448692.19864829787 0.0006386973612066406 0.9367327049187192
5092183.228477153 89738439.72965957 448692.19864829787 3.379966362808953e-05 0.9367665045823472
5092183.228477153 89738439.72965957 448692.19864829787 0.0099563731907594 0.9467228777731066
5092183.228477153 89738439.72965957 448692.19864829787 0.0026414771549388653 0.9493643549280455
5092183.228477153 89738439.72965957 448692.19864829787 0.001958853603884098 0.9513232085319296
5092183.228477153 89738439.72965957 448692.19864829787 0.0026584887945688 0.9539816973264984
5092183.228477153 89738439.72965957 448692.19864829787 2.6416697034797732e-05 0.9540081140235332
5092183.228477153 89738439.72965957 448692.19864829787 0.023616954600522072 0.9776250686240553
5092183.228477153 89738439.72965957 448692.19864829787 0.00010566678813919093 0.9777307354121945
5092183.228477153 89738439.72965957 448692.19864829787 0.019879557039864295 0.9976102924520588
5092183.228477153 89738439.72965957 448692.19864829787 0.00027517898482335465 0.9978854714368821
5092183.228477153 89738439.72965957 448692.19864829787 0.0021145285631171086 0.9999999999999992
901's generation extracting best parents:
0
100000.0
0
506219.3990751441
0
0
58736.292017797656
0
12688.151323183374
0
0
0
2703024.657988898
69296.46455628166
0
0
13824.0
0
0
225902.84807412233
0
0
0
0
0
0
0
0
0
0
0
0
29004.006343951864
0
0
20621.80903800634
0
0
0
0
0
0
0
137624.80235771457
0
46475.800154489
0
3205683.314075799
0
0
0
0
0
0
0
0
0
579261.8751480198
0
0
0
0
13111.662594804673
0
0
0
0
0
0
0
5092183.228477153
0
0
0
0
0
0
513328.4924724128
0
0
59260.5096164385
0
0
0
0
0
112847.22415726495
0
0
0
0
0
0
0
0
0
0
2317945.738353683
0
0
60345.45033389013
0
3393037.2355752303
0
10867.290370648978
2745591.490522944
15587.515004002402
336520.73933117406
0
17420.23099732033
4300537.2269110745
0
877540.4373497553
0
16801.797999023795
12132.516309488317
1154830.2991799272
172956.86805674993
4517814.309462486
198947.33779570914
103038.01240319031
79946.61969089125
163871.05096386
2145988.165693371
0
1629174.0238538056
0
3421015.582767199
112847.22415726495
0
1846188.1634459689
436534.7179778488
19319.627325598183
1192548.30540989
79753.11906126306
40789.09167902615
620395.1194134267
348601.26505794557
502576.53497154044
0
0
1122301.080288173
4217745.328704425
15587.515004002402
238568.6364633876
89814.56737077788
181485.3107003429
1498294.357322352
0
1855731.0365459751
1524892.9841952845
34300.0
1846188.1634459689
0
68605.23315316405
0
1095673.308974897
662600.935707157
1036869.637761662
0
3371601.1628803313
786881.7446096968
1143952.8216285845
1288002.3310289467
319012.47624505224
0
1474907.2479312047
0
1483724.2980122687
97296.80512740386
104976.0
176685.93605604267
705649.884857923
2936814.6008898825
270637.8901484417
154933.89558130913
10318.914671611545
53996.73590134871
18046.070818879107
0
17574.78557479436
1425932.993836667
256000.0
0
1231925.9838545497
22506.221362103413
1342555.7420502137
3367423.26307579
57315.70465413472
0
893469.3955049608
237042.038465754
175784.46607137957
238568.6364633876
0
2119348.6570170564
9482.372698855492
1783960.4312741917
24694.132744439517
189754.49401792831
