0 24 398 2304 7940.075062617481 18293932.944270678
1 0 50 0 1.0 0.0
2 0 50 0 1.0 0.0
3 10 434 400 2495.8974337900986 998358.9735160394
4 16 286 1024 4836.6988742323 4952779.647213875
5 7 134 196 1551.1621449738902 304027.78041488247
6 1 55 4 11.180339887498949 44.721359549995796
7 2 49 16 343.0 5488.0
8 0 50 0 1.0 0.0
9 6 90 144 853.8149682454624 122949.35542734659
10 0 50 0 1.0 0.0
11 1 22 4 103.18914671611545 412.7565868644618
12 0 50 0 1.0 0.0
13 0 50 0 1.0 0.0
14 5 93 100 896.8595207723448 89685.95207723448
15 5 83 100 756.1659870689768 75616.59870689768
16 2 28 16 148.16207341961706 2370.593174713873
17 0 50 0 1.0 0.0
18 0 50 0 1.0 0.0
19 0 3 0 5.196152422706632 0.0
20 4 121 64 598.2566338955214 38288.42456931337
21 7 128 196 1448.1546878700494 283838.3188225297
22 0 50 0 1.0 0.0
23 13 231 676 3510.8960394748233 2373365.7226849804
24 2 32 16 181.01933598375618 2896.309375740099
25 1 10 4 31.622776601683793 126.49110640673517
26 0 50 0 1.0 0.0
27 5 65 100 524.0467536394058 52404.67536394058
28 0 50 0 1.0 0.0
29 0 2 0 2.8284271247461903 0.0
30 0 2 0 2.8284271247461903 0.0
31 0 50 0 1.0 0.0
32 2 24 16 117.57550765359255 1881.2081224574808
33 0 13 0 46.87216658103186 0.0
34 0 50 0 1.0 0.0
35 2 25 16 125.0 2000.0
36 3 24 36 117.57550765359255 4232.718275529332
37 0 50 0 1.0 0.0
38 0 50 0 1.0 0.0
39 0 50 0 1.0 0.0
40 0 50 0 1.0 0.0
41 0 50 0 1.0 0.0
42 0 50 0 1.0 0.0
43 0 50 0 1.0 0.0
44 0 14 0 52.38320341483518 0.0
45 0 50 0 1.0 0.0
46 0 5 0 11.180339887498949 0.0
47 0 50 0 1.0 0.0
48 15 226 900 3397.5249815122775 3057772.4833610496
49 0 50 0 1.0 0.0
50 0 50 0 1.0 0.0
51 4 102 64 374.9773326482549 23998.549289488314
52 7 154 196 1911.089741482592 374573.589330588
53 0 50 0 1.0 0.0
54 0 2 0 2.8284271247461903 0.0
55 0 2 0 2.8284271247461903 0.0
56 0 2 0 2.8284271247461903 0.0
57 32 517 4096 11755.356778932743 48149941.36650851
58 0 50 0 1.0 0.0
59 1 14 4 52.38320341483518 209.53281365934072
60 7 86 196 797.5311906126306 156316.1133600756
61 3 81 36 172.60069524773067 6213.625028918304
62 1 21 4 96.23408959407264 384.93635837629057
63 0 50 0 1.0 0.0
64 0 50 0 1.0 0.0
65 0 50 0 1.0 0.0
66 1 56 4 14.696938456699069 58.787753826796276
67 0 50 0 1.0 0.0
68 0 50 0 1.0 0.0
69 0 50 0 1.0 0.0
70 0 50 0 1.0 0.0
71 0 15 0 58.09475019311125 0.0
72 1 33 4 189.57056733575496 758.2822693430198
73 0 50 0 1.0 0.0
74 0 7 0 18.520259177452132 0.0
75 11 381 484 1499.363531636007 725691.9493118274
76 20 289 1600 4913.0 7860800.0
77 2 22 16 103.18914671611545 1651.0263474578471
78 0 50 0 1.0 0.0
79 0 50 0 1.0 0.0
80 0 50 0 1.0 0.0
81 0 5 0 11.180339887498949 0.0
82 0 50 0 1.0 0.0
83 0 50 0 1.0 0.0
84 0 9 0 27.0 0.0
85 0 50 0 1.0 0.0
86 1 15 4 58.09475019311125 232.379000772445
87 0 50 0 1.0 0.0
88 6 120 144 1314.5341380123987 189292.91587378542
89 2 28 16 148.16207341961706 2370.593174713873
90 0 50 0 1.0 0.0
91 1 22 4 103.18914671611545 412.7565868644618
92 0 50 0 1.0 0.0
93 0 50 0 1.0 0.0
94 0 50 0 1.0 0.0
95 1 50 4 1.0 4.0
96 1 66 4 64.0 256.0
97 0 50 0 1.0 0.0
98 0 50 0 1.0 0.0
99 1 3 4 5.196152422706632 20.784609690826528
100 19 319 1444 5697.522180737868 8227222.028985482
101 26 343 2704 6352.448897866082 17177021.819829885
102 11 199 484 2807.240459953511 1358704.3826174994
103 19 248 1444 3905.507905509858 5639553.415556235
104 11 166 484 2138.760388636371 1035160.0281000035
105 19 327 1444 5913.187211648215 8538642.333620023
106 15 264 900 4289.492277647787 3860543.0498830085
107 18 286 1296 4836.6988742323 6268361.741005061
108 1 55 4 11.180339887498949 44.721359549995796
109 12 225 576 3375.0 1944000.0
110 4 113 64 500.0469977912076 32003.007858637287
111 2 97 16 322.21576621884907 5155.452259501585
112 24 370 2304 7117.0921028183975 16397780.204893587
113 25 405 2500 8150.467777986733 20376169.444966834
114 14 244 784 3811.4018418424475 2988139.044004479
115 0 50 0 1.0 0.0
116 27 399 2916 7970.018757819834 23240574.697802637
117 22 360 1936 6830.519745963699 13223886.228185723
118 8 331 256 729.0 186624.0
119 13 235 676 3602.4817834376345 2435277.6856038407
120 21 325 1764 5859.020822628982 10335312.731117524
121 20 338 1600 6214.054393067379 9942487.028907808
122 16 165 1024 2119.4633754797464 2170330.4964912604
123 5 102 100 374.9773326482549 37497.73326482549
124 19 365 1444 6973.315208708122 10069467.161374528
125 17 311 1156 5484.544739538552 6340133.718906566
126 5 116 100 536.1865347059734 53618.65347059734
127 9 129 324 1465.1583532164707 474711.3064421365
128 10 174 400 2295.2176367394877 918087.054695795
129 20 457 1600 9769.544155179401 15631270.648287041
130 20 309 1600 5431.724311855306 8690758.89896849
131 29 569 3364 13572.767182855529 45658788.803126
132 1 52 4 2.8284271247461903 11.313708498984761
133 20 315 1600 5590.695395029137 8945112.63204662
134 25 395 2500 7850.469731168957 19626174.327922393
135 18 277 1296 4610.198802654827 5974817.648240656
136 17 174 1156 2295.2176367394877 2653271.588070848
137 21 340 1764 6269.290230959164 11059027.967411965
138 17 290 1156 4938.522046118656 5708931.485313167
139 8 123 256 1364.1359902883582 349218.8135138197
140 17 180 1156 2414.953415699773 2791686.1485489374
141 21 311 1764 5484.544739538552 9674736.920546005
142 16 315 1024 5590.695395029137 5724872.0845098365
143 23 290 2116 4938.522046118656 10449912.649587076
144 15 226 900 3397.5249815122775 3057772.4833610496
145 26 440 2704 9229.517863897334 24956616.30397839
146 11 148 484 1800.497708968273 871440.8911406441
147 23 366 2116 7001.992287913491 14816215.681224948
148 23 357 2116 6745.316375085753 14273089.449681453
149 1 61 4 36.4828726939094 145.9314907756376
150 15 236 900 3625.500792993983 3262950.7136945846
151 24 374 2304 7232.8157725743295 16664407.540011255
152 22 396 1936 7880.30050188443 15256261.771648256
153 19 334 1444 6104.07273875402 8814281.034760805
154 20 361 1600 6859.0 10974400.0
155 1 68 4 76.36753236814714 305.47012947258855
156 12 203 576 2892.3047903013266 1665967.5592135643
157 24 480 2304 10516.27310409919 24229493.231844533
158 19 343 1444 6352.448897866082 9172936.208518622
159 29 452 3364 9609.651814712122 32326868.70469158
160 26 493 2704 10946.376432409037 29599001.873234037
161 22 404 1936 8120.299501865679 15720899.835611954
162 23 452 2116 9609.651814712122 20334023.23993085
163 19 379 1444 7378.3425645601465 10654326.663224852
164 23 383 2116 7495.457757869095 15860388.615651006
165 19 272 1444 4485.938920672014 6477695.8014503885
166 25 351 2500 6575.982892313514 16439957.230783785
167 17 316 1156 5617.338871743452 6493643.73573543
168 20 381 1600 7436.823313754335 11898917.302006936
169 20 304 1600 5300.421115345459 8480673.784552734
170 14 215 784 3152.518834202264 2471574.766014575
171 0 50 0 1.0 0.0
172 24 355 2304 6688.712506902954 15410793.615904408
173 19 292 1444 4989.698187265438 7205124.182411293
174 11 260 484 4192.374029115246 2029109.030091779
175 22 299 1936 5170.1933232713845 10009494.2738534
176 28 532 3136 12270.646600729728 38480747.73988843
177 20 337 1600 4461.2230385848225 7137956.8617357155
178 27 451 2916 9577.77902229948 27928803.629025288
179 23 407 2116 8210.91608774563 17374298.441669755
180 20 373 1600 7203.826552603831 11526122.48416613
181 17 286 1156 4836.6988742323 5591223.898612539
182 19 313 1444 5537.535282054643 7996200.947286905
183 22 367 1936 7030.708570265162 13611451.792033354
184 25 493 2500 10946.376432409037 27365941.081022594
185 30 428 3600 8854.532850467041 31876318.261681348
186 23 381 2116 7436.823313754335 15736318.131904172
187 19 376 1444 7290.910505554159 10528074.770020206
188 19 351 1444 6575.982892313514 9495719.296500714
189 12 240 576 3718.06401235912 2141604.8711188533
190 22 369 1936 7088.258530838163 13722868.515702683
191 17 236 1156 3625.500792993983 4191078.9167010444
192 25 287 2500 4862.088337329958 12155220.843324896
193 25 423 2500 8699.825687908926 21749564.219772313
194 25 357 2500 6745.316375085753 16863290.937714383
195 22 388 1936 7642.713654193777 14796293.634519152
196 30 519 3600 11823.635608390508 42565088.19020583
197 18 276 1296 4585.256372330778 5942492.258540688
198 18 273 1296 4510.7002782273175 5845867.560582603
199 19 283 1444 4760.7968870767845 6874590.704938876
2801's generation fitness ratios and roulette cutoffs:
48149941.36650851 1145296676.8775682 5726483.384387841 0.01597309528055698 0.01597309528055698
48149941.36650851 1145296676.8775682 5726483.384387841 0.0 0.01597309528055698
48149941.36650851 1145296676.8775682 5726483.384387841 0.0 0.01597309528055698
48149941.36650851 1145296676.8775682 5726483.384387841 0.0008717033705518763 0.016844798651108855
48149941.36650851 1145296676.8775682 5726483.384387841 0.004324451251108734 0.02116924990221759
48149941.36650851 1145296676.8775682 5726483.384387841 0.00026545766398603014 0.02143470756620362
48149941.36650851 1145296676.8775682 5726483.384387841 3.9047838392336914e-08 0.021434746614042013
48149941.36650851 1145296676.8775682 5726483.384387841 4.791771521560666e-06 0.02143953838556357
48149941.36650851 1145296676.8775682 5726483.384387841 0.0 0.02143953838556357
48149941.36650851 1145296676.8775682 5726483.384387841 0.00010735153424398683 0.02154688991980756
48149941.36650851 1145296676.8775682 5726483.384387841 0.0 0.02154688991980756
48149941.36650851 1145296676.8775682 5726483.384387841 3.6039272198864964e-07 0.021547250312529548
48149941.36650851 1145296676.8775682 5726483.384387841 0.0 0.021547250312529548
48149941.36650851 1145296676.8775682 5726483.384387841 0.0 0.021547250312529548
48149941.36650851 1145296676.8775682 5726483.384387841 7.83080523046186e-05 0.021625558364834166
48149941.36650851 1145296676.8775682 5726483.384387841 6.602359042292155e-05 0.021691581955257087
48149941.36650851 1145296676.8775682 5726483.384387841 2.0698507404883428e-06 0.021693651805997576
48149941.36650851 1145296676.8775682 5726483.384387841 0.0 0.021693651805997576
48149941.36650851 1145296676.8775682 5726483.384387841 0.0 0.021693651805997576
48149941.36650851 1145296676.8775682 5726483.384387841 0.0 0.021693651805997576
48149941.36650851 1145296676.8775682 5726483.384387841 3.34310099228607e-05 0.021727082815920437
48149941.36650851 1145296676.8775682 5726483.384387841 0.0002478295140053671 0.021974912329925805
48149941.36650851 1145296676.8775682 5726483.384387841 0.0 0.021974912329925805
48149941.36650851 1145296676.8775682 5726483.384387841 0.0020722715525164246 0.02404718388244223
48149941.36650851 1145296676.8775682 5726483.384387841 2.5288725918915007e-06 0.024049712755034123
48149941.36650851 1145296676.8775682 5726483.384387841 1.1044396527159139e-07 0.024049823198999395
48149941.36650851 1145296676.8775682 5726483.384387841 0.0 0.024049823198999395
48149941.36650851 1145296676.8775682 5726483.384387841 4.5756419643870685e-05 0.024095579618643264
48149941.36650851 1145296676.8775682 5726483.384387841 0.0 0.024095579618643264
48149941.36650851 1145296676.8775682 5726483.384387841 0.0 0.024095579618643264
48149941.36650851 1145296676.8775682 5726483.384387841 0.0 0.024095579618643264
48149941.36650851 1145296676.8775682 5726483.384387841 0.0 0.024095579618643264
48149941.36650851 1145296676.8775682 5726483.384387841 1.6425509306341776e-06 0.024097222169573898
48149941.36650851 1145296676.8775682 5726483.384387841 0.0 0.024097222169573898
48149941.36650851 1145296676.8775682 5726483.384387841 0.0 0.024097222169573898
48149941.36650851 1145296676.8775682 5726483.384387841 1.7462724203938288e-06 0.02409896844199429
48149941.36650851 1145296676.8775682 5726483.384387841 3.6957395939268997e-06 0.024102664181588216
48149941.36650851 1145296676.8775682 5726483.384387841 0.0 0.024102664181588216
48149941.36650851 1145296676.8775682 5726483.384387841 0.0 0.024102664181588216
48149941.36650851 1145296676.8775682 5726483.384387841 0.0 0.024102664181588216
48149941.36650851 1145296676.8775682 5726483.384387841 0.0 0.024102664181588216
48149941.36650851 1145296676.8775682 5726483.384387841 0.0 0.024102664181588216
48149941.36650851 1145296676.8775682 5726483.384387841 0.0 0.024102664181588216
48149941.36650851 1145296676.8775682 5726483.384387841 0.0 0.024102664181588216
48149941.36650851 1145296676.8775682 5726483.384387841 0.0 0.024102664181588216
48149941.36650851 1145296676.8775682 5726483.384387841 0.0 0.024102664181588216
48149941.36650851 1145296676.8775682 5726483.384387841 0.0 0.024102664181588216
48149941.36650851 1145296676.8775682 5726483.384387841 0.0 0.024102664181588216
48149941.36650851 1145296676.8775682 5726483.384387841 0.002669851877766274 0.02677251605935449
48149941.36650851 1145296676.8775682 5726483.384387841 0.0 0.02677251605935449
48149941.36650851 1145296676.8775682 5726483.384387841 0.0 0.02677251605935449
48149941.36650851 1145296676.8775682 5726483.384387841 2.095400237684768e-05 0.02679347006173134
48149941.36650851 1145296676.8775682 5726483.384387841 0.000327053764227965 0.027120523825959305
48149941.36650851 1145296676.8775682 5726483.384387841 0.0 0.027120523825959305
48149941.36650851 1145296676.8775682 5726483.384387841 0.0 0.027120523825959305
48149941.36650851 1145296676.8775682 5726483.384387841 0.0 0.027120523825959305
48149941.36650851 1145296676.8775682 5726483.384387841 0.0 0.027120523825959305
48149941.36650851 1145296676.8775682 5726483.384387841 0.042041457325956884 0.06916198115191619
48149941.36650851 1145296676.8775682 5726483.384387841 0.0 0.06916198115191619
48149941.36650851 1145296676.8775682 5726483.384387841 1.8295068683041303e-07 0.06916216410260302
48149941.36650851 1145296676.8775682 5726483.384387841 0.00013648525881192766 0.06929864936141494
48149941.36650851 1145296676.8775682 5726483.384387841 5.425341009334421e-06 0.06930407470242428
48149941.36650851 1145296676.8775682 5726483.384387841 3.361018731196756e-07 0.0693044108042974
48149941.36650851 1145296676.8775682 5726483.384387841 0.0 0.0693044108042974
48149941.36650851 1145296676.8775682 5726483.384387841 0.0 0.0693044108042974
48149941.36650851 1145296676.8775682 5726483.384387841 0.0 0.0693044108042974
48149941.36650851 1145296676.8775682 5726483.384387841 5.132971658231805e-08 0.06930446213401399
48149941.36650851 1145296676.8775682 5726483.384387841 0.0 0.06930446213401399
48149941.36650851 1145296676.8775682 5726483.384387841 0.0 0.06930446213401399
48149941.36650851 1145296676.8775682 5726483.384387841 0.0 0.06930446213401399
48149941.36650851 1145296676.8775682 5726483.384387841 0.0 0.06930446213401399
48149941.36650851 1145296676.8775682 5726483.384387841 0.0 0.06930446213401399
48149941.36650851 1145296676.8775682 5726483.384387841 6.620837069136802e-07 0.0693051242177209
48149941.36650851 1145296676.8775682 5726483.384387841 0.0 0.0693051242177209
48149941.36650851 1145296676.8775682 5726483.384387841 0.0 0.0693051242177209
48149941.36650851 1145296676.8775682 5726483.384387841 0.0006336279183925403 0.06993875213611345
48149941.36650851 1145296676.8775682 5726483.384387841 0.006863549121115905 0.07680230125722935
48149941.36650851 1145296676.8775682 5726483.384387841 1.4415708879545986e-06 0.0768037428281173
48149941.36650851 1145296676.8775682 5726483.384387841 0.0 0.0768037428281173
48149941.36650851 1145296676.8775682 5726483.384387841 0.0 0.0768037428281173
48149941.36650851 1145296676.8775682 5726483.384387841 0.0 0.0768037428281173
48149941.36650851 1145296676.8775682 5726483.384387841 0.0 0.0768037428281173
48149941.36650851 1145296676.8775682 5726483.384387841 0.0 0.0768037428281173
48149941.36650851 1145296676.8775682 5726483.384387841 0.0 0.0768037428281173
48149941.36650851 1145296676.8775682 5726483.384387841 0.0 0.0768037428281173
48149941.36650851 1145296676.8775682 5726483.384387841 0.0 0.0768037428281173
48149941.36650851 1145296676.8775682 5726483.384387841 2.028985200637985e-07 0.07680394572663737
48149941.36650851 1145296676.8775682 5726483.384387841 0.0 0.07680394572663737
48149941.36650851 1145296676.8775682 5726483.384387841 0.00016527849918316034 0.07696922422582053
48149941.36650851 1145296676.8775682 5726483.384387841 2.0698507404883428e-06 0.07697129407656102
48149941.36650851 1145296676.8775682 5726483.384387841 0.0 0.07697129407656102
48149941.36650851 1145296676.8775682 5726483.384387841 3.6039272198864964e-07 0.076971654469283
48149941.36650851 1145296676.8775682 5726483.384387841 0.0 0.076971654469283
48149941.36650851 1145296676.8775682 5726483.384387841 0.0 0.076971654469283
48149941.36650851 1145296676.8775682 5726483.384387841 0.0 0.076971654469283
48149941.36650851 1145296676.8775682 5726483.384387841 3.4925448407876576e-09 0.07697165796182784
48149941.36650851 1145296676.8775682 5726483.384387841 2.2352286981041009e-07 0.07697188148469765
48149941.36650851 1145296676.8775682 5726483.384387841 0.0 0.07697188148469765
48149941.36650851 1145296676.8775682 5726483.384387841 0.0 0.07697188148469765
48149941.36650851 1145296676.8775682 5726483.384387841 1.8147795335870337e-08 0.07697189963249298
48149941.36650851 1145296676.8775682 5726483.384387841 0.007183485462836953 0.08415538509532994
48149941.36650851 1145296676.8775682 5726483.384387841 0.014997879734235971 0.0991532648295659
48149941.36650851 1145296676.8775682 5726483.384387841 0.0011863339954165818 0.10033959882498249
48149941.36650851 1145296676.8775682 5726483.384387841 0.004924098296461836 0.10526369712144432
48149941.36650851 1145296676.8775682 5726483.384387841 0.0009038357038825685 0.10616753282532689
48149941.36650851 1145296676.8775682 5726483.384387841 0.007455397807403924 0.11362293063273081
48149941.36650851 1145296676.8775682 5726483.384387841 0.0033707799278768877 0.1169937105606077
48149941.36650851 1145296676.8775682 5726483.384387841 0.0054731336146844915 0.12246684417529219
48149941.36650851 1145296676.8775682 5726483.384387841 3.9047838392336914e-08 0.12246688322313058
48149941.36650851 1145296676.8775682 5726483.384387841 0.0016973767926228016 0.12416426001575338
48149941.36650851 1145296676.8775682 5726483.384387841 2.794298499659263e-05 0.12419220300074997
48149941.36650851 1145296676.8775682 5726483.384387841 4.5014120477123335e-06 0.12419670441279768
48149941.36650851 1145296676.8775682 5726483.384387841 0.01431749566374277 0.13851420007654044
48149941.36650851 1145296676.8775682 5726483.384387841 0.017791171367508508 0.15630537144404896
48149941.36650851 1145296676.8775682 5726483.384387841 0.002609052400423502 0.15891442384447246
48149941.36650851 1145296676.8775682 5726483.384387841 0.0 0.15891442384447246
48149941.36650851 1145296676.8775682 5726483.384387841 0.020292187314437694 0.17920661115891015
48149941.36650851 1145296676.8775682 5726483.384387841 0.01154625390535325 0.1907528650642634
48149941.36650851 1145296676.8775682 5726483.384387841 0.00016294817209178895 0.19091581323635518
48149941.36650851 1145296676.8775682 5726483.384387841 0.0021263291291852503 0.19304214236554043
48149941.36650851 1145296676.8775682 5726483.384387841 0.009024135789247876 0.2020662781547883
48149941.36650851 1145296676.8775682 5726483.384387841 0.008681145444352542 0.21074742359914084
48149941.36650851 1145296676.8775682 5726483.384387841 0.0018949941445811668 0.212642417743722
48149941.36650851 1145296676.8775682 5726483.384387841 3.27406287138245e-05 0.21267515837243584
48149941.36650851 1145296676.8775682 5726483.384387841 0.008792016395984837 0.22146717476842068
48149941.36650851 1145296676.8775682 5726483.384387841 0.005535800327467748 0.22700297509588843
48149941.36650851 1145296676.8775682 5726483.384387841 4.6816387887178994e-05 0.2270497914837756
48149941.36650851 1145296676.8775682 5726483.384387841 0.0004144876310445132 0.22746427911482012
48149941.36650851 1145296676.8775682 5726483.384387841 0.0008016150515679338 0.22826589416638804
48149941.36650851 1145296676.8775682 5726483.384387841 0.013648228414407612 0.24191412258079564
48149941.36650851 1145296676.8775682 5726483.384387841 0.007588216288780456 0.2495023388695761
48149941.36650851 1145296676.8775682 5726483.384387841 0.03986634181774275 0.28936868068731886
48149941.36650851 1145296676.8775682 5726483.384387841 9.878408562076175e-09 0.2893686905657274
48149941.36650851 1145296676.8775682 5726483.384387841 0.0078103017433297315 0.29717899230905714
48149941.36650851 1145296676.8775682 5726483.384387841 0.01713632347334613 0.3143153157824033
48149941.36650851 1145296676.8775682 5726483.384387841 0.005216829638002487 0.31953214542040576
48149941.36650851 1145296676.8775682 5726483.384387841 0.002316667499031329 0.32184881291943707
48149941.36650851 1145296676.8775682 5726483.384387841 0.00965603776792777 0.33150485068736485
48149941.36650851 1145296676.8775682 5726483.384387841 0.00498467480136018 0.336489525488725
48149941.36650851 1145296676.8775682 5726483.384387841 0.00030491559136091955 0.33679444108008594
48149941.36650851 1145296676.8775682 5726483.384387841 0.0024375222638032394 0.33923196334388916
48149941.36650851 1145296676.8775682 5726483.384387841 0.008447363129457704 0.3476793264733469
48149941.36650851 1145296676.8775682 5726483.384387841 0.004998593115731028 0.3526779195890779
48149941.36650851 1145296676.8775682 5726483.384387841 0.009124197127749256 0.36180211671682716
48149941.36650851 1145296676.8775682 5726483.384387841 0.002669851877766274 0.3644719685945934
48149941.36650851 1145296676.8775682 5726483.384387841 0.02179052537899422 0.38626249397358764
48149941.36650851 1145296676.8775682 5726483.384387841 0.0007608865971011639 0.3870233805706888
48149941.36650851 1145296676.8775682 5726483.384387841 0.012936574409364845 0.39995995498005366
48149941.36650851 1145296676.8775682 5726483.384387841 0.012462351229896427 0.4124223062099501
48149941.36650851 1145296676.8775682 5726483.384387841 1.274180688042262e-07 0.4124224336280189
48149941.36650851 1145296676.8775682 5726483.384387841 0.0028490004202146066 0.4152714340482335
48149941.36650851 1145296676.8775682 5726483.384387841 0.014550297644662313 0.42982173169289584
48149941.36650851 1145296676.8775682 5726483.384387841 0.013320794585069021 0.44314252627796485
48149941.36650851 1145296676.8775682 5726483.384387841 0.007696067938301587 0.45083859421626643
48149941.36650851 1145296676.8775682 5726483.384387841 0.009582146025185017 0.46042074024145146
48149941.36650851 1145296676.8775682 5726483.384387841 2.667170311760567e-07 0.46042100695848265
48149941.36650851 1145296676.8775682 5726483.384387841 0.001454616600962735 0.4618756235594454
48149941.36650851 1145296676.8775682 5726483.384387841 0.021155647895444524 0.4830312714548899
48149941.36650851 1145296676.8775682 5726483.384387841 0.008009222757484002 0.4910404942123739
48149941.36650851 1145296676.8775682 5726483.384387841 0.028225759628347644 0.5192662538407216
48149941.36650851 1145296676.8775682 5726483.384387841 0.02584396032120694 0.5451102141619285
48149941.36650851 1145296676.8775682 5726483.384387841 0.013726486903351516 0.55883670106528
48149941.36650851 1145296676.8775682 5726483.384387841 0.017754371989769206 0.5765910730550493
48149941.36650851 1145296676.8775682 5726483.384387841 0.009302678404928084 0.5858937514599774
48149941.36650851 1145296676.8775682 5726483.384387841 0.013848279608119804 0.5997420310680972
48149941.36650851 1145296676.8775682 5726483.384387841 0.005655910762886856 0.605397941830984
48149941.36650851 1145296676.8775682 5726483.384387841 0.014354321952285913 0.61975226378327
48149941.36650851 1145296676.8775682 5726483.384387841 0.005669835481788967 0.625422099265059
48149941.36650851 1145296676.8775682 5726483.384387841 0.01038937555852083 0.6358114748235798
48149941.36650851 1145296676.8775682 5726483.384387841 0.007404783368160698 0.6432162581917406
48149941.36650851 1145296676.8775682 5726483.384387841 0.0021580214244162916 0.6453742796161569
48149941.36650851 1145296676.8775682 5726483.384387841 0.0 0.6453742796161569
48149941.36650851 1145296676.8775682 5726483.384387841 0.013455721933917577 0.6588300015500744
48149941.36650851 1145296676.8775682 5726483.384387841 0.006291054822628738 0.6651210563727031
48149941.36650851 1145296676.8775682 5726483.384387841 0.0017716885686106726 0.6668927449413138
48149941.36650851 1145296676.8775682 5726483.384387841 0.008739651896260074 0.6756323968375738
48149941.36650851 1145296676.8775682 5726483.384387841 0.033598934247149666 0.7092313310847235
48149941.36650851 1145296676.8775682 5726483.384387841 0.006232408602804983 0.7154637396875284
48149941.36650851 1145296676.8775682 5726483.384387841 0.02438564975598097 0.7398493894435094
48149941.36650851 1145296676.8775682 5726483.384387841 0.015170129096189686 0.7550195185396991
48149941.36650851 1145296676.8775682 5726483.384387841 0.01006387490409026 0.7650833934437893
48149941.36650851 1145296676.8775682 5726483.384387841 0.004881900045196969 0.7699652934889862
48149941.36650851 1145296676.8775682 5726483.384387841 0.006981772591087065 0.7769470660800732
48149941.36650851 1145296676.8775682 5726483.384387841 0.011884651432974002 0.7888317175130473
48149941.36650851 1145296676.8775682 5726483.384387841 0.02389419408395612 0.8127259115970034
48149941.36650851 1145296676.8775682 5726483.384387841 0.027832367722035147 0.8405582793190385
48149941.36650851 1145296676.8775682 5726483.384387841 0.013739949176143797 0.8542982284951823
48149941.36650851 1145296676.8775682 5726483.384387841 0.009192443305365193 0.8634906718005475
48149941.36650851 1145296676.8775682 5726483.384387841 0.008291056359640343 0.8717817281601878
48149941.36650851 1145296676.8775682 5726483.384387841 0.001869912760907967 0.8736516409210958
48149941.36650851 1145296676.8775682 5726483.384387841 0.011981933408831196 0.8856335743299271
48149941.36650851 1145296676.8775682 5726483.384387841 0.0036593827619645393 0.8892929570918916
48149941.36650851 1145296676.8775682 5726483.384387841 0.010613163461247242 0.8999061205531388
48149941.36650851 1145296676.8775682 5726483.384387841 0.018990332076286406 0.9188964526294252
48149941.36650851 1145296676.8775682 5726483.384387841 0.014723949940803907 0.9336204025702292
48149941.36650851 1145296676.8775682 5726483.384387841 0.012919179749004781 0.946539582319234
48149941.36650851 1145296676.8775682 5726483.384387841 0.03716511978909375 0.9837047021083277
48149941.36650851 1145296676.8775682 5726483.384387841 0.005188605169746719 0.9888933072780745
48149941.36650851 1145296676.8775682 5726483.384387841 0.005104238647160175 0.9939975459252346
48149941.36650851 1145296676.8775682 5726483.384387841 0.006002454074765265 0.9999999999999999
2801's generation extracting best parents:
18293932.944270678
0
0
998358.9735160394
4952779.647213875
304027.78041488247
0
0
0
0
0
0
0
0
0
0
0
0
0
0
0
283838.3188225297
0
2373365.7226849804
0
0
0
0
0
0
0
0
0
0
0
0
0
0
0
0
0
0
0
0
0
0
0
0
3057772.4833610496
0
0
0
374573.589330588
0
0
0
0
48149941.36650851
0
0
0
0
0
0
0
0
0
0
0
0
0
0
0
0
0
725691.9493118274
7860800.0
0
0
0
0
0
0
0
0
0
0
0
0
0
0
0
0
0
0
0
0
0
0
0
8227222.028985482
17177021.819829885
1358704.3826174994
5639553.415556235
1035160.0281000035
8538642.333620023
3860543.0498830085
6268361.741005061
0
1944000.0
0
0
16397780.204893587
20376169.444966834
2988139.044004479
0
23240574.697802637
13223886.228185723
0
2435277.6856038407
10335312.731117524
9942487.028907808
2170330.4964912604
0
10069467.161374528
6340133.718906566
0
474711.3064421365
918087.054695795
15631270.648287041
8690758.89896849
45658788.803126
0
8945112.63204662
19626174.327922393
5974817.648240656
2653271.588070848
11059027.967411965
5708931.485313167
349218.8135138197
2791686.1485489374
9674736.920546005
5724872.0845098365
10449912.649587076
3057772.4833610496
24956616.30397839
871440.8911406441
14816215.681224948
14273089.449681453
0
3262950.7136945846
16664407.540011255
15256261.771648256
8814281.034760805
10974400.0
0
1665967.5592135643
24229493.231844533
9172936.208518622
32326868.70469158
29599001.873234037
15720899.835611954
20334023.23993085
10654326.663224852
15860388.615651006
6477695.8014503885
16439957.230783785
6493643.73573543
11898917.302006936
8480673.784552734
2471574.766014575
0
15410793.615904408
7205124.182411293
2029109.030091779
10009494.2738534
38480747.73988843
7137956.8617357155
27928803.629025288
17374298.441669755
11526122.48416613
5591223.898612539
7996200.947286905
13611451.792033354
27365941.081022594
31876318.261681348
15736318.131904172
10528074.770020206
9495719.296500714
2141604.8711188533
13722868.515702683
4191078.9167010444
12155220.843324896
21749564.219772313
16863290.937714383
14796293.634519152
42565088.19020583
5942492.258540688
5845867.560582603
6874590.704938876
