0 0 50 0 1.0 0.0
1 0 50 0 1.0 0.0
2 0 5 0 11.180339887498949 0.0
3 0 13 0 46.87216658103186 0.0
4 18 226 1296 3397.5249815122775 4403192.376039912
5 2 22 16 103.18914671611545 1651.0263474578471
6 1 9 4 27.0 108.0
7 1 77 4 140.29611541307906 561.1844616523163
8 0 50 0 1.0 0.0
9 2 39 16 243.55492193753753 3896.8787510006005
10 0 5 0 11.180339887498949 0.0
11 3 107 36 430.34056281043274 15492.26026117558
12 0 5 0 11.180339887498949 0.0
13 0 50 0 1.0 0.0
14 0 3 0 5.196152422706632 0.0
15 7 101 196 1015.0374377332099 198947.33779570914
16 0 13 0 46.87216658103186 0.0
17 1 9 4 27.0 108.0
18 0 9 0 27.0 0.0
19 2 57 16 18.520259177452132 296.3241468392341
20 0 50 0 1.0 0.0
21 1 60 4 31.622776601683793 126.49110640673517
22 1 59 4 27.0 108.0
23 0 50 0 1.0 0.0
24 0 6 0 14.696938456699069 0.0
25 0 50 0 1.0 0.0
26 2 15 16 58.09475019311125 929.51600308978
27 0 2 0 2.8284271247461903 0.0
28 0 50 0 1.0 0.0
29 2 36 16 216.0 3456.0
30 12 231 576 3510.8960394748233 2022276.1187374983
31 0 50 0 1.0 0.0
32 1 54 4 8.0 32.0
33 2 90 16 252.98221281347034 4047.7154050155254
34 1 73 4 110.30412503619254 441.2165001447702
35 12 261 576 4216.584043986317 2428752.4093361185
36 24 388 2304 7642.713654193777 17608812.25926246
37 0 50 0 1.0 0.0
38 0 50 0 1.0 0.0
39 0 50 0 1.0 0.0
40 1 50 4 1.0 4.0
41 5 45 100 301.8691769624716 30186.91769624716
42 2 49 16 343.0 5488.0
43 2 26 16 132.5745073534124 2121.1921176545984
44 11 150 484 1837.1173070873836 889164.7766302937
45 0 50 0 1.0 0.0
46 0 50 0 1.0 0.0
47 2 18 16 76.36753236814714 1221.8805178903542
48 1 67 4 70.09279563550022 280.3711825420009
49 2 39 16 243.55492193753753 3896.8787510006005
50 0 50 0 1.0 0.0
51 0 50 0 1.0 0.0
52 0 6 0 14.696938456699069 0.0
53 3 80 36 164.31676725154983 5915.403621055794
54 0 50 0 1.0 0.0
55 10 140 400 1656.5023392678925 662600.935707157
56 2 33 16 189.57056733575496 3033.1290773720793
57 0 50 0 1.0 0.0
58 6 98 144 970.1505037879432 139701.6725454638
59 0 2 0 2.8284271247461903 0.0
60 1 56 4 14.696938456699069 58.787753826796276
61 1 50 4 1.0 4.0
62 3 22 36 103.18914671611545 3714.809281780156
63 1 13 4 46.87216658103186 187.48866632412745
64 8 397 256 1782.2802809883747 456263.7519330239
65 0 5 0 11.180339887498949 0.0
66 0 9 0 27.0 0.0
67 6 111 144 1169.4575665666541 168401.8895855982
68 2 17 16 70.09279563550022 1121.4847301680036
69 1 53 4 5.196152422706632 20.784609690826528
70 2 68 16 76.36753236814714 1221.8805178903542
71 2 17 16 70.09279563550022 1121.4847301680036
72 7 61 196 476.42523023030594 93379.34512513997
73 0 50 0 1.0 0.0
74 5 87 100 811.4819776187269 81148.1977618727
75 1 25 4 125.0 500.0
76 0 50 0 1.0 0.0
77 0 50 0 1.0 0.0
78 0 50 0 1.0 0.0
79 0 5 0 11.180339887498949 0.0
80 0 50 0 1.0 0.0
81 0 50 0 1.0 0.0
82 20 316 1600 5617.338871743452 8987742.194789523
83 0 50 0 1.0 0.0
84 1 56 4 14.696938456699069 58.787753826796276
85 0 50 0 1.0 0.0
86 0 50 0 1.0 0.0
87 24 367 2304 7030.708570265162 16198752.545890933
88 15 249 900 3929.1537256768156 3536238.353109134
89 4 74 64 117.57550765359255 7524.832489829923
90 1 50 4 1.0 4.0
91 0 50 0 1.0 0.0
92 0 50 0 1.0 0.0
93 3 23 36 110.30412503619254 3970.9485013029316
94 2 47 16 322.21576621884907 5155.452259501585
95 0 50 0 1.0 0.0
96 2 17 16 70.09279563550022 1121.4847301680036
97 0 50 0 1.0 0.0
98 22 418 1936 8546.030189509045 16545114.446889512
99 1 13 4 46.87216658103186 187.48866632412745
100 20 268 1600 4387.349085723633 7019758.537157813
101 0 50 0 1.0 0.0
102 5 51 100 364.21284985568536 36421.284985568534
103 19 221 1444 3285.4011931573896 4744119.322919271
104 12 367 576 1265.5484976878602 728955.9346682074
105 21 378 1764 7349.159951994514 12963918.155318322
106 15 222 900 3307.7255025167974 2976952.952265118
107 12 204 576 2913.702798845483 1678292.8121349982
108 16 241 1024 3741.3261017986656 3831117.9282418336
109 5 110 100 464.75800154489 46475.800154489
110 13 214 676 3130.5501114021476 2116251.875307852
111 18 492 1296 3764.636503037179 4878968.907936184
112 14 188 784 2577.7261297507926 2020937.2857246213
113 20 368 1600 7059.464002316323 11295142.403706117
114 15 191 900 2639.672517567283 2375705.265810555
115 32 568 4096 13537.002326955551 55447561.53120994
116 19 273 1444 4510.7002782273175 6513451.201760246
117 2 74 16 117.57550765359255 1881.2081224574808
118 23 314 2116 5564.094176054176 11773623.276530636
119 24 451 2304 9577.77902229948 22067202.867378004
120 16 510 1024 4192.374029115246 4292991.005814012
121 4 45 64 301.8691769624716 19319.627325598183
122 0 50 0 1.0 0.0
123 18 285 1296 4811.353759598228 6235514.472439303
124 10 107 400 1106.8166063083802 442726.64252335206
125 0 50 0 1.0 0.0
126 11 180 484 2414.953415699773 1168837.4531986902
127 8 80 256 715.5417527999327 183178.68871678278
128 23 358 2116 6773.677878375971 14333102.390643554
129 23 335 2116 6131.506747937247 12974268.278635215
130 7 82 196 742.5415813272682 145538.14994014456
131 16 460 1024 3043.189116699782 3116225.655500577
132 18 287 1296 4862.088337329958 6301266.485179626
133 22 268 1936 4387.349085723633 8493907.829960953
134 17 187 1156 2557.1865399301632 2956107.640159269
135 6 117 144 1265.5484976878602 182238.98366705186
136 17 261 1156 4216.584043986317 4874371.154848183
137 7 326 196 662.5526394181824 129860.31732596374
138 24 327 2304 5913.187211648215 13623983.335637487
139 21 362 1764 6887.519727739442 12149584.799732376
140 6 52 144 374.9773326482549 53996.73590134871
141 21 246 1764 3858.359236774098 6806145.693669509
142 23 346 2116 6435.972032257443 13618516.82025675
143 25 448 2500 9482.372698855492 23705931.74713873
144 14 223 784 3330.1001486441814 2610798.516537038
145 17 256 1156 4096.0 4734976.0
146 18 266 1296 4338.328710459824 5622474.008755932
147 16 353 1024 6632.267862503745 6791442.291203835
148 15 244 900 3811.4018418424475 3430261.6576582026
149 5 105 100 407.8909167902615 40789.09167902615
150 20 275 1600 4560.359086738675 7296574.5387818795
151 11 229 484 3465.3988226465362 1677253.0301609235
152 12 192 576 2660.4300404257956 1532407.7032852583
153 3 39 36 243.55492193753753 8767.977189751351
154 16 239 1024 3694.850335263933 3783526.7433102676
155 20 354 1600 6660.47025366828 10656752.405869247
156 14 188 784 2577.7261297507926 2020937.2857246213
157 22 351 1936 6575.982892313514 12731102.879518963
158 25 362 2500 6887.519727739442 17218799.319348603
159 9 153 324 1892.505482158506 613171.776219356
160 26 474 2704 10319.710461054612 27904497.08669167
161 18 373 1296 7203.826552603831 9336159.212174565
162 20 269 1600 4411.928036584459 7059084.858535134
163 22 270 1936 4436.552715791846 8589166.057773015
164 20 281 1600 4710.418346601499 7536669.354562399
165 13 192 676 2660.4300404257956 1798450.7073278378
166 22 421 1936 8638.197786575623 16723550.914810408
167 17 356 1156 6716.994566024302 7764845.718324093
168 1 53 4 5.196152422706632 20.784609690826528
169 19 265 1444 4313.8874579664225 6229253.489303514
170 24 441 2304 9261.0 21337344.0
171 22 296 1936 5092.576558089235 9859228.216460759
172 23 313 2116 5537.535282054643 11717424.656827625
173 20 368 1600 7059.464002316323 11295142.403706117
174 16 277 1024 4610.198802654827 4720843.573918543
175 15 163 900 2081.044689573004 1872940.2206157034
176 26 442 2704 9292.517850399858 25126968.267481215
177 20 428 1600 8854.532850467041 14167252.560747266
178 13 198 676 2786.1069613351174 1883408.3058625394
179 18 287 1296 4862.088337329958 6301266.485179626
180 24 368 2304 7059.464002316323 16265005.061336808
181 20 344 1600 6380.249524901044 10208399.239841672
182 29 347 3364 6463.8937955384135 21744538.728191223
183 16 299 1024 5170.1933232713845 5294277.963029898
184 21 368 1764 7059.464002316323 12452894.500085993
185 18 539 1296 4913.0 6367248.0
186 22 346 1936 6435.972032257443 12460041.85445041
187 22 307 1936 5379.074548656116 10413888.32619824
188 21 383 1764 7495.457757869095 13221987.484881084
189 13 167 676 2158.1156132144542 1458886.154532971
190 13 163 676 2081.044689573004 1406786.2101513506
191 17 298 1156 5144.277597486356 5946784.902694228
192 21 354 1764 6660.47025366828 11749069.527470846
193 21 308 1764 5405.378062633547 9535086.902485577
194 11 477 484 3420.0998523434955 1655328.3285342518
195 21 431 1764 8947.792521063506 15783906.007156024
196 15 206 900 2956.656219447909 2660990.5975031178
197 20 294 1600 5041.049890647781 8065679.825036449
198 10 406 400 1948.4393755003002 779375.75020012
199 6 68 144 560.7423650840018 80746.90057209626
1901's generation fitness ratios and roulette cutoffs:
55447561.53120994 812398691.5358303 4061993.457679151 0.0 0.0
55447561.53120994 812398691.5358303 4061993.457679151 0.0 0.0
55447561.53120994 812398691.5358303 4061993.457679151 0.0 0.0
55447561.53120994 812398691.5358303 4061993.457679151 0.0 0.0
55447561.53120994 812398691.5358303 4061993.457679151 0.005419989497663676 0.005419989497663676
55447561.53120994 812398691.5358303 4061993.457679151 2.0322858279554845e-06 0.005422021783491632
55447561.53120994 812398691.5358303 4061993.457679151 1.3293965281483562e-07 0.0054221547231444464
55447561.53120994 812398691.5358303 4061993.457679151 6.907746990475866e-07 0.005422845497843494
55447561.53120994 812398691.5358303 4061993.457679151 0.0 0.005422845497843494
55447561.53120994 812398691.5358303 4061993.457679151 4.796756557588241e-06 0.005427642254401082
55447561.53120994 812398691.5358303 4061993.457679151 0.0 0.005427642254401082
55447561.53120994 812398691.5358303 4061993.457679151 1.9069775004053296e-05 0.005446712029405135
55447561.53120994 812398691.5358303 4061993.457679151 0.0 0.005446712029405135
55447561.53120994 812398691.5358303 4061993.457679151 0.0 0.005446712029405135
55447561.53120994 812398691.5358303 4061993.457679151 0.0 0.005446712029405135
55447561.53120994 812398691.5358303 4061993.457679151 0.00024488879643516106 0.005691600825840296
55447561.53120994 812398691.5358303 4061993.457679151 0.0 0.005691600825840296
55447561.53120994 812398691.5358303 4061993.457679151 1.3293965281483562e-07 0.005691733765493111
55447561.53120994 812398691.5358303 4061993.457679151 0.0 0.005691733765493111
55447561.53120994 812398691.5358303 4061993.457679151 3.6475212223574214e-07 0.005692098517615347
55447561.53120994 812398691.5358303 4061993.457679151 0.0 0.005692098517615347
55447561.53120994 812398691.5358303 4061993.457679151 1.5570077564699815e-07 0.0056922542183909935
55447561.53120994 812398691.5358303 4061993.457679151 1.3293965281483562e-07 0.005692387158043808
55447561.53120994 812398691.5358303 4061993.457679151 0.0 0.005692387158043808
55447561.53120994 812398691.5358303 4061993.457679151 0.0 0.005692387158043808
55447561.53120994 812398691.5358303 4061993.457679151 0.0 0.005692387158043808
55447561.53120994 812398691.5358303 4061993.457679151 1.1441623586721205e-06 0.0056935313204024805
55447561.53120994 812398691.5358303 4061993.457679151 0.0 0.0056935313204024805
55447561.53120994 812398691.5358303 4061993.457679151 0.0 0.0056935313204024805
55447561.53120994 812398691.5358303 4061993.457679151 4.25406889007474e-06 0.005697785389292555
55447561.53120994 812398691.5358303 4061993.457679151 0.00248926560296941 0.008187050992261965
55447561.53120994 812398691.5358303 4061993.457679151 0.0 0.008187050992261965
55447561.53120994 812398691.5358303 4061993.457679151 3.938952675995129e-08 0.008187090381788725
55447561.53120994 812398691.5358303 4061993.457679151 4.982424820703941e-06 0.008192072806609428
55447561.53120994 812398691.5358303 4061993.457679151 5.43103410605765e-07 0.008192615910020034
55447561.53120994 812398691.5358303 4061993.457679151 0.002989606500651288 0.011182222410671322
55447561.53120994 812398691.5358303 4061993.457679151 0.021675086928036782 0.032857309338708104
55447561.53120994 812398691.5358303 4061993.457679151 0.0 0.032857309338708104
55447561.53120994 812398691.5358303 4061993.457679151 0.0 0.032857309338708104
55447561.53120994 812398691.5358303 4061993.457679151 0.0 0.032857309338708104
55447561.53120994 812398691.5358303 4061993.457679151 4.923690844993911e-09 0.03285731426239895
55447561.53120994 812398691.5358303 4061993.457679151 3.715776257489921e-05 0.03289447202497385
55447561.53120994 812398691.5358303 4061993.457679151 6.755303839331646e-06 0.03290122732881318
55447561.53120994 812398691.5358303 4061993.457679151 2.6110235525422984e-06 0.032903838352365725
55447561.53120994 812398691.5358303 4061993.457679151 0.0010944931175964083 0.03399833146996213
55447561.53120994 812398691.5358303 4061993.457679151 0.0 0.03399833146996213
55447561.53120994 812398691.5358303 4061993.457679151 0.0 0.03399833146996213
55447561.53120994 812398691.5358303 4061993.457679151 1.504040479903289e-06 0.033999835510442035
55447561.53120994 812398691.5358303 4061993.457679151 3.451152561705416e-07 0.034000180625698206
55447561.53120994 812398691.5358303 4061993.457679151 4.796756557588241e-06 0.034004977382255795
55447561.53120994 812398691.5358303 4061993.457679151 0.0 0.034004977382255795
55447561.53120994 812398691.5358303 4061993.457679151 0.0 0.034004977382255795
55447561.53120994 812398691.5358303 4061993.457679151 0.0 0.034004977382255795
55447561.53120994 812398691.5358303 4061993.457679151 7.2814046633590614e-06 0.03401225878691915
55447561.53120994 812398691.5358303 4061993.457679151 0.0 0.03401225878691915
55447561.53120994 812398691.5358303 4061993.457679151 0.0008156105402564321 0.03482786932717558
55447561.53120994 812398691.5358303 4061993.457679151 3.733547467485434e-06 0.03483160287464307
55447561.53120994 812398691.5358303 4061993.457679151 0.0 0.03483160287464307
55447561.53120994 812398691.5358303 4061993.457679151 0.00017196196153560934 0.035003564836178676
55447561.53120994 812398691.5358303 4061993.457679151 0.0 0.035003564836178676
55447561.53120994 812398691.5358303 4061993.457679151 7.236318132868815e-08 0.035003637199360005
55447561.53120994 812398691.5358303 4061993.457679151 4.923690844993911e-09 0.03500364212305085
55447561.53120994 812398691.5358303 4061993.457679151 4.57264311289984e-06 0.035008214766163746
55447561.53120994 812398691.5358303 4061993.457679151 2.3078405748005614e-07 0.03500844555022123
55447561.53120994 812398691.5358303 4061993.457679151 0.0005616254145738007 0.03557007096479503
55447561.53120994 812398691.5358303 4061993.457679151 0.0 0.03557007096479503
55447561.53120994 812398691.5358303 4061993.457679151 0.0 0.03557007096479503
55447561.53120994 812398691.5358303 4061993.457679151 0.00020728971050807134 0.0357773606753031
55447561.53120994 812398691.5358303 4061993.457679151 1.3804610246821665e-06 0.03577874113632778
55447561.53120994 812398691.5358303 4061993.457679151 2.5584248112873578e-08 0.035778766720575894
55447561.53120994 812398691.5358303 4061993.457679151 1.504040479903289e-06 0.0357802707610558
55447561.53120994 812398691.5358303 4061993.457679151 1.3804610246821665e-06 0.03578165122208048
55447561.53120994 812398691.5358303 4061993.457679151 0.00011494275667604461 0.035896593978756525
55447561.53120994 812398691.5358303 4061993.457679151 0.0 0.035896593978756525
55447561.53120994 812398691.5358303 4061993.457679151 9.988715960197199e-05 0.035996481138358495
55447561.53120994 812398691.5358303 4061993.457679151 6.154613556242389e-07 0.03599709659971412
55447561.53120994 812398691.5358303 4061993.457679151 0.0 0.03599709659971412
55447561.53120994 812398691.5358303 4061993.457679151 0.0 0.03599709659971412
55447561.53120994 812398691.5358303 4061993.457679151 0.0 0.03599709659971412
55447561.53120994 812398691.5358303 4061993.457679151 0.0 0.03599709659971412
55447561.53120994 812398691.5358303 4061993.457679151 0.0 0.03599709659971412
55447561.53120994 812398691.5358303 4061993.457679151 0.0 0.03599709659971412
55447561.53120994 812398691.5358303 4061993.457679151 0.011063215990412665 0.04706031259012678
55447561.53120994 812398691.5358303 4061993.457679151 0.0 0.04706031259012678
55447561.53120994 812398691.5358303 4061993.457679151 7.236318132868815e-08 0.04706038495330811
55447561.53120994 812398691.5358303 4061993.457679151 0.0 0.04706038495330811
55447561.53120994 812398691.5358303 4061993.457679151 0.0 0.04706038495330811
55447561.53120994 812398691.5358303 4061993.457679151 0.01993941240263125 0.06699979735593936
55447561.53120994 812398691.5358303 4061993.457679151 0.004352836101229947 0.0713526334571693
55447561.53120994 812398691.5358303 4061993.457679151 9.262487210072083e-06 0.07136189594437937
55447561.53120994 812398691.5358303 4061993.457679151 4.923690844993911e-09 0.07136190086807022
55447561.53120994 812398691.5358303 4061993.457679151 0.0 0.07136190086807022
55447561.53120994 812398691.5358303 4061993.457679151 0.0 0.07136190086807022
55447561.53120994 812398691.5358303 4061993.457679151 4.887930695451884e-06 0.07136678879876567
55447561.53120994 812398691.5358303 4061993.457679151 6.345963272977782e-06 0.07137313476203865
55447561.53120994 812398691.5358303 4061993.457679151 0.0 0.07137313476203865
55447561.53120994 812398691.5358303 4061993.457679151 1.3804610246821665e-06 0.07137451522306333
55447561.53120994 812398691.5358303 4061993.457679151 0.0 0.07137451522306333
55447561.53120994 812398691.5358303 4061993.457679151 0.0203657571328816 0.09174027235594492
55447561.53120994 812398691.5358303 4061993.457679151 2.3078405748005614e-07 0.0917405031400024
55447561.53120994 812398691.5358303 4061993.457679151 0.008640780210867944 0.10038128335087035
55447561.53120994 812398691.5358303 4061993.457679151 0.0 0.10038128335087035
55447561.53120994 812398691.5358303 4061993.457679151 4.48317868615895e-05 0.10042611513773193
55447561.53120994 812398691.5358303 4061993.457679151 0.005839644219454082 0.10626575935718602
55447561.53120994 812398691.5358303 4061993.457679151 0.0008972884154824581 0.10716304777266848
55447561.53120994 812398691.5358303 4061993.457679151 0.015957581284147794 0.12312062905681628
55447561.53120994 812398691.5358303 4061993.457679151 0.003664398999261339 0.1267850280560776
55447561.53120994 812398691.5358303 4061993.457679151 0.0020658487385820444 0.12885087679465965
55447561.53120994 812398691.5358303 4061993.457679151 0.0047158100673440895 0.13356668686200374
55447561.53120994 812398691.5358303 4061993.457679151 5.720811793360602e-05 0.13362389497993735
55447561.53120994 812398691.5358303 4061993.457679151 0.0026049424960386167 0.13622883747597597
55447561.53120994 812398691.5358303 4061993.457679151 0.006005633636253832 0.1422344711122298
55447561.53120994 812398691.5358303 4061993.457679151 0.0024876176030072905 0.1447220887152371
55447561.53120994 812398691.5358303 4061993.457679151 0.013903447311507581 0.15862553602674467
55447561.53120994 812398691.5358303 4061993.457679151 0.002924309566918814 0.16154984559366348
55447561.53120994 812398691.5358303 4061993.457679151 0.06825166277211374 0.22980150836577723
55447561.53120994 812398691.5358303 4061993.457679151 0.008017555012855379 0.23781906337863262
55447561.53120994 812398691.5358303 4061993.457679151 2.315621802518021e-06 0.23782137900043515
55447561.53120994 812398691.5358303 4061993.457679151 0.014492420284765278 0.2523137992852004
55447561.53120994 812398691.5358303 4061993.457679151 0.027163021183183117 0.2794768204683835
55447561.53120994 812398691.5358303 4061993.457679151 0.005284340128241914 0.28476116059662543
55447561.53120994 812398691.5358303 4061993.457679151 2.3780968047935496e-05 0.2847849415646734
55447561.53120994 812398691.5358303 4061993.457679151 0.0 0.2847849415646734
55447561.53120994 812398691.5358303 4061993.457679151 0.007675436380444108 0.2924603779451175
55447561.53120994 812398691.5358303 4061993.457679151 0.0005449622791567801 0.29300534022427427
55447561.53120994 812398691.5358303 4061993.457679151 0.0 0.29300534022427427
55447561.53120994 812398691.5358303 4061993.457679151 0.0014387485669000975 0.29444408879117434
55447561.53120994 812398691.5358303 4061993.457679151 0.0002254788081582032 0.29466956759933255
55447561.53120994 812398691.5358303 4061993.457679151 0.017642941255293 0.3123125088546255
55447561.53120994 812398691.5358303 4061993.457679151 0.01597032148600278 0.32828283034062833
55447561.53120994 812398691.5358303 4061993.457679151 0.00017914621411441024 0.32846197655474274
55447561.53120994 812398691.5358303 4061993.457679151 0.0038358329327308352 0.33229780948747356
55447561.53120994 812398691.5358303 4061993.457679151 0.007756372026236472 0.34005418151371003
55447561.53120994 812398691.5358303 4061993.457679151 0.010455344055150211 0.3505095255688602
55447561.53120994 812398691.5358303 4061993.457679151 0.003638740031167187 0.35414826560002743
55447561.53120994 812398691.5358303 4061993.457679151 0.00022432210387061453 0.35437258770389807
55447561.53120994 812398691.5358303 4061993.457679151 0.005999974157557099 0.36037256186145517
55447561.53120994 812398691.5358303 4061993.457679151 0.00015984801388646298 0.36053240987534163
55447561.53120994 812398691.5358303 4061993.457679151 0.016770070505506978 0.3773024803808486
55447561.53120994 812398691.5358303 4061993.457679151 0.014955199862229871 0.3922576802430785
55447561.53120994 812398691.5358303 4061993.457679151 6.646580855425618e-05 0.39232414605163274
55447561.53120994 812398691.5358303 4061993.457679151 0.008377839310403824 0.40070198536203655
55447561.53120994 812398691.5358303 4061993.457679151 0.016763341647573437 0.41746532700961
55447561.53120994 812398691.5358303 4061993.457679151 0.02918016977885937 0.4466454967884693
55447561.53120994 812398691.5358303 4061993.457679151 0.003213691188499275 0.4498591879769686
55447561.53120994 812398691.5358303 4061993.457679151 0.005828389495616472 0.4556875774725851
55447561.53120994 812398691.5358303 4061993.457679151 0.006920830950781949 0.46260840842336703
55447561.53120994 812398691.5358303 4061993.457679151 0.008359740558376199 0.4709681489817432
55447561.53120994 812398691.5358303 4061993.457679151 0.0042223869799363324 0.47519053596167954
55447561.53120994 812398691.5358303 4061993.457679151 5.020821931890959e-05 0.47524074418099843
55447561.53120994 812398691.5358303 4061993.457679151 0.008981519314104004 0.48422226349510245
55447561.53120994 812398691.5358303 4061993.457679151 0.002064568847335409 0.48628683234243786
55447561.53120994 812398691.5358303 4061993.457679151 0.001886275444865943 0.48817310778730383
55447561.53120994 812398691.5358303 4061993.457679151 1.0792702254573543e-05 0.4881839004895584
55447561.53120994 812398691.5358303 4061993.457679151 0.004657228996956598 0.492841129486515
55447561.53120994 812398691.5358303 4061993.457679151 0.013117638564536313 0.5059587680510513
55447561.53120994 812398691.5358303 4061993.457679151 0.0024876176030072905 0.5084463856540586
55447561.53120994 812398691.5358303 4061993.457679151 0.015671003673640785 0.5241173893276995
55447561.53120994 812398691.5358303 4061993.457679151 0.021195011142616026 0.5453124004703155
55447561.53120994 812398691.5358303 4061993.457679151 0.0007547670652449746 0.5460671675355605
55447561.53120994 812398691.5358303 4061993.457679151 0.03434827920997576 0.5804154467455362
55447561.53120994 812398691.5358303 4061993.457679151 0.011492090410097367 0.5919075371556336
55447561.53120994 812398691.5358303 4061993.457679151 0.008689187873001145 0.6005967250286347
55447561.53120994 812398691.5358303 4061993.457679151 0.010572599571197359 0.6111693245998321
55447561.53120994 812398691.5358303 4061993.457679151 0.009277057475701263 0.6204463820755334
55447561.53120994 812398691.5358303 4061993.457679151 0.002213753820710725 0.6226601358962441
55447561.53120994 812398691.5358303 4061993.457679151 0.02058539863376039 0.6432455345300045
55447561.53120994 812398691.5358303 4061993.457679151 0.009557924944025627 0.6528034594740302
55447561.53120994 812398691.5358303 4061993.457679151 2.5584248112873578e-08 0.6528034850582783
55447561.53120994 812398691.5358303 4061993.457679151 0.007667729594107523 0.6604712146523859
55447561.53120994 812398691.5358303 4061993.457679151 0.02626462132732144 0.6867358359797073
55447561.53120994 812398691.5358303 4061993.457679151 0.012135947927023372 0.6988717839067307
55447561.53120994 812398691.5358303 4061993.457679151 0.014423244127432025 0.7132950280341627
55447561.53120994 812398691.5358303 4061993.457679151 0.013903447311507581 0.7271984753456703
55447561.53120994 812398691.5358303 4061993.457679151 0.0058109935713877665 0.7330094689170581
55447561.53120994 812398691.5358303 4061993.457679151 0.0023054446543666037 0.7353149135714246
55447561.53120994 812398691.5358303 4061993.457679151 0.030929355905262444 0.7662442694766871
55447561.53120994 812398691.5358303 4061993.457679151 0.017438792933016964 0.7836830624097041
55447561.53120994 812398691.5358303 4061993.457679151 0.0023183300582402195 0.7860013924679443
55447561.53120994 812398691.5358303 4061993.457679151 0.007756372026236472 0.7937577644941808
55447561.53120994 812398691.5358303 4061993.457679151 0.020020964128570917 0.8137787286227517
55447561.53120994 812398691.5358303 4061993.457679151 0.01256575046981281 0.8263444790925645
55447561.53120994 812398691.5358303 4061993.457679151 0.02676584656615267 0.8531103256587171
55447561.53120994 812398691.5358303 4061993.457679151 0.00651684698435583 0.859627172643073
55447561.53120994 812398691.5358303 4061993.457679151 0.015328550660937109 0.8749557233040101
55447561.53120994 812398691.5358303 4061993.457679151 0.007837590171351447 0.8827933134753615
55447561.53120994 812398691.5358303 4061993.457679151 0.015337348501749611 0.8981306619771111
55447561.53120994 812398691.5358303 4061993.457679151 0.012818691653122811 0.9109493536302339
55447561.53120994 812398691.5358303 4061993.457679151 0.01627524468298327 0.9272245983132171
55447561.53120994 812398691.5358303 4061993.457679151 0.0017957761007405906 0.9290203744139577
55447561.53120994 812398691.5358303 4061993.457679151 0.0017316450959464714 0.9307520195099042
55447561.53120994 812398691.5358303 4061993.457679151 0.0073200325956358945 0.93807205210554
55447561.53120994 812398691.5358303 4061993.457679151 0.014462196517401285 0.9525342486229413
55447561.53120994 812398691.5358303 4061993.457679151 0.011736955021997397 0.9642712036449388
55447561.53120994 812398691.5358303 4061993.457679151 0.0020375812341657923 0.9663087848791045
55447561.53120994 812398691.5358303 4061993.457679151 0.019428768376419627 0.9857375532555241
55447561.53120994 812398691.5358303 4061993.457679151 0.0032754737608852447 0.9890130270164094
55447561.53120994 812398691.5358303 4061993.457679151 0.009928228478296015 0.9989412554947054
55447561.53120994 812398691.5358303 4061993.457679151 0.0009593513115176482 0.9999006068062231
55447561.53120994 812398691.5358303 4061993.457679151 9.939319377711599e-05 1.0000000000000002
1901's generation extracting best parents:
0
0
0
0
4403192.376039912
0
0
0
0
0
0
0
0
0
0
198947.33779570914
0
0
0
0
0
0
0
0
0
0
0
0
0
0
2022276.1187374983
0
0
0
0
2428752.4093361185
17608812.25926246
0
0
0
0
0
0
0
889164.7766302937
0
0
0
0
0
0
0
0
0
0
662600.935707157
0
0
0
0
0
0
0
0
456263.7519330239
0
0
168401.8895855982
0
0
0
0
0
0
0
0
0
0
0
0
0
0
8987742.194789523
0
0
0
0
16198752.545890933
3536238.353109134
0
0
0
0
0
0
0
0
0
16545114.446889512
0
7019758.537157813
0
0
4744119.322919271
728955.9346682074
12963918.155318322
2976952.952265118
1678292.8121349982
3831117.9282418336
0
2116251.875307852
4878968.907936184
2020937.2857246213
11295142.403706117
2375705.265810555
55447561.53120994
6513451.201760246
0
11773623.276530636
22067202.867378004
4292991.005814012
0
0
6235514.472439303
442726.64252335206
0
1168837.4531986902
183178.68871678278
14333102.390643554
12974268.278635215
145538.14994014456
3116225.655500577
6301266.485179626
8493907.829960953
2956107.640159269
182238.98366705186
4874371.154848183
0
13623983.335637487
12149584.799732376
0
6806145.693669509
13618516.82025675
23705931.74713873
2610798.516537038
4734976.0
5622474.008755932
6791442.291203835
3430261.6576582026
0
7296574.5387818795
1677253.0301609235
1532407.7032852583
0
3783526.7433102676
10656752.405869247
2020937.2857246213
12731102.879518963
17218799.319348603
613171.776219356
27904497.08669167
9336159.212174565
7059084.858535134
8589166.057773015
7536669.354562399
1798450.7073278378
16723550.914810408
7764845.718324093
0
6229253.489303514
21337344.0
9859228.216460759
11717424.656827625
11295142.403706117
4720843.573918543
1872940.2206157034
25126968.267481215
14167252.560747266
1883408.3058625394
6301266.485179626
16265005.061336808
10208399.239841672
21744538.728191223
5294277.963029898
12452894.500085993
6367248.0
12460041.85445041
10413888.32619824
13221987.484881084
1458886.154532971
1406786.2101513506
5946784.902694228
11749069.527470846
9535086.902485577
1655328.3285342518
15783906.007156024
2660990.5975031178
8065679.825036449
779375.75020012
0
