0 0 2 0 2.8284271247461903 0.0
1 6 123 144 1364.1359902883582 196435.58260152358
2 0 9 0 27.0 0.0
3 0 9 0 27.0 0.0
4 1 8 4 22.627416997969522 90.50966799187809
5 1 15 4 58.09475019311125 232.379000772445
6 2 35 16 207.06279240848656 3313.004678535785
7 1 53 4 5.196152422706632 20.784609690826528
8 0 50 0 1.0 0.0
9 3 58 36 441.7148401401067 15901.734245043841
10 1 24 4 117.57550765359255 470.3020306143702
11 1 10 4 31.622776601683793 126.49110640673517
12 0 50 0 1.0 0.0
13 26 342 2704 6324.68876704617 17101958.426092844
14 0 50 0 1.0 0.0
15 0 9 0 27.0 0.0
16 1 51 4 1.0 4.0
17 0 2 0 2.8284271247461903 0.0
18 1 30 4 164.31676725154983 657.2670690061993
19 2 27 16 140.29611541307906 2244.737846609265
20 22 424 1936 8730.694359556976 16902624.280102305
21 0 50 0 1.0 0.0
22 16 299 1024 5170.1933232713845 5294277.963029898
23 0 50 0 1.0 0.0
24 1 53 4 5.196152422706632 20.784609690826528
25 3 52 36 374.9773326482549 13499.183975337177
26 0 50 0 1.0 0.0
27 2 65 16 58.09475019311125 929.51600308978
28 1 15 4 58.09475019311125 232.379000772445
29 0 50 0 1.0 0.0
30 0 50 0 1.0 0.0
31 0 50 0 1.0 0.0
32 1 17 4 70.09279563550022 280.3711825420009
33 0 7 0 18.520259177452132 0.0
34 1 13 4 46.87216658103186 187.48866632412745
35 8 104 256 1060.5960588272992 271512.5910597886
36 0 50 0 1.0 0.0
37 1 57 4 18.520259177452132 74.08103670980853
38 2 58 16 22.627416997969522 362.03867196751236
39 3 88 36 234.2477321128211 8432.91835606156
40 0 50 0 1.0 0.0
41 2 54 16 8.0 128.0
42 0 50 0 1.0 0.0
43 0 2 0 2.8284271247461903 0.0
44 0 50 0 1.0 0.0
45 1 17 4 70.09279563550022 280.3711825420009
46 3 92 36 272.19110933313016 9798.879935992685
47 0 50 0 1.0 0.0
48 1 12 4 41.569219381653056 166.27687752661222
49 0 50 0 1.0 0.0
50 0 50 0 1.0 0.0
51 20 320 1600 5724.334022399462 9158934.435839139
52 1 13 4 46.87216658103186 187.48866632412745
53 0 2 0 2.8284271247461903 0.0
54 7 54 196 396.81733833087486 77776.19831285147
55 0 50 0 1.0 0.0
56 15 263 900 4265.143256679663 3838628.931011697
57 1 13 4 46.87216658103186 187.48866632412745
58 25 378 2500 7349.159951994514 18372899.879986286
59 11 115 484 1233.2376088978149 596887.0027065424
60 5 63 100 500.0469977912076 50004.69977912076
61 8 373 256 1364.1359902883582 349218.8135138197
62 3 55 36 407.8909167902615 14684.073004449414
63 0 50 0 1.0 0.0
64 1 54 4 8.0 32.0
65 0 50 0 1.0 0.0
66 9 100 324 1000.0 324000.0
67 6 316 144 536.1865347059734 77210.86099766017
68 0 50 0 1.0 0.0
69 2 37 16 225.06221362103412 3600.995417936546
70 8 131 256 1499.363531636007 383837.0640988178
71 21 273 1764 4510.7002782273175 7956875.290792988
72 1 7 4 18.520259177452132 74.08103670980853
73 9 391 324 1674.2822342723464 542467.4439042403
74 12 215 576 3152.518834202264 1815850.848500504
75 0 2 0 2.8284271247461903 0.0
76 0 2 0 2.8284271247461903 0.0
77 1 16 4 64.0 256.0
78 0 50 0 1.0 0.0
79 0 50 0 1.0 0.0
80 2 19 16 82.8190799272728 1325.1052788363647
81 0 50 0 1.0 0.0
82 0 9 0 27.0 0.0
83 0 50 0 1.0 0.0
84 0 50 0 1.0 0.0
85 0 50 0 1.0 0.0
86 1 53 4 5.196152422706632 20.784609690826528
87 1 43 4 281.96985654498604 1127.8794261799442
88 16 244 1024 3811.4018418424475 3902875.4860466663
89 0 2 0 2.8284271247461903 0.0
90 12 222 576 3307.7255025167974 1905249.8894496753
91 0 18 0 76.36753236814714 0.0
92 21 321 1764 5751.187790361222 10145095.262197196
93 15 243 900 3787.995116153135 3409195.6045378214
94 1 14 4 52.38320341483518 209.53281365934072
95 0 50 0 1.0 0.0
96 1 38 4 234.2477321128211 936.9909284512844
97 2 17 16 70.09279563550022 1121.4847301680036
98 2 47 16 322.21576621884907 5155.452259501585
99 0 50 0 1.0 0.0
100 2 33 16 189.57056733575496 3033.1290773720793
101 4 75 64 649.519052838329 41569.219381653056
102 19 273 1444 4510.7002782273175 6513451.201760246
103 13 169 676 2197.0 1485172.0
104 18 238 1296 3671.68517168888 4758503.982508789
105 11 142 484 1692.125290869444 818988.6407808108
106 14 241 784 3741.3261017986656 2933199.663810154
107 0 50 0 1.0 0.0
108 8 147 256 1782.2802809883747 456263.7519330239
109 17 273 1156 4510.7002782273175 5214369.521630779
110 15 479 900 3465.3988226465362 3118858.9403818827
111 5 79 100 702.1673589679315 70216.73589679315
112 17 299 1156 5170.1933232713845 5976743.4817017205
113 13 277 676 4610.198802654827 3116494.390594663
114 17 223 1156 3330.1001486441814 3849595.771832674
115 13 450 676 2828.42712474619 1912016.7363284247
116 24 409 2304 8271.513102208084 19057566.187487427
117 19 372 1444 7174.8761661787585 10360521.183962127
118 16 223 1024 3330.1001486441814 3410022.552211642
119 15 262 900 4240.840482734525 3816756.4344610726
120 20 335 1600 6131.506747937247 9810410.796699597
121 20 383 1600 7495.457757869095 11992732.412590552
122 2 23 16 110.30412503619254 1764.8660005790807
123 23 392 2116 7761.204030303546 16422707.728122303
124 4 112 64 1185.2965873569365 75858.98159084393
125 12 149 576 1818.7767867443217 1047615.4291647293
126 16 249 1024 3929.1537256768156 4023453.415093059
127 20 317 1600 5644.024539280459 9030439.262848735
128 14 223 784 3330.1001486441814 2610798.516537038
129 1 58 4 22.627416997969522 90.50966799187809
130 21 324 1764 5832.0 10287648.0
131 18 387 1296 7613.186126714622 9866689.22022215
132 17 271 1156 4461.2230385848225 5157173.832604054
133 12 276 576 4585.256372330778 2641107.670462528
134 22 312 1936 5511.018780588576 10669332.359219484
135 24 457 2304 9769.544155179401 22509029.73353334
136 10 203 400 2892.3047903013266 1156921.9161205306
137 26 394 2704 7820.676697064008 21147109.788861077
138 30 631 3600 15850.539139095554 57061940.90074399
139 13 189 676 2598.3204190399615 1756464.603271014
140 24 457 2304 9769.544155179401 22509029.73353334
141 26 504 2704 11314.771937604399 30595143.319282293
142 0 50 0 1.0 0.0
143 17 305 1156 5326.596004954759 6157544.981727702
144 7 102 196 1030.1495037129318 201909.30272773464
145 17 297 1156 5118.405318065384 5916876.547683584
146 25 351 2500 6575.982892313514 16439957.230783785
147 23 384 2116 7524.832489829923 15922545.548480118
148 19 329 1444 5967.519501434411 8617098.16007129
149 17 246 1156 3858.359236774098 4460263.277710857
150 22 350 1936 6547.900426854398 12676735.226390114
151 10 150 400 1837.1173070873836 734846.9228349534
152 17 285 1156 4811.353759598228 5561924.946095551
153 4 29 64 156.16977940690063 9994.86588204164
154 13 197 676 2765.0267629807854 1869158.091775011
155 12 259 576 4168.21052731265 2400889.2637320864
156 20 285 1600 4811.353759598228 7698166.015357165
157 27 478 2916 10450.614910138063 30473993.077962592
158 12 186 576 2536.7017956393693 1461140.2342882766
159 14 275 784 4560.359086738675 3575321.524003121
160 20 324 1600 5832.0 9331200.0
161 18 257 1296 4120.023422263519 5339550.35525352
162 16 268 1024 4387.349085723633 4492645.463781
163 18 247 1296 3881.9097104389225 5030954.984728844
164 18 265 1296 4313.8874579664225 5590798.145524483
165 14 231 784 3510.8960394748233 2752542.4949482614
166 22 331 1936 6022.017186956544 11658625.273947868
167 19 240 1444 3718.06401235912 5368884.43384657
168 19 298 1444 5144.277597486356 7428336.850770298
169 30 426 3600 8792.540929674426 31653147.34682793
170 22 255 1936 4072.0234527811845 7883437.404584373
171 20 274 1600 4535.5070278856365 7256811.244617019
172 24 379 2304 7378.3425645601465 16999701.268746577
173 27 421 2916 8638.197786575623 25188984.74565452
174 16 217 1024 3196.609610196403 3273328.2408411168
175 14 181 784 2435.1059525203414 1909123.0667759476
176 9 155 324 1929.7344376882536 625233.9578109941
177 13 223 676 3330.1001486441814 2251147.7004834665
178 29 465 3364 10027.194273574238 33731481.536303736
179 20 309 1600 5431.724311855306 8690758.89896849
180 20 363 1600 6916.078874622527 11065726.199396044
181 16 176 1024 2334.9038524102016 2390941.5448680464
182 17 329 1156 5967.519501434411 6898452.543658179
183 22 399 1936 7970.018757819834 15429956.315139199
184 23 344 2116 6380.249524901044 13500607.99469061
185 24 373 2304 7203.826552603831 16597616.377199227
186 23 363 2116 6916.078874622527 14634422.898701267
187 21 293 1764 5015.352131206741 8847081.159448693
188 21 307 1764 5379.074548656116 9488687.50382939
189 23 419 2116 8576.716096502203 18148331.26019866
190 11 191 484 2639.672517567283 1277601.498502565
191 14 218 784 3218.7314271308815 2523485.438870611
192 15 220 900 3263.127334322092 2936814.6008898825
193 30 475 3600 10352.3849909091 37268585.96727276
194 25 397 2500 7910.168961532996 19775422.40383249
195 25 408 2500 8241.196029703455 20602990.074258637
196 12 174 576 2295.2176367394877 1322045.3587619448
197 17 298 1156 5144.277597486356 5946784.902694228
198 18 290 1296 4938.522046118656 6400324.571769779
199 28 499 3136 11146.81564394065 34956413.85939788
2201's generation fitness ratios and roulette cutoffs:
57061940.90074399 1000694347.0383646 5003471.735191823 0.0 0.0
57061940.90074399 1000694347.0383646 5003471.735191823 0.00019629928277589502 0.00019629928277589502
57061940.90074399 1000694347.0383646 5003471.735191823 0.0 0.00019629928277589502
57061940.90074399 1000694347.0383646 5003471.735191823 0.0 0.00019629928277589502
57061940.90074399 1000694347.0383646 5003471.735191823 9.044686647800972e-08 0.00019638972964237304
57061940.90074399 1000694347.0383646 5003471.735191823 2.3221776105779886e-07 0.00019662194740343084
57061940.90074399 1000694347.0383646 5003471.735191823 3.310705899699432e-06 0.00019993265330313029
57061940.90074399 1000694347.0383646 5003471.735191823 2.077018797232167e-08 0.00019995342349110262
57061940.90074399 1000694347.0383646 5003471.735191823 0.0 0.00019995342349110262
57061940.90074399 1000694347.0383646 5003471.735191823 1.5890700584155693e-05 0.00021584412407525832
57061940.90074399 1000694347.0383646 5003471.735191823 4.6997570437593346e-07 0.00021631409977963424
57061940.90074399 1000694347.0383646 5003471.735191823 1.2640333862292294e-07 0.00021644050311825716
57061940.90074399 1000694347.0383646 5003471.735191823 0.0 0.00021644050311825716
57061940.90074399 1000694347.0383646 5003471.735191823 0.01709009197134716 0.017306532474465418
57061940.90074399 1000694347.0383646 5003471.735191823 0.0 0.017306532474465418
57061940.90074399 1000694347.0383646 5003471.735191823 0.0 0.017306532474465418
57061940.90074399 1000694347.0383646 5003471.735191823 3.997224538979681e-09 0.017306536471689955
57061940.90074399 1000694347.0383646 5003471.735191823 0.0 0.017306536471689955
57061940.90074399 1000694347.0383646 5003471.735191823 6.568110142237078e-07 0.017307193282704178
57061940.90074399 1000694347.0383646 5003471.735191823 2.2431803010107404e-06 0.017309436463005187
57061940.90074399 1000694347.0383646 5003471.735191823 0.016890896136394676 0.03420033259939986
57061940.90074399 1000694347.0383646 5003471.735191823 0.0 0.03420033259939986
57061940.90074399 1000694347.0383646 5003471.735191823 0.005290604447500617 0.03949093704690048
57061940.90074399 1000694347.0383646 5003471.735191823 0.0 0.03949093704690048
57061940.90074399 1000694347.0383646 5003471.735191823 2.077018797232167e-08 0.03949095781708845
57061940.90074399 1000694347.0383646 5003471.735191823 1.348981736060476e-05 0.03950444763444906
57061940.90074399 1000694347.0383646 5003471.735191823 0.0 0.03950444763444906
57061940.90074399 1000694347.0383646 5003471.735191823 9.288710442311954e-07 0.039505376505493295
57061940.90074399 1000694347.0383646 5003471.735191823 2.3221776105779886e-07 0.03950560872325435
57061940.90074399 1000694347.0383646 5003471.735191823 0.0 0.03950560872325435
57061940.90074399 1000694347.0383646 5003471.735191823 0.0 0.03950560872325435
57061940.90074399 1000694347.0383646 5003471.735191823 0.0 0.03950560872325435
57061940.90074399 1000694347.0383646 5003471.735191823 2.801766427199094e-07 0.03950588889989707
57061940.90074399 1000694347.0383646 5003471.735191823 0.0 0.03950588889989707
57061940.90074399 1000694347.0383646 5003471.735191823 1.873585744528439e-07 0.03950607625847152
57061940.90074399 1000694347.0383646 5003471.735191823 0.00027132419790653554 0.03977740045637806
57061940.90074399 1000694347.0383646 5003471.735191823 0.0 0.03977740045637806
57061940.90074399 1000694347.0383646 5003471.735191823 7.40296344523753e-08 0.03977747448601251
57061940.90074399 1000694347.0383646 5003471.735191823 3.617874659120389e-07 0.03977783627347842
57061940.90074399 1000694347.0383646 5003471.735191823 8.427067047015364e-06 0.03978626334052543
57061940.90074399 1000694347.0383646 5003471.735191823 0.0 0.03978626334052543
57061940.90074399 1000694347.0383646 5003471.735191823 1.279111852473498e-07 0.03978639125171068
57061940.90074399 1000694347.0383646 5003471.735191823 0.0 0.03978639125171068
57061940.90074399 1000694347.0383646 5003471.735191823 0.0 0.03978639125171068
57061940.90074399 1000694347.0383646 5003471.735191823 0.0 0.03978639125171068
57061940.90074399 1000694347.0383646 5003471.735191823 2.801766427199094e-07 0.0397866714283534
57061940.90074399 1000694347.0383646 5003471.735191823 9.792080833666402e-06 0.039796463509187065
57061940.90074399 1000694347.0383646 5003471.735191823 0.0 0.039796463509187065
57061940.90074399 1000694347.0383646 5003471.735191823 1.6616150377857336e-07 0.03979662967069084
57061940.90074399 1000694347.0383646 5003471.735191823 0.0 0.03979662967069084
57061940.90074399 1000694347.0383646 5003471.735191823 0.0 0.03979662967069084
57061940.90074399 1000694347.0383646 5003471.735191823 0.009152579369460557 0.048949209040151404
57061940.90074399 1000694347.0383646 5003471.735191823 1.873585744528439e-07 0.04894939639872586
57061940.90074399 1000694347.0383646 5003471.735191823 0.0 0.04894939639872586
57061940.90074399 1000694347.0383646 5003471.735191823 7.772223211116999e-05 0.04902711863083703
57061940.90074399 1000694347.0383646 5003471.735191823 0.0 0.04902711863083703
57061940.90074399 1000694347.0383646 5003471.735191823 0.003835965439769324 0.05286308407060635
57061940.90074399 1000694347.0383646 5003471.735191823 1.873585744528439e-07 0.052863271429180805
57061940.90074399 1000694347.0383646 5003471.735191823 0.018360151563124504 0.0712234229923053
57061940.90074399 1000694347.0383646 5003471.735191823 0.0005964728435541556 0.07181989583585946
57061940.90074399 1000694347.0383646 5003471.735191823 4.9970003255353334e-05 0.07186986583911481
57061940.90074399 1000694347.0383646 5003471.735191823 0.0003489765027127023 0.07221884234182752
57061940.90074399 1000694347.0383646 5003471.735191823 1.4673884236388572e-05 0.0722335162260639
57061940.90074399 1000694347.0383646 5003471.735191823 0.0 0.0722335162260639
57061940.90074399 1000694347.0383646 5003471.735191823 3.197779631183745e-08 0.07223354820386022
57061940.90074399 1000694347.0383646 5003471.735191823 0.0 0.07223354820386022
57061940.90074399 1000694347.0383646 5003471.735191823 0.00032377518765735417 0.07255732339151758
57061940.90074399 1000694347.0383646 5003471.735191823 7.715728706389911e-05 0.07263448067858147
57061940.90074399 1000694347.0383646 5003471.735191823 0.0 0.07263448067858147
57061940.90074399 1000694347.0383646 5003471.735191823 3.5984968123323383e-06 0.0726380791753938
57061940.90074399 1000694347.0383646 5003471.735191823 0.0003835707328964278 0.07302164990829023
57061940.90074399 1000694347.0383646 5003471.735191823 0.007951354291489703 0.08097300419977993
57061940.90074399 1000694347.0383646 5003471.735191823 7.40296344523753e-08 0.08097307822941438
57061940.90074399 1000694347.0383646 5003471.735191823 0.0005420910445929032 0.08151516927400729
57061940.90074399 1000694347.0383646 5003471.735191823 0.0018145908926883224 0.0833297601666956
57061940.90074399 1000694347.0383646 5003471.735191823 0.0 0.0833297601666956
57061940.90074399 1000694347.0383646 5003471.735191823 0.0 0.0833297601666956
57061940.90074399 1000694347.0383646 5003471.735191823 2.558223704946996e-07 0.0833300159890661
57061940.90074399 1000694347.0383646 5003471.735191823 0.0 0.0833300159890661
57061940.90074399 1000694347.0383646 5003471.735191823 0.0 0.0833300159890661
57061940.90074399 1000694347.0383646 5003471.735191823 1.3241858343240575e-06 0.08333134017490042
57061940.90074399 1000694347.0383646 5003471.735191823 0.0 0.08333134017490042
57061940.90074399 1000694347.0383646 5003471.735191823 0.0 0.08333134017490042
57061940.90074399 1000694347.0383646 5003471.735191823 0.0 0.08333134017490042
57061940.90074399 1000694347.0383646 5003471.735191823 0.0 0.08333134017490042
57061940.90074399 1000694347.0383646 5003471.735191823 0.0 0.08333134017490042
57061940.90074399 1000694347.0383646 5003471.735191823 2.077018797232167e-08 0.08333136094508839
57061940.90074399 1000694347.0383646 5003471.735191823 1.1270968298341987e-06 0.08333248804191823
57061940.90074399 1000694347.0383646 5003471.735191823 0.003900167416351996 0.08723265545827022
57061940.90074399 1000694347.0383646 5003471.735191823 0.0 0.08723265545827022
57061940.90074399 1000694347.0383646 5003471.735191823 0.0019039279027491416 0.08913658336101936
57061940.90074399 1000694347.0383646 5003471.735191823 0.0 0.08913658336101936
57061940.90074399 1000694347.0383646 5003471.735191823 0.010138055933085284 0.09927463929410464
57061940.90074399 1000694347.0383646 5003471.735191823 0.0034068300821600618 0.1026814693762647
57061940.90074399 1000694347.0383646 5003471.735191823 2.093874261201434e-07 0.10268167876369082
57061940.90074399 1000694347.0383646 5003471.735191823 0.0 0.10268167876369082
57061940.90074399 1000694347.0383646 5003471.735191823 9.363407830017072e-07 0.10268261510447382
57061940.90074399 1000694347.0383646 5003471.735191823 1.1207065708796376e-06 0.1026837358110447
57061940.90074399 1000694347.0383646 5003471.735191823 5.151875070304494e-06 0.102688887686115
57061940.90074399 1000694347.0383646 5003471.735191823 0.0 0.102688887686115
57061940.90074399 1000694347.0383646 5003471.735191823 3.0310244944911186e-06 0.1026919187106095
57061940.90074399 1000694347.0383646 5003471.735191823 4.154037594464334e-05 0.10273345908655414
57061940.90074399 1000694347.0383646 5003471.735191823 0.006508931744280687 0.10924239083083483
57061940.90074399 1000694347.0383646 5003471.735191823 0.0014841414907513827 0.1107265323215862
57061940.90074399 1000694347.0383646 5003471.735191823 0.004755202221929167 0.11548173454351537
57061940.90074399 1000694347.0383646 5003471.735191823 0.0008184203730186681 0.11630015491653405
57061940.90074399 1000694347.0383646 5003471.735191823 0.0029311644184772247 0.11923131933501127
57061940.90074399 1000694347.0383646 5003471.735191823 0.0 0.11923131933501127
57061940.90074399 1000694347.0383646 5003471.735191823 0.0004559471663684053 0.11968726650137967
57061940.90074399 1000694347.0383646 5003471.735191823 0.0052107514517925725 0.12489801795317225
57061940.90074399 1000694347.0383646 5003471.735191823 0.003116694872527657 0.1280147128256999
57061940.90074399 1000694347.0383646 5003471.735191823 7.016801494342925e-05 0.12808488084064332
57061940.90074399 1000694347.0383646 5003471.735191823 0.005972596427061243 0.13405747726770456
57061940.90074399 1000694347.0383646 5003471.735191823 0.0031143319634193787 0.13717180923112393
57061940.90074399 1000694347.0383646 5003471.735191823 0.003846924671080497 0.14101873390220443
57061940.90074399 1000694347.0383646 5003471.735191823 0.0019106900543479554 0.1429294239565524
57061940.90074399 1000694347.0383646 5003471.735191823 0.019044342804463547 0.16197376676101594
57061940.90074399 1000694347.0383646 5003471.735191823 0.010353332378288059 0.172327099139304
57061940.90074399 1000694347.0383646 5003471.735191823 0.0034076564560436237 0.17573475559534762
57061940.90074399 1000694347.0383646 5003471.735191823 0.003814108119784098 0.17954886371513173
57061940.90074399 1000694347.0383646 5003471.735191823 0.009803603693509707 0.18935246740864145
57061940.90074399 1000694347.0383646 5003471.735191823 0.011984411072255986 0.20133687848089743
57061940.90074399 1000694347.0383646 5003471.735191823 1.7636414213814072e-06 0.2013386421223188
57061940.90074399 1000694347.0383646 5003471.735191823 0.016411312581835428 0.21774995470415423
57061940.90074399 1000694347.0383646 5003471.735191823 7.580634567923231e-05 0.21782576104983345
57061940.90074399 1000694347.0383646 5003471.735191823 0.0010468885252177464 0.2188726495750512
57061940.90074399 1000694347.0383646 5003471.735191823 0.004020661680562894 0.2228933112556141
57061940.90074399 1000694347.0383646 5003471.735191823 0.009024173354806136 0.23191748461042022
57061940.90074399 1000694347.0383646 5003471.735191823 0.002608986974158399 0.23452647158457862
57061940.90074399 1000694347.0383646 5003471.735191823 9.044686647800972e-08 0.2345265620314451
57061940.90074399 1000694347.0383646 5003471.735191823 0.01028050975849631 0.2448070717899414
57061940.90074399 1000694347.0383646 5003471.735191823 0.009859843067389568 0.25466691485733095
57061940.90074399 1000694347.0383646 5003471.735191823 0.005153595448867204 0.2598205103061981
57061940.90074399 1000694347.0383646 5003471.735191823 0.002639275097615069 0.2624597854038132
57061940.90074399 1000694347.0383646 5003471.735191823 0.010661929280200523 0.27312171468401375
57061940.90074399 1000694347.0383646 5003471.735191823 0.022493411499875684 0.2956151261838894
57061940.90074399 1000694347.0383646 5003471.735191823 0.0011561191682000942 0.2967712453520895
57061940.90074399 1000694347.0383646 5003471.735191823 0.02113243654413323 0.3179036818962227
57061940.90074399 1000694347.0383646 5003471.735191823 0.05702234760256555 0.3749260294987882
57061940.90074399 1000694347.0383646 5003471.735191823 0.001755245853511027 0.3766812753522992
57061940.90074399 1000694347.0383646 5003471.735191823 0.022493411499875684 0.3991746868521749
57061940.90074399 1000694347.0383646 5003471.735191823 0.030573914412358856 0.42974860126453374
57061940.90074399 1000694347.0383646 5003471.735191823 0.0 0.42974860126453374
57061940.90074399 1000694347.0383646 5003471.735191823 0.00615327247520829 0.43590187373974204
57061940.90074399 1000694347.0383646 5003471.735191823 0.0002017692048778945 0.43610364294461995
57061940.90074399 1000694347.0383646 5003471.735191823 0.00591277103262855 0.4420164139772485
57061940.90074399 1000694347.0383646 5003471.735191823 0.016428550115666348 0.45844496409291485
57061940.90074399 1000694347.0383646 5003471.735191823 0.015911497447351604 0.47435646154026645
57061940.90074399 1000694347.0383646 5003471.735191823 0.008611119055058404 0.48296758059532485
57061940.90074399 1000694347.0383646 5003471.735191823 0.004457168455993945 0.4874247490513188
57061940.90074399 1000694347.0383646 5003471.735191823 0.012667939280268676 0.5000926883315875
57061940.90074399 1000694347.0383646 5003471.735191823 0.0007343370380873959 0.5008270253696749
57061940.90074399 1000694347.0383646 5003471.735191823 0.005558065719624094 0.5063850910892991
57061940.90074399 1000694347.0383646 5003471.735191823 9.98793079187691e-06 0.506395079020091
57061940.90074399 1000694347.0383646 5003471.735191823 0.0018678611479188772 0.5082629401680099
57061940.90074399 1000694347.0383646 5003471.735191823 0.002399223370090689 0.5106621635381006
57061940.90074399 1000694347.0383646 5003471.735191823 0.007692824525431272 0.5183549880635319
57061940.90074399 1000694347.0383646 5003471.735191823 0.030452848232982253 0.5488078362965141
57061940.90074399 1000694347.0383646 5003471.735191823 0.001460126399846905 0.550267962696361
57061940.90074399 1000694347.0383646 5003471.735191823 0.0035728407326218767 0.5538408034289829
57061940.90074399 1000694347.0383646 5003471.735191823 0.0093247254045318 0.5631655288335147
57061940.90074399 1000694347.0383646 5003471.735191823 0.005335845426784261 0.5685013742602989
57061940.90074399 1000694347.0383646 5003471.735191823 0.004489528173190291 0.5729909024334892
57061940.90074399 1000694347.0383646 5003471.735191823 0.0050274641798650705 0.5780183666133543
57061940.90074399 1000694347.0383646 5003471.735191823 0.005586918884943139 0.5836052854982974
57061940.90074399 1000694347.0383646 5003471.735191823 0.0027506326013478862 0.5863559180996453
57061940.90074399 1000694347.0383646 5003471.735191823 0.011650535758948281 0.5980064538585935
57061940.90074399 1000694347.0383646 5003471.735191823 0.005365159151479385 0.6033716130100729
57061940.90074399 1000694347.0383646 5003471.735191823 0.00742318258592652 0.6107947955959995
57061940.90074399 1000694347.0383646 5003471.735191823 0.03163118432767005 0.6424259799236696
57061940.90074399 1000694347.0383646 5003471.735191823 0.007877967361278736 0.6503039472849483
57061940.90074399 1000694347.0383646 5003471.735191823 0.007251775995431707 0.65755572328038
57061940.90074399 1000694347.0383646 5003471.735191823 0.01698790576668946 0.6745436290470694
57061940.90074399 1000694347.0383646 5003471.735191823 0.025171506984328774 0.6997151360313982
57061940.90074399 1000694347.0383646 5003471.735191823 0.003271056992106326 0.7029861930235045
57061940.90074399 1000694347.0383646 5003471.735191823 0.0019077983926122405 0.7048939914161167
57061940.90074399 1000694347.0383646 5003471.735191823 0.0006248001296913731 0.7055187915458081
57061940.90074399 1000694347.0383646 5003471.735191823 0.0022495857073100483 0.7077683772531181
57061940.90074399 1000694347.0383646 5003471.735191823 0.03370807643326333 0.7414764536863815
57061940.90074399 1000694347.0383646 5003471.735191823 0.00868472868332822 0.7501611823697097
57061940.90074399 1000694347.0383646 5003471.735191823 0.011058048076464056 0.7612192304461738
57061940.90074399 1000694347.0383646 5003471.735191823 0.002389282553603136 0.763608512999777
57061940.90074399 1000694347.0383646 5003471.735191823 0.006893665947124318 0.7705021789469013
57061940.90074399 1000694347.0383646 5003471.735191823 0.015419250004564724 0.785921428951466
57061940.90074399 1000694347.0383646 5003471.735191823 0.013491240391880642 0.7994126693433466
57061940.90074399 1000694347.0383646 5003471.735191823 0.016586099867877947 0.8159987692112246
57061940.90074399 1000694347.0383646 5003471.735191823 0.014624268581123714 0.8306230377923484
57061940.90074399 1000694347.0383646 5003471.735191823 0.008840942477223281 0.8394639802695717
57061940.90074399 1000694347.0383646 5003471.735191823 0.009482103633254173 0.8489460839028259
57061940.90074399 1000694347.0383646 5003471.735191823 0.01813573876369953 0.8670818226665254
57061940.90074399 1000694347.0383646 5003471.735191823 0.0012767150152129163 0.8683585376817383
57061940.90074399 1000694347.0383646 5003471.735191823 0.0025217344800028793 0.8708802721617412
57061940.90074399 1000694347.0383646 5003471.735191823 0.002934776847277714 0.873815049009019
57061940.90074399 1000694347.0383646 5003471.735191823 0.037242726590364116 0.9110577755993831
57061940.90074399 1000694347.0383646 5003471.735191823 0.019761700925321948 0.930819476524705
57061940.90074399 1000694347.0383646 5003471.735191823 0.020588694375295355 0.9514081709000003
57061940.90074399 1000694347.0383646 5003471.735191823 0.0013211280374218605 0.9527292989374222
57061940.90074399 1000694347.0383646 5003471.735191823 0.005942658635270816 0.958671957572693
57061940.90074399 1000694347.0383646 5003471.735191823 0.006395883608928194 0.9650678411816211
57061940.90074399 1000694347.0383646 5003471.735191823 0.034932158818378654 0.9999999999999998
2201's generation extracting best parents:
0
0
0
0
0
0
0
0
0
0
0
0
0
17101958.426092844
0
0
0
0
0
0
16902624.280102305
0
5294277.963029898
0
0
0
0
0
0
0
0
0
0
0
0
0
0
0
0
0
0
0
0
0
0
0
0
0
0
0
0
9158934.435839139
0
0
0
0
3838628.931011697
0
18372899.879986286
0
0
0
0
0
0
0
0
0
0
0
0
7956875.290792988
0
0
1815850.848500504
0
0
0
0
0
0
0
0
0
0
0
0
0
3902875.4860466663
0
1905249.8894496753
0
10145095.262197196
3409195.6045378214
0
0
0
0
0
0
0
0
6513451.201760246
1485172.0
4758503.982508789
818988.6407808108
2933199.663810154
0
0
5214369.521630779
3118858.9403818827
0
5976743.4817017205
3116494.390594663
3849595.771832674
1912016.7363284247
19057566.187487427
10360521.183962127
3410022.552211642
3816756.4344610726
9810410.796699597
11992732.412590552
0
16422707.728122303
0
1047615.4291647293
4023453.415093059
9030439.262848735
2610798.516537038
0
10287648.0
9866689.22022215
5157173.832604054
2641107.670462528
10669332.359219484
22509029.73353334
1156921.9161205306
21147109.788861077
57061940.90074399
1756464.603271014
22509029.73353334
30595143.319282293
0
6157544.981727702
0
5916876.547683584
16439957.230783785
15922545.548480118
8617098.16007129
4460263.277710857
12676735.226390114
734846.9228349534
5561924.946095551
0
1869158.091775011
2400889.2637320864
7698166.015357165
30473993.077962592
1461140.2342882766
3575321.524003121
9331200.0
5339550.35525352
4492645.463781
5030954.984728844
5590798.145524483
2752542.4949482614
11658625.273947868
5368884.43384657
7428336.850770298
31653147.34682793
7883437.404584373
7256811.244617019
16999701.268746577
25188984.74565452
3273328.2408411168
1909123.0667759476
0
2251147.7004834665
33731481.536303736
8690758.89896849
11065726.199396044
2390941.5448680464
6898452.543658179
15429956.315139199
13500607.99469061
16597616.377199227
14634422.898701267
8847081.159448693
9488687.50382939
18148331.26019866
1277601.498502565
2523485.438870611
2936814.6008898825
37268585.96727276
19775422.40383249
20602990.074258637
1322045.3587619448
5946784.902694228
6400324.571769779
34956413.85939788
