0 0 50 0 1.0 0.0
1 2 24 16 117.57550765359255 1881.2081224574808
2 19 288 1444 4887.522071561417 7057581.871334686
3 1 50 4 353.5533905932738 1414.213562373095
4 0 50 0 1.0 0.0
5 18 272 1296 4485.938920672014 5813776.84119093
6 0 50 0 1.0 0.0
7 0 5 0 11.180339887498949 0.0
8 1 10 4 31.622776601683793 126.49110640673517
9 19 506 1444 4096.0 5914624.0
10 0 50 0 1.0 0.0
11 0 50 0 1.0 0.0
12 20 308 1600 5405.378062633547 8648604.900213676
13 1 53 4 5.196152422706632 20.784609690826528
14 27 465 2916 10027.194273574238 29239298.50174248
15 0 2 0 2.8284271247461903 0.0
16 0 50 0 1.0 0.0
17 5 132 100 742.5415813272682 74254.15813272682
18 2 69 16 82.8190799272728 1325.1052788363647
19 10 109 400 1137.99340947125 455197.3637885
20 2 59 16 27.0 432.0
21 0 50 0 1.0 0.0
22 1 12 4 41.569219381653056 166.27687752661222
23 0 50 0 1.0 0.0
24 0 5 0 11.180339887498949 0.0
25 3 81 36 729.0 26244.0
26 4 54 64 396.81733833087486 25396.30965317599
27 16 288 1024 4887.522071561417 5004822.601278891
28 0 50 0 1.0 0.0
29 1 57 4 18.520259177452132 74.08103670980853
30 5 99 100 343.0 34300.0
31 22 223 1936 3330.1001486441814 6447073.887775135
32 1 54 4 8.0 32.0
33 19 378 1444 7349.159951994514 10612186.970680078
34 0 50 0 1.0 0.0
35 0 50 0 1.0 0.0
36 1 6 4 14.696938456699069 58.787753826796276
37 24 269 2304 3064.9520387764633 7061649.497340972
38 0 50 0 1.0 0.0
39 14 244 784 3811.4018418424475 2988139.044004479
40 2 25 16 125.0 2000.0
41 14 189 784 2598.3204190399615 2037083.2085273298
42 2 26 16 132.5745073534124 2121.1921176545984
43 1 31 4 172.60069524773067 690.4027809909227
44 0 6 0 14.696938456699069 0.0
45 0 6 0 14.696938456699069 0.0
46 18 258 1296 4144.093628285925 5370745.342258559
47 3 65 36 524.0467536394058 18865.68313101861
48 1 55 4 11.180339887498949 44.721359549995796
49 1 53 4 5.196152422706632 20.784609690826528
50 6 96 144 940.6040612287404 135446.9848169386
51 0 50 0 1.0 0.0
52 0 50 0 1.0 0.0
53 17 279 1156 4660.218771688728 5387212.90007217
54 14 216 784 3174.538706646999 2488838.346011247
55 2 21 16 96.23408959407264 1539.7454335051623
56 1 3 4 5.196152422706632 20.784609690826528
57 1 58 4 22.627416997969522 90.50966799187809
58 0 50 0 1.0 0.0
59 3 67 36 548.4186357154541 19743.070885756348
60 0 5 0 11.180339887498949 0.0
61 0 50 0 1.0 0.0
62 0 50 0 1.0 0.0
63 0 13 0 46.87216658103186 0.0
64 0 50 0 1.0 0.0
65 0 50 0 1.0 0.0
66 1 36 4 216.0 864.0
67 3 93 36 281.96985654498604 10150.914835619498
68 0 50 0 1.0 0.0
69 0 50 0 1.0 0.0
70 7 111 196 1169.4575665666541 229213.6830470642
71 0 50 0 1.0 0.0
72 1 34 4 198.25236442474022 793.0094576989609
73 26 433 2704 9010.146336214524 24363435.693124074
74 19 195 1444 2723.0268085349435 3932050.7115244586
75 7 87 196 811.4819776187269 159050.46761327048
76 2 28 16 148.16207341961706 2370.593174713873
77 1 51 4 1.0 4.0
78 1 15 4 58.09475019311125 232.379000772445
79 9 165 324 2119.4633754797464 686706.1336554379
80 0 50 0 1.0 0.0
81 18 250 1296 3952.847075210474 5122889.809472774
82 0 50 0 1.0 0.0
83 26 351 2704 6575.982892313514 17781457.74081574
84 4 64 64 512.0 32768.0
85 2 58 16 22.627416997969522 362.03867196751236
86 9 102 324 1030.1495037129318 333768.4392029899
87 25 330 2500 5994.747701113033 14986869.252782583
88 0 50 0 1.0 0.0
89 1 9 4 27.0 108.0
90 0 50 0 1.0 0.0
91 3 50 36 353.5533905932738 12727.922061357856
92 0 50 0 1.0 0.0
93 2 103 16 385.84582413186746 6173.533186109879
94 20 295 1600 5066.791391008712 8106866.225613939
95 16 202 1024 2870.959421517483 2939862.4476339025
96 0 2 0 2.8284271247461903 0.0
97 3 25 36 125.0 4500.0
98 0 50 0 1.0 0.0
99 1 55 4 11.180339887498949 44.721359549995796
100 14 262 784 4240.840482734525 3324818.9384638676
101 25 374 2500 7232.8157725743295 18082039.431435823
102 14 242 784 3764.636503037179 2951475.018381148
103 0 2 0 2.8284271247461903 0.0
104 29 401 3364 8030.018742194815 27012983.048743356
105 21 369 1764 7088.258530838163 12503688.048398519
106 23 330 2116 5994.747701113033 12684886.135555178
107 26 406 2704 8180.673321921613 22120540.66247604
108 19 299 1444 5170.1933232713845 7465759.158803879
109 9 143 324 1710.0312862634999 554050.136749374
110 13 164 676 2100.2247498779743 1419751.9309175105
111 27 371 2916 7145.964665459801 20837632.96448078
112 15 197 900 2765.0267629807854 2488524.086682707
113 30 477 3600 10417.837251560422 37504214.10561752
114 29 343 3364 6352.448897866082 21369638.0924215
115 23 413 2116 8393.15179178835 17759909.19142415
116 15 470 900 3263.127334322092 2936814.6008898825
117 26 322 2704 5778.083419266288 15623937.565696042
118 19 247 1444 3881.9097104389225 5605477.621873804
119 4 51 64 364.21284985568536 23309.622390763863
120 28 454 3136 9673.503191708782 30336106.00919874
121 19 312 1444 5511.018780588576 7957911.119169904
122 24 418 2304 8546.030189509045 19690053.55662884
123 12 384 576 1551.1621449738902 893469.3955049608
124 22 394 1936 7820.676697064008 15140830.08551592
125 23 390 2116 7701.882886671285 16297184.18819644
126 28 331 3136 6022.017186956544 18885045.898295723
127 24 333 2304 6076.6797677679215 14000670.18493729
128 22 323 1936 5805.020844062491 11238520.354104983
129 27 308 2916 5405.378062633547 15762082.430639423
130 26 387 2704 7613.186126714622 20586055.286636338
131 14 220 784 3263.127334322092 2558291.83010852
132 17 194 1156 2702.1073257737194 3123636.0685944194
133 0 50 0 1.0 0.0
134 25 424 2500 8730.694359556976 21826735.89889244
135 15 208 900 2999.818661186039 2699836.795067435
136 11 221 484 3285.4011931573896 1590134.1774881766
137 14 184 784 2495.8974337900986 1956783.5880914372
138 18 306 1296 5352.813839467985 6937246.735950509
139 17 275 1156 4560.359086738675 5271775.104269908
140 28 525 3136 12029.26119925908 37723763.12087647
141 17 276 1156 4585.256372330778 5300556.366414379
142 18 298 1296 5144.277597486356 6666983.766342318
143 15 221 900 3285.4011931573896 2956861.0738416505
144 19 266 1444 4338.328710459824 6264546.657903986
145 23 336 2116 6158.981734020649 13032405.349187693
146 3 23 36 110.30412503619254 3970.9485013029316
147 30 359 3600 6802.0790204172135 24487484.47350197
148 23 360 2116 6830.519745963699 14453379.782459188
149 20 250 1600 3952.847075210474 6324555.320336758
150 18 263 1296 4265.143256679663 5527625.660656843
151 10 148 400 1800.497708968273 720199.0835873092
152 18 259 1296 4168.21052731265 5402000.8433971945
153 0 50 0 1.0 0.0
154 20 249 1600 3929.1537256768156 6286645.961082905
155 18 307 1296 5379.074548656116 6971280.615058327
156 22 312 1936 5511.018780588576 10669332.359219484
157 24 410 2304 8301.8672598398 19127502.1666709
158 29 471 3364 10221.893709093241 34386450.437389664
159 21 428 1764 8854.532850467041 15619395.948223861
160 28 420 3136 8607.438643406063 26992927.585721415
161 28 307 3136 5379.074548656116 16868777.78458558
162 16 209 1024 3021.4779496134006 3093993.420404122
163 29 465 3364 10027.194273574238 33731481.536303736
164 29 446 3364 9418.945588546523 31685332.959870502
165 29 475 3364 10352.3849909091 34825423.10941821
166 32 441 4096 9261.0 37933056.0
167 20 360 1600 6830.519745963699 10928831.593541918
168 29 490 3364 10846.61237437754 36488004.027406044
169 22 319 1936 5697.522180737868 11030402.941908514
170 18 290 1296 4938.522046118656 6400324.571769779
171 24 331 2304 6022.017186956544 13874727.598747877
172 16 252 1024 4000.375982329661 4096385.005905573
173 22 333 1936 6076.6797677679215 11764452.030398697
174 15 247 900 3881.9097104389225 3493718.7393950303
175 26 407 2704 8210.91608774563 22202317.101264186
176 27 405 2916 8150.467777986733 23766764.040609315
177 26 333 2704 6076.6797677679215 16431342.09204446
178 24 445 2304 9387.285283829398 21628305.293942936
179 27 475 2916 10352.3849909091 30187554.63349094
180 22 357 1936 6745.316375085753 13058932.502166018
181 19 320 1444 5724.334022399462 8265938.328344823
182 22 284 1936 4786.053071164171 9265798.745773835
183 21 357 1764 6745.316375085753 11898738.085651267
184 21 350 1764 6547.900426854398 11550496.352971157
185 12 209 576 3021.4779496134006 1740371.2989773187
186 19 324 1444 5832.0 8421408.0
187 20 284 1600 4786.053071164171 7657684.9138626745
188 13 150 676 1837.1173070873836 1241891.2995910712
189 18 243 1296 3787.995116153135 4909241.670534463
190 32 611 4096 15102.951069244713 61861687.579626344
191 23 333 2116 6076.6797677679215 12858254.388596922
192 20 277 1600 4610.198802654827 7376318.084247723
193 19 330 1444 5994.747701113033 8656415.68040722
194 25 392 2500 7761.204030303546 19403010.075758863
195 17 246 1156 3858.359236774098 4460263.277710857
196 16 231 1024 3510.8960394748233 3595157.544422219
197 29 493 3364 10946.376432409037 36823610.318624
198 27 512 2916 11585.237502960395 33782552.558632515
199 19 320 1444 5724.334022399462 8265938.328344823
3101's generation fitness ratios and roulette cutoffs:
61861687.579626344 1527051004.3923178 7635255.021961588 0.0 0.0
61861687.579626344 1527051004.3923178 7635255.021961588 1.2319222586845408e-06 1.2319222586845408e-06
61861687.579626344 1527051004.3923178 7635255.021961588 0.00462170670857403 0.004622938630832714
61861687.579626344 1527051004.3923178 7635255.021961588 9.261076141565253e-07 0.004623864738446871
61861687.579626344 1527051004.3923178 7635255.021961588 0.0 0.004623864738446871
61861687.579626344 1527051004.3923178 7635255.021961588 0.0038071923101903812 0.008431057048637253
61861687.579626344 1527051004.3923178 7635255.021961588 0.0 0.008431057048637253
61861687.579626344 1527051004.3923178 7635255.021961588 0.0 0.008431057048637253
61861687.579626344 1527051004.3923178 7635255.021961588 8.283358318936549e-08 0.008431139882220441
61861687.579626344 1527051004.3923178 7635255.021961588 0.00387323277545251 0.012304372657672952
61861687.579626344 1527051004.3923178 7635255.021961588 0.0 0.012304372657672952
61861687.579626344 1527051004.3923178 7635255.021961588 0.0 0.012304372657672952
61861687.579626344 1527051004.3923178 7635255.021961588 0.005663599234955053 0.017967971892628005
61861687.579626344 1527051004.3923178 7635255.021961588 1.361094660953886e-08 0.017967985503574615
61861687.579626344 1527051004.3923178 7635255.021961588 0.019147558541031253 0.03711554404460587
61861687.579626344 1527051004.3923178 7635255.021961588 0.0 0.03711554404460587
61861687.579626344 1527051004.3923178 7635255.021961588 0.0 0.03711554404460587
61861687.579626344 1527051004.3923178 7635255.021961588 4.86258533075494e-05 0.037164169897913414
61861687.579626344 1527051004.3923178 7635255.021961588 8.677544332343265e-07 0.03716503765234665
61861687.579626344 1527051004.3923178 7635255.021961588 0.00029808916825908085 0.03746312682060573
61861687.579626344 1527051004.3923178 7635255.021961588 2.8289821280194385e-07 0.03746340971881853
61861687.579626344 1527051004.3923178 7635255.021961588 0.0 0.03746340971881853
61861687.579626344 1527051004.3923178 7635255.021961588 1.0888757287631088e-07 0.037463518606391404
61861687.579626344 1527051004.3923178 7635255.021961588 0.0 0.037463518606391404
61861687.579626344 1527051004.3923178 7635255.021961588 0.0 0.037463518606391404
61861687.579626344 1527051004.3923178 7635255.021961588 1.7186066427718087e-05 0.03748070467281912
61861687.579626344 1527051004.3923178 7635255.021961588 1.6630950492241302e-05 0.03749733562331137
61861687.579626344 1527051004.3923178 7635255.021961588 0.0032774429844735506 0.04077477860778492
61861687.579626344 1527051004.3923178 7635255.021961588 0.0 0.04077477860778492
61861687.579626344 1527051004.3923178 7635255.021961588 4.851248353638895e-08 0.040774827120268455
61861687.579626344 1527051004.3923178 7635255.021961588 2.246159421089508e-05 0.04079728871447935
61861687.579626344 1527051004.3923178 7635255.021961588 0.004221911297809411 0.04501920001228876
61861687.579626344 1527051004.3923178 7635255.021961588 2.095542317051436e-08 0.04501922096771193
61861687.579626344 1527051004.3923178 7635255.021961588 0.006949464647975622 0.05196868561568755
61861687.579626344 1527051004.3923178 7635255.021961588 0.0 0.05196868561568755
61861687.579626344 1527051004.3923178 7635255.021961588 0.0 0.05196868561568755
61861687.579626344 1527051004.3923178 7635255.021961588 3.84975705838919e-08 0.05196872411325813
61861687.579626344 1527051004.3923178 7635255.021961588 0.00462437042183219 0.05659309453509032
61861687.579626344 1527051004.3923178 7635255.021961588 0.0 0.05659309453509032
61861687.579626344 1527051004.3923178 7635255.021961588 0.001956803692482815 0.05854989822757314
61861687.579626344 1527051004.3923178 7635255.021961588 1.3097139481571474e-06 0.05855120794152129
61861687.579626344 1527051004.3923178 7635255.021961588 0.0013339981458824794 0.059885206087403775
61861687.579626344 1527051004.3923178 7635255.021961588 1.3890774516066122e-06 0.05988659516485538
61861687.579626344 1527051004.3923178 7635255.021961588 4.5211507605514786e-07 0.05988704727993144
61861687.579626344 1527051004.3923178 7635255.021961588 0.0 0.05988704727993144
61861687.579626344 1527051004.3923178 7635255.021961588 0.0 0.05988704727993144
61861687.579626344 1527051004.3923178 7635255.021961588 0.0035170700433780335 0.06340411732330947
61861687.579626344 1527051004.3923178 7635255.021961588 1.235432416910404e-05 0.06341647164747857
61861687.579626344 1527051004.3923178 7635255.021961588 2.9286094191590172e-08 0.06341650093357276
61861687.579626344 1527051004.3923178 7635255.021961588 1.361094660953886e-08 0.06341651454451937
61861687.579626344 1527051004.3923178 7635255.021961588 8.869840262528693e-05 0.06350521294714466
61861687.579626344 1527051004.3923178 7635255.021961588 0.0 0.06350521294714466
61861687.579626344 1527051004.3923178 7635255.021961588 0.0 0.06350521294714466
61861687.579626344 1527051004.3923178 7635255.021961588 0.0035278539384583194 0.06703306688560298
61861687.579626344 1527051004.3923178 7635255.021961588 0.0016298331482396476 0.06866290003384264
61861687.579626344 1527051004.3923178 7635255.021961588 1.0083130354364923e-06 0.06866390834687808
61861687.579626344 1527051004.3923178 7635255.021961588 1.361094660953886e-08 0.06866392195782468
61861687.579626344 1527051004.3923178 7635255.021961588 5.927088730601762e-08 0.06866398122871199
61861687.579626344 1527051004.3923178 7635255.021961588 0.0 0.06866398122871199
61861687.579626344 1527051004.3923178 7635255.021961588 1.2928887659265188e-05 0.06867691011637125
61861687.579626344 1527051004.3923178 7635255.021961588 0.0 0.06867691011637125
61861687.579626344 1527051004.3923178 7635255.021961588 0.0 0.06867691011637125
61861687.579626344 1527051004.3923178 7635255.021961588 0.0 0.06867691011637125
61861687.579626344 1527051004.3923178 7635255.021961588 0.0 0.06867691011637125
61861687.579626344 1527051004.3923178 7635255.021961588 0.0 0.06867691011637125
61861687.579626344 1527051004.3923178 7635255.021961588 0.0 0.06867691011637125
61861687.579626344 1527051004.3923178 7635255.021961588 5.657964256038877e-07 0.06867747591279685
61861687.579626344 1527051004.3923178 7635255.021961588 6.647397373383087e-06 0.06868412331017024
61861687.579626344 1527051004.3923178 7635255.021961588 0.0 0.06868412331017024
61861687.579626344 1527051004.3923178 7635255.021961588 0.0 0.06868412331017024
61861687.579626344 1527051004.3923178 7635255.021961588 0.00015010217889760573 0.06883422548906784
61861687.579626344 1527051004.3923178 7635255.021961588 0.0 0.06883422548906784
61861687.579626344 1527051004.3923178 7635255.021961588 5.193077738844322e-07 0.06883474479684172
61861687.579626344 1527051004.3923178 7635255.021961588 0.01595456577615715 0.08478931057299888
61861687.579626344 1527051004.3923178 7635255.021961588 0.0025749308308724095 0.08736424140387129
61861687.579626344 1527051004.3923178 7635255.021961588 0.00010415530794700849 0.0874683967118183
61861687.579626344 1527051004.3923178 7635255.021961588 1.5523994731644464e-06 0.08746994911129147
61861687.579626344 1527051004.3923178 7635255.021961588 2.619427896314295e-09 0.08746995173071936
61861687.579626344 1527051004.3923178 7635255.021961588 1.521750092852459e-07 0.08747010390572865
61861687.579626344 1527051004.3923178 7635255.021961588 0.00044969430076679666 0.08791979820649545
61861687.579626344 1527051004.3923178 7635255.021961588 0.0 0.08791979820649545
61861687.579626344 1527051004.3923178 7635255.021961588 0.003354760119169302 0.09127455832566475
61861687.579626344 1527051004.3923178 7635255.021961588 0.0 0.09127455832566475
61861687.579626344 1527051004.3923178 7635255.021961588 0.011644311610856627 0.10291886993652138
61861687.579626344 1527051004.3923178 7635255.021961588 2.1458353326606705e-05 0.10294032828984799
61861687.579626344 1527051004.3923178 7635255.021961588 2.3708354922407048e-07 0.10294056537339721
61861687.579626344 1527051004.3923178 7635255.021961588 0.00021857059013939838 0.10315913596353661
61861687.579626344 1527051004.3923178 7635255.021961588 0.009814255849788418 0.11297339181332502
61861687.579626344 1527051004.3923178 7635255.021961588 0.0 0.11297339181332502
61861687.579626344 1527051004.3923178 7635255.021961588 7.072455320048596e-08 0.11297346253787822
61861687.579626344 1527051004.3923178 7635255.021961588 0.0 0.11297346253787822
61861687.579626344 1527051004.3923178 7635255.021961588 8.334968527408729e-06 0.11298179750640563
61861687.579626344 1527051004.3923178 7635255.021961588 0.0 0.11298179750640563
61861687.579626344 1527051004.3923178 7635255.021961588 4.042781261629572e-06 0.11298584028766727
61861687.579626344 1527051004.3923178 7635255.021961588 0.005308837885765332 0.1182946781734326
61861687.579626344 1527051004.3923178 7635255.021961588 0.0019251894266647668 0.12021986760009737
61861687.579626344 1527051004.3923178 7635255.021961588 0.0 0.12021986760009737
61861687.579626344 1527051004.3923178 7635255.021961588 2.9468563833535816e-06 0.12022281445648073
61861687.579626344 1527051004.3923178 7635255.021961588 0.0 0.12022281445648073
61861687.579626344 1527051004.3923178 7635255.021961588 2.9286094191590172e-08 0.12022284374257491
61861687.579626344 1527051004.3923178 7635255.021961588 0.002177280869401584 0.1224001246119765
61861687.579626344 1527051004.3923178 7635255.021961588 0.011841149627239518 0.134241274239216
61861687.579626344 1527051004.3923178 7635255.021961588 0.0019327939996055814 0.13617406823882158
61861687.579626344 1527051004.3923178 7635255.021961588 0.0 0.13617406823882158
61861687.579626344 1527051004.3923178 7635255.021961588 0.01768964034013588 0.15386370857895745
61861687.579626344 1527051004.3923178 7635255.021961588 0.008188127320196682 0.16205183589915415
61861687.579626344 1527051004.3923178 7635255.021961588 0.008306786151260917 0.17035862205041508
61861687.579626344 1527051004.3923178 7635255.021961588 0.014485790323211109 0.1848444123736262
61861687.579626344 1527051004.3923178 7635255.021961588 0.004889004451933706 0.18973341682555991
61861687.579626344 1527051004.3923178 7635255.021961588 0.000362823596039515 0.19009624042159942
61861687.579626344 1527051004.3923178 7635255.021961588 0.0009297344534228532 0.19102597487502226
61861687.579626344 1527051004.3923178 7635255.021961588 0.013645669270079824 0.20467164414510208
61861687.579626344 1527051004.3923178 7635255.021961588 0.001629627353326684 0.20630127149842878
61861687.579626344 1527051004.3923178 7635255.021961588 0.024559896164399655 0.23086116766282844
61861687.579626344 1527051004.3923178 7635255.021961588 0.013994056538357367 0.2448552242011858
61861687.579626344 1527051004.3923178 7635255.021961588 0.011630200393006268 0.25648542459419205
61861687.579626344 1527051004.3923178 7635255.021961588 0.0019231935229685226 0.2584086181171606
61861687.579626344 1527051004.3923178 7635255.021961588 0.010231444477464267 0.26864006259462486
61861687.579626344 1527051004.3923178 7635255.021961588 0.003670786113725439 0.2723108487083503
61861687.579626344 1527051004.3923178 7635255.021961588 1.5264468785729793e-05 0.27232611317713606
61861687.579626344 1527051004.3923178 7635255.021961588 0.019865810586510723 0.2921919237636468
61861687.579626344 1527051004.3923178 7635255.021961588 0.005211293595485839 0.2974032173591326
61861687.579626344 1527051004.3923178 7635255.021961588 0.012894168891539019 0.3102973862506716
61861687.579626344 1527051004.3923178 7635255.021961588 0.000585094664772191 0.3108824809154438
61861687.579626344 1527051004.3923178 7635255.021961588 0.009915078174838788 0.32079755909028257
61861687.579626344 1527051004.3923178 7635255.021961588 0.010672324723483497 0.3314698838137661
61861687.579626344 1527051004.3923178 7635255.021961588 0.012367004012292918 0.343836887826059
61861687.579626344 1527051004.3923178 7635255.021961588 0.009168436512380139 0.3530053243384391
61861687.579626344 1527051004.3923178 7635255.021961588 0.00735962343220965 0.36036494777064876
61861687.579626344 1527051004.3923178 7635255.021961588 0.010321909605705584 0.3706868573763543
61861687.579626344 1527051004.3923178 7635255.021961588 0.013480921873220898 0.38416777924957524
61861687.579626344 1527051004.3923178 7635255.021961588 0.001675315246674802 0.38584309449625004
61861687.579626344 1527051004.3923178 7635255.021961588 0.0020455348640024337 0.3878886293602525
61861687.579626344 1527051004.3923178 7635255.021961588 0.0 0.3878886293602525
61861687.579626344 1527051004.3923178 7635255.021961588 0.014293390224760881 0.4021820195850134
61861687.579626344 1527051004.3923178 7635255.021961588 0.001768006954123855 0.40395002653913725
61861687.579626344 1527051004.3923178 7635255.021961588 0.001041310455848829 0.4049913369949861
61861687.579626344 1527051004.3923178 7635255.021961588 0.0012814133794241728 0.40627275037441024
61861687.579626344 1527051004.3923178 7635255.021961588 0.004542904405941013 0.41081565478035126
61861687.579626344 1527051004.3923178 7635255.021961588 0.0034522586928049494 0.4142679134731562
61861687.579626344 1527051004.3923178 7635255.021961588 0.024703669368194056 0.4389715828413503
61861687.579626344 1527051004.3923178 7635255.021961588 0.00347110630304304 0.44244268914439333
61861687.579626344 1527051004.3923178 7635255.021961588 0.004365920815457903 0.4468086099598512
61861687.579626344 1527051004.3923178 7635255.021961588 0.0019363210955866653 0.4487449310554379
61861687.579626344 1527051004.3923178 7635255.021961588 0.0041023820683690464 0.45284731312380694
61861687.579626344 1527051004.3923178 7635255.021961588 0.008534361531934471 0.4613816746557414
61861687.579626344 1527051004.3923178 7635255.021961588 2.600403319785085e-06 0.4613842750590612
61861687.579626344 1527051004.3923178 7635255.021961588 0.016035799985113557 0.4774200750441748
61861687.579626344 1527051004.3923178 7635255.021961588 0.009464896549549658 0.48688497159372446
61861687.579626344 1527051004.3923178 7635255.021961588 0.004141679159468274 0.49102665075319274
61861687.579626344 1527051004.3923178 7635255.021961588 0.0036198042139768175 0.4946464549671696
61861687.579626344 1527051004.3923178 7635255.021961588 0.00047162739261214713 0.4951180823597817
61861687.579626344 1527051004.3923178 7635255.021961588 0.00353753792627699 0.4986556202860587
61861687.579626344 1527051004.3923178 7635255.021961588 0.0 0.4986556202860587
61861687.579626344 1527051004.3923178 7635255.021961588 0.0041168539511780376 0.5027724742372367
61861687.579626344 1527051004.3923178 7635255.021961588 0.004565191729029715 0.5073376659662664
61861687.579626344 1527051004.3923178 7635255.021961588 0.006986886704197081 0.5143245526704635
61861687.579626344 1527051004.3923178 7635255.021961588 0.012525778190547468 0.526850330861011
61861687.579626344 1527051004.3923178 7635255.021961588 0.022518206882731845 0.5493685377437428
61861687.579626344 1527051004.3923178 7635255.021961588 0.010228470367589013 0.5595970081113318
61861687.579626344 1527051004.3923178 7635255.021961588 0.017676506880307585 0.5772735149916395
61861687.579626344 1527051004.3923178 7635255.021961588 0.01104663677641758 0.5883201517680571
61861687.579626344 1527051004.3923178 7635255.021961588 0.00202612316910486 0.590346274937162
61861687.579626344 1527051004.3923178 7635255.021961588 0.022089295930051142 0.6124355708672131
61861687.579626344 1527051004.3923178 7635255.021961588 0.020749361264772895 0.633184932131986
61861687.579626344 1527051004.3923178 7635255.021961588 0.022805671198439646 0.6559906033304257
61861687.579626344 1527051004.3923178 7635255.021961588 0.024840726269713086 0.6808313296001388
61861687.579626344 1527051004.3923178 7635255.021961588 0.0071568215875611775 0.6879881511877
61861687.579626344 1527051004.3923178 7635255.021961588 0.023894423907553933 0.7118825750952539
61861687.579626344 1527051004.3923178 7635255.021961588 0.0072233362934056074 0.7191059113886595
61861687.579626344 1527051004.3923178 7635255.021961588 0.0041912971821899 0.7232972085708494
61861687.579626344 1527051004.3923178 7635255.021961588 0.00908596213148051 0.7323831707023299
61861687.579626344 1527051004.3923178 7635255.021961588 0.0026825462896281635 0.7350657169919581
61861687.579626344 1527051004.3923178 7635255.021961588 0.007704033458319423 0.7427697504502775
61861687.579626344 1527051004.3923178 7635255.021961588 0.0022878860819618386 0.7450576365322393
61861687.579626344 1527051004.3923178 7635255.021961588 0.014539342194466835 0.7595969787267062
61861687.579626344 1527051004.3923178 7635255.021961588 0.015563831183272873 0.775160809909979
61861687.579626344 1527051004.3923178 7635255.021961588 0.010760178962446135 0.7859209888724252
61861687.579626344 1527051004.3923178 7635255.021961588 0.014163446559239068 0.8000844354316643
61861687.579626344 1527051004.3923178 7635255.021961588 0.019768530682119503 0.8198529661137838
61861687.579626344 1527051004.3923178 7635255.021961588 0.008551733023064776 0.8284046991368486
61861687.579626344 1527051004.3923178 7635255.021961588 0.005413007361619994 0.8338177064984685
61861687.579626344 1527051004.3923178 7635255.021961588 0.006067772929078497 0.839885479427547
61861687.579626344 1527051004.3923178 7635255.021961588 0.00779197161812307 0.84767745104567
61861687.579626344 1527051004.3923178 7635255.021961588 0.007563923090812294 0.8552413741364824
61861687.579626344 1527051004.3923178 7635255.021961588 0.0011396942826214836 0.8563810684191039
61861687.579626344 1527051004.3923178 7635255.021961588 0.0055148177603610935 0.861895886179465
61861687.579626344 1527051004.3923178 7635255.021961588 0.0050146883711392545 0.8669105745506043
61861687.579626344 1527051004.3923178 7635255.021961588 0.0008132611785847164 0.867723835729189
61861687.579626344 1527051004.3923178 7635255.021961588 0.0032148511453866406 0.8709386868745757
61861687.579626344 1527051004.3923178 7635255.021961588 0.040510557539788196 0.9114492444143638
61861687.579626344 1527051004.3923178 7635255.021961588 0.00842031756084912 0.919869561975213
61861687.579626344 1527051004.3923178 7635255.021961588 0.004830433340491526 0.9246999953157045
61861687.579626344 1527051004.3923178 7635255.021961588 0.00566871417883779 0.9303687094945422
61861687.579626344 1527051004.3923178 7635255.021961588 0.012706196466227527 0.9430749059607697
61861687.579626344 1527051004.3923178 7635255.021961588 0.002920834513635513 0.9459957404744053
61861687.579626344 1527051004.3923178 7635255.021961588 0.0023543139908760898 0.9483500544652813
61861687.579626344 1527051004.3923178 7635255.021961588 0.024114198027902656 0.9724642524931839
61861687.579626344 1527051004.3923178 7635255.021961588 0.022122740145196468 0.9945869926383804
61861687.579626344 1527051004.3923178 7635255.021961588 0.005413007361619994 1.0000000000000004
3101's generation extracting best parents:
0
0
7057581.871334686
0
0
5813776.84119093
0
0
0
5914624.0
0
0
8648604.900213676
0
29239298.50174248
0
0
0
0
0
0
0
0
0
0
0
0
5004822.601278891
0
0
0
6447073.887775135
0
10612186.970680078
0
0
0
7061649.497340972
0
2988139.044004479
0
0
0
0
0
0
5370745.342258559
0
0
0
0
0
0
5387212.90007217
0
0
0
0
0
0
0
0
0
0
0
0
0
0
0
0
0
0
0
24363435.693124074
3932050.7115244586
0
0
0
0
0
0
5122889.809472774
0
17781457.74081574
0
0
0
14986869.252782583
0
0
0
0
0
0
8106866.225613939
0
0
0
0
0
3324818.9384638676
18082039.431435823
0
0
27012983.048743356
12503688.048398519
12684886.135555178
22120540.66247604
7465759.158803879
0
0
20837632.96448078
0
37504214.10561752
21369638.0924215
17759909.19142415
0
15623937.565696042
5605477.621873804
0
30336106.00919874
7957911.119169904
19690053.55662884
0
15140830.08551592
16297184.18819644
18885045.898295723
14000670.18493729
11238520.354104983
15762082.430639423
20586055.286636338
0
3123636.0685944194
0
21826735.89889244
0
0
0
6937246.735950509
5271775.104269908
37723763.12087647
5300556.366414379
6666983.766342318
2956861.0738416505
6264546.657903986
13032405.349187693
0
24487484.47350197
14453379.782459188
6324555.320336758
5527625.660656843
0
5402000.8433971945
0
6286645.961082905
6971280.615058327
10669332.359219484
19127502.1666709
34386450.437389664
15619395.948223861
26992927.585721415
16868777.78458558
3093993.420404122
33731481.536303736
31685332.959870502
34825423.10941821
37933056.0
10928831.593541918
36488004.027406044
11030402.941908514
6400324.571769779
13874727.598747877
4096385.005905573
11764452.030398697
3493718.7393950303
22202317.101264186
23766764.040609315
16431342.09204446
21628305.293942936
30187554.63349094
13058932.502166018
8265938.328344823
9265798.745773835
11898738.085651267
11550496.352971157
0
8421408.0
7657684.9138626745
0
4909241.670534463
61861687.579626344
12858254.388596922
7376318.084247723
8656415.68040722
19403010.075758863
4460263.277710857
3595157.544422219
36823610.318624
33782552.558632515
8265938.328344823
