0 0 9 0 27.0 0.0
1 9 144 324 1728.0 559872.0
2 3 100 36 353.5533905932738 12727.922061357856
3 1 12 4 41.569219381653056 166.27687752661222
4 1 13 4 46.87216658103186 187.48866632412745
5 1 24 4 117.57550765359255 470.3020306143702
6 1 14 4 52.38320341483518 209.53281365934072
7 0 50 0 1.0 0.0
8 1 68 4 76.36753236814714 305.47012947258855
9 3 119 36 573.1570465413472 20633.6536754885
10 0 50 0 1.0 0.0
11 0 50 0 1.0 0.0
12 5 76 100 662.5526394181824 66255.26394181824
13 5 120 100 585.6620185738528 58566.201857385284
14 0 5 0 11.180339887498949 0.0
15 21 275 1764 4560.359086738675 8044473.429007023
16 2 32 16 181.01933598375618 2896.309375740099
17 1 2 4 2.8284271247461903 11.313708498984761
18 1 13 4 46.87216658103186 187.48866632412745
19 0 50 0 1.0 0.0
20 20 262 1600 4240.840482734525 6785344.77237524
21 0 50 0 1.0 0.0
22 22 240 1936 3718.06401235912 7198171.927927257
23 0 50 0 1.0 0.0
24 0 2 0 2.8284271247461903 0.0
25 0 50 0 1.0 0.0
26 0 50 0 1.0 0.0
27 0 50 0 1.0 0.0
28 1 39 4 243.55492193753753 974.2196877501501
29 0 50 0 1.0 0.0
30 0 7 0 18.520259177452132 0.0
31 14 222 784 3307.7255025167974 2593256.7939731693
32 0 50 0 1.0 0.0
33 0 2 0 2.8284271247461903 0.0
34 0 6 0 14.696938456699069 0.0
35 0 50 0 1.0 0.0
36 0 50 0 1.0 0.0
37 0 50 0 1.0 0.0
38 7 95 196 925.9454627568516 181485.3107003429
39 0 2 0 2.8284271247461903 0.0
40 0 50 0 1.0 0.0
41 13 222 676 3307.7255025167974 2236022.439701355
42 1 53 4 5.196152422706632 20.784609690826528
43 1 4 4 8.0 32.0
44 16 190 1024 2618.969262897142 2681824.5252066734
45 0 50 0 1.0 0.0
46 0 50 0 1.0 0.0
47 0 50 0 1.0 0.0
48 0 50 0 1.0 0.0
49 0 50 0 1.0 0.0
50 22 318 1936 5670.7523310403885 10978576.512894193
51 4 62 64 488.18848818873226 31244.063244078865
52 0 50 0 1.0 0.0
53 0 50 0 1.0 0.0
54 16 249 1024 3929.1537256768156 4023453.415093059
55 1 21 4 96.23408959407264 384.93635837629057
56 1 51 4 1.0 4.0
57 20 473 1600 7290.910505554159 11665456.808886655
58 0 50 0 1.0 0.0
59 8 102 256 1030.1495037129318 263718.27295051055
60 0 50 0 1.0 0.0
61 21 269 1764 4411.928036584459 7782641.056534985
62 16 244 1024 3811.4018418424475 3902875.4860466663
63 0 5 0 11.180339887498949 0.0
64 0 50 0 1.0 0.0
65 1 22 4 103.18914671611545 412.7565868644618
66 1 68 4 76.36753236814714 305.47012947258855
67 1 13 4 46.87216658103186 187.48866632412745
68 0 50 0 1.0 0.0
69 3 95 36 301.8691769624716 10867.290370648978
70 0 5 0 11.180339887498949 0.0
71 1 58 4 22.627416997969522 90.50966799187809
72 5 98 100 970.1505037879432 97015.05037879432
73 3 99 36 343.0 12348.0
74 0 50 0 1.0 0.0
75 0 50 0 1.0 0.0
76 0 50 0 1.0 0.0
77 1 2 4 2.8284271247461903 11.313708498984761
78 0 50 0 1.0 0.0
79 3 52 36 374.9773326482549 13499.183975337177
80 0 50 0 1.0 0.0
81 0 7 0 18.520259177452132 0.0
82 0 2 0 2.8284271247461903 0.0
83 0 50 0 1.0 0.0
84 0 9 0 27.0 0.0
85 0 5 0 11.180339887498949 0.0
86 0 2 0 2.8284271247461903 0.0
87 1 24 4 117.57550765359255 470.3020306143702
88 0 50 0 1.0 0.0
89 0 50 0 1.0 0.0
90 1 54 4 8.0 32.0
91 0 50 0 1.0 0.0
92 2 35 16 207.06279240848656 3313.004678535785
93 1 47 4 322.21576621884907 1288.8630648753963
94 2 22 16 103.18914671611545 1651.0263474578471
95 0 50 0 1.0 0.0
96 18 251 1296 3976.5878589564695 5153657.865207585
97 0 50 0 1.0 0.0
98 1 52 4 2.8284271247461903 11.313708498984761
99 0 6 0 14.696938456699069 0.0
100 29 423 3364 8699.825687908926 29266213.614125628
101 22 271 1936 4461.2230385848225 8636927.802700216
102 21 303 1764 5274.289241215351 9303846.221503878
103 35 490 4900 10846.61237437754 53148400.63444995
104 16 229 1024 3465.3988226465362 3548568.394390053
105 24 428 2304 8854.532850467041 20400843.687476065
106 1 13 4 46.87216658103186 187.48866632412745
107 19 328 1444 5940.332650618146 8577840.347492602
108 24 393 2304 7790.921447428411 17950283.014875058
109 15 262 900 4240.840482734525 3816756.4344610726
110 22 330 1936 5994.747701113033 11605831.549354833
111 23 348 2116 6491.855820949815 13736766.917129809
112 13 211 676 3064.9520387764633 2071907.5782128891
113 1 54 4 8.0 32.0
114 17 312 1156 5511.018780588576 6370737.710360394
115 21 323 1764 5805.020844062491 10240056.768926235
116 14 251 784 3976.5878589564695 3117644.881421872
117 21 265 1764 4313.8874579664225 7609697.475852769
118 1 56 4 14.696938456699069 58.787753826796276
119 4 80 64 715.5417527999327 45794.672179195695
120 29 510 3364 11517.42158644894 38744606.216814235
121 11 187 484 2557.1865399301632 1237678.285326199
122 27 395 2916 7850.469731168957 22891969.73608868
123 29 475 3364 10352.3849909091 34825423.10941821
124 19 317 1444 5644.024539280459 8149971.434720983
125 26 388 2704 7642.713654193777 20665897.72093997
126 0 50 0 1.0 0.0
127 18 250 1296 3952.847075210474 5122889.809472774
128 23 294 2116 5041.049890647781 10666861.568610704
129 30 549 3600 12863.48121621826 46308532.37838574
130 4 27 64 140.29611541307906 8978.95138643706
131 26 424 2704 8730.694359556976 23607797.548242062
132 15 191 900 2639.672517567283 2375705.265810555
133 4 60 64 464.75800154489 29744.51209887296
134 24 394 2304 7820.676697064008 18018839.110035475
135 15 228 900 3442.724502483462 3098452.052235116
136 9 169 324 2197.0 711828.0
137 10 158 400 1986.0292042162926 794411.681686517
138 21 337 1764 6186.497635981121 10912981.829870697
139 12 192 576 2660.4300404257956 1532407.7032852583
140 13 461 676 3064.9520387764633 2071907.5782128891
141 17 243 1156 3787.995116153135 4378922.354273024
142 16 303 1024 5274.289241215351 5400872.183004519
143 9 131 324 1499.363531636007 485793.7842500663
144 23 390 2116 7701.882886671285 16297184.18819644
145 15 200 900 2828.42712474619 2545584.4122715713
146 22 336 1936 6158.981734020649 11923788.637063976
147 26 409 2704 8271.513102208084 22366171.42837066
148 14 231 784 3510.8960394748233 2752542.4949482614
149 27 468 2916 10124.387981502881 29522715.3540624
150 22 385 1936 7554.245495084205 14625019.27848302
151 19 340 1444 6269.290230959164 9052855.093505032
152 16 256 1024 4096.0 4194304.0
153 25 375 2500 7261.843774138907 18154609.435347266
154 12 178 576 2374.8162034144875 1367894.1331667448
155 16 204 1024 2913.702798845483 2983631.6660177745
156 12 255 576 4072.0234527811845 2345485.5088019622
157 18 290 1296 4938.522046118656 6400324.571769779
158 24 414 2304 8423.653839041583 19408098.445151806
159 18 373 1296 7203.826552603831 9336159.212174565
160 13 243 676 3787.995116153135 2560684.698519519
161 0 50 0 1.0 0.0
162 21 311 1764 5484.544739538552 9674736.920546005
163 16 242 1024 3764.636503037179 3854987.7791100712
164 15 252 900 4000.375982329661 3600338.3840966946
165 21 330 1764 5994.747701113033 10574734.94476339
166 20 298 1600 5144.277597486356 8230844.15597817
167 12 201 576 2849.6668226303227 1641408.0898350659
168 26 425 2704 8761.599454437528 23691364.924799077
169 13 225 676 3375.0 2281500.0
170 13 208 676 2999.818661186039 2027877.4149617625
171 18 248 1296 3905.507905509858 5061538.245540776
172 28 460 3136 9865.900871182519 30939465.13202838
173 14 315 784 5590.695395029137 4383105.189702843
174 27 453 2916 9641.559884168122 28114788.622234244
175 22 337 1936 6186.497635981121 11977059.42325945
176 22 333 1936 6076.6797677679215 11764452.030398697
177 5 54 100 396.81733833087486 39681.733833087485
178 19 357 1444 6745.316375085753 9740236.845623827
179 16 278 1024 4635.186296148193 4746430.76725575
180 20 326 1600 5886.083247797299 9417733.196475679
181 28 446 3136 9418.945588546523 29537813.365681898
182 24 417 2304 8515.380966228111 19619437.74618957
183 20 360 1600 6830.519745963699 10928831.593541918
184 22 337 1936 6186.497635981121 11977059.42325945
185 28 525 3136 12029.26119925908 37723763.12087647
186 22 338 1936 6214.054393067379 12030409.304978447
187 3 102 36 374.9773326482549 13499.183975337177
188 32 531 4096 12236.065176354692 50118922.96234882
189 26 406 2704 8180.673321921613 22120540.66247604
190 17 258 1156 4144.093628285925 4790572.234298529
191 24 345 2304 6408.090589247315 14764240.717625814
192 13 209 676 3021.4779496134006 2042519.0939386587
193 25 453 2500 9641.559884168122 24103899.710420307
194 15 229 900 3465.3988226465362 3118858.9403818827
195 23 353 2116 6632.267862503745 14033878.797057925
196 15 283 900 4760.7968870767845 4284717.198369106
197 24 412 2304 8362.686649635989 19267630.040761318
198 26 382 2704 7466.121349134369 20188392.12805933
199 23 422 2116 8668.993482521486 18343590.209015463
2401's generation fitness ratios and roulette cutoffs:
53148400.63444995 1222486393.0045745 6112431.965022873 0.0 0.0
53148400.63444995 1222486393.0045745 6112431.965022873 0.00045797810364495807 0.00045797810364495807
53148400.63444995 1222486393.0045745 6112431.965022873 1.0411504074148193e-05 0.00046838960771910626
53148400.63444995 1222486393.0045745 6112431.965022873 1.3601531966171342e-07 0.00046852562303876795
53148400.63444995 1222486393.0045745 6112431.965022873 1.5336666927091585e-07 0.00046867898970803887
53148400.63444995 1222486393.0045745 6112431.965022873 3.84709419512214e-07 0.0004690636991275511
53148400.63444995 1222486393.0045745 6112431.965022873 1.7139889233806519e-07 0.00046923509801988916
53148400.63444995 1222486393.0045745 6112431.965022873 0.0 0.00046923509801988916
53148400.63444995 1222486393.0045745 6112431.965022873 2.4987609777955665e-07 0.00046948497411766874
53148400.63444995 1222486393.0045745 6112431.965022873 1.6878432180153752e-05 0.0004863634062978225
53148400.63444995 1222486393.0045745 6112431.965022873 0.0 0.0004863634062978225
53148400.63444995 1222486393.0045745 6112431.965022873 0.0 0.0004863634062978225
53148400.63444995 1222486393.0045745 6112431.965022873 5.4197138161169134e-05 0.0005405605444589916
53148400.63444995 1222486393.0045745 6112431.965022873 4.79074468170102e-05 0.0005884679912760018
53148400.63444995 1222486393.0045745 6112431.965022873 0.0 0.0005884679912760018
53148400.63444995 1222486393.0045745 6112431.965022873 0.006580419606336608 0.00716888759761261
53148400.63444995 1222486393.0045745 6112431.965022873 2.369195593761722e-06 0.007171256793206372
53148400.63444995 1222486393.0045745 6112431.965022873 9.254670288131727e-09 0.00717126604787666
53148400.63444995 1222486393.0045745 6112431.965022873 1.5336666927091585e-07 0.007171419414545931
53148400.63444995 1222486393.0045745 6112431.965022873 0.0 0.007171419414545931
53148400.63444995 1222486393.0045745 6112431.965022873 0.005550446050936003 0.012721865465481933
53148400.63444995 1222486393.0045745 6112431.965022873 0.0 0.012721865465481933
53148400.63444995 1222486393.0045745 6112431.965022873 0.005888140734422327 0.018610006199904258
53148400.63444995 1222486393.0045745 6112431.965022873 0.0 0.018610006199904258
53148400.63444995 1222486393.0045745 6112431.965022873 0.0 0.018610006199904258
53148400.63444995 1222486393.0045745 6112431.965022873 0.0 0.018610006199904258
53148400.63444995 1222486393.0045745 6112431.965022873 0.0 0.018610006199904258
53148400.63444995 1222486393.0045745 6112431.965022873 0.0 0.018610006199904258
53148400.63444995 1222486393.0045745 6112431.965022873 7.969165900945162e-07 0.01861080311649435
53148400.63444995 1222486393.0045745 6112431.965022873 0.0 0.01861080311649435
53148400.63444995 1222486393.0045745 6112431.965022873 0.0 0.01861080311649435
53148400.63444995 1222486393.0045745 6112431.965022873 0.0021212970621289078 0.02073210017862326
53148400.63444995 1222486393.0045745 6112431.965022873 0.0 0.02073210017862326
53148400.63444995 1222486393.0045745 6112431.965022873 0.0 0.02073210017862326
53148400.63444995 1222486393.0045745 6112431.965022873 0.0 0.02073210017862326
53148400.63444995 1222486393.0045745 6112431.965022873 0.0 0.02073210017862326
53148400.63444995 1222486393.0045745 6112431.965022873 0.0 0.02073210017862326
53148400.63444995 1222486393.0045745 6112431.965022873 0.0 0.02073210017862326
53148400.63444995 1222486393.0045745 6112431.965022873 0.0001484558942650446 0.020880556072888305
53148400.63444995 1222486393.0045745 6112431.965022873 0.0 0.020880556072888305
53148400.63444995 1222486393.0045745 6112431.965022873 0.0 0.020880556072888305
53148400.63444995 1222486393.0045745 6112431.965022873 0.001829077568876456 0.02270963364176476
53148400.63444995 1222486393.0045745 6112431.965022873 1.7001914957714178e-08 0.02270965064367972
53148400.63444995 1222486393.0045745 6112431.965022873 2.617616047353441e-08 0.02270967681984019
53148400.63444995 1222486393.0045745 6112431.965022873 0.002193745910427191 0.024903422730267383
53148400.63444995 1222486393.0045745 6112431.965022873 0.0 0.024903422730267383
53148400.63444995 1222486393.0045745 6112431.965022873 0.0 0.024903422730267383
53148400.63444995 1222486393.0045745 6112431.965022873 0.0 0.024903422730267383
53148400.63444995 1222486393.0045745 6112431.965022873 0.0 0.024903422730267383
53148400.63444995 1222486393.0045745 6112431.965022873 0.0 0.024903422730267383
53148400.63444995 1222486393.0045745 6112431.965022873 0.008980530642890444 0.033883953373157825
53148400.63444995 1222486393.0045745 6112431.965022873 2.555780041632083e-05 0.033909511173574144
53148400.63444995 1222486393.0045745 6112431.965022873 0.0 0.033909511173574144
53148400.63444995 1222486393.0045745 6112431.965022873 0.0 0.033909511173574144
53148400.63444995 1222486393.0045745 6112431.965022873 0.003291205070352062 0.03720071624392621
53148400.63444995 1222486393.0045745 6112431.965022873 3.148798715298667e-07 0.03720103112379774
53148400.63444995 1222486393.0045745 6112431.965022873 3.2720200591918014e-09 0.037201034395817796
53148400.63444995 1222486393.0045745 6112431.965022873 0.00954240216957818 0.04674343656539598
53148400.63444995 1222486393.0045745 6112431.965022873 0.0 0.04674343656539598
53148400.63444995 1222486393.0045745 6112431.965022873 0.0002157228697673723 0.04695915943516335
53148400.63444995 1222486393.0045745 6112431.965022873 0.0 0.04695915943516335
53148400.63444995 1222486393.0045745 6112431.965022873 0.006366239412618037 0.05332539884778139
53148400.63444995 1222486393.0045745 6112431.965022873 0.003192571719718161 0.05651797056749955
53148400.63444995 1222486393.0045745 6112431.965022873 0.0 0.05651797056749955
53148400.63444995 1222486393.0045745 6112431.965022873 0.0 0.05651797056749955
53148400.63444995 1222486393.0045745 6112431.965022873 3.3763695794601555e-07 0.056518308204457496
53148400.63444995 1222486393.0045745 6112431.965022873 2.4987609777955665e-07 0.056518558080555274
53148400.63444995 1222486393.0045745 6112431.965022873 1.5336666927091585e-07 0.05651871144722455
53148400.63444995 1222486393.0045745 6112431.965022873 0.0 0.05651871144722455
53148400.63444995 1222486393.0045745 6112431.965022873 8.889498020456342e-06 0.056527600945245005
53148400.63444995 1222486393.0045745 6112431.965022873 0.0 0.056527600945245005
53148400.63444995 1222486393.0045745 6112431.965022873 7.403736230505381e-08 0.05652767498260731
53148400.63444995 1222486393.0045745 6112431.965022873 7.935879772072954e-05 0.05660703378032804
53148400.63444995 1222486393.0045745 6112431.965022873 1.0100725922725092e-05 0.05661713450625076
53148400.63444995 1222486393.0045745 6112431.965022873 0.0 0.05661713450625076
53148400.63444995 1222486393.0045745 6112431.965022873 0.0 0.05661713450625076
53148400.63444995 1222486393.0045745 6112431.965022873 0.0 0.05661713450625076
53148400.63444995 1222486393.0045745 6112431.965022873 9.254670288131727e-09 0.05661714376092105
53148400.63444995 1222486393.0045745 6112431.965022873 0.0 0.05661714376092105
53148400.63444995 1222486393.0045745 6112431.965022873 1.1042400187505942e-05 0.056628186161108554
53148400.63444995 1222486393.0045745 6112431.965022873 0.0 0.056628186161108554
53148400.63444995 1222486393.0045745 6112431.965022873 0.0 0.056628186161108554
53148400.63444995 1222486393.0045745 6112431.965022873 0.0 0.056628186161108554
53148400.63444995 1222486393.0045745 6112431.965022873 0.0 0.056628186161108554
53148400.63444995 1222486393.0045745 6112431.965022873 0.0 0.056628186161108554
53148400.63444995 1222486393.0045745 6112431.965022873 0.0 0.056628186161108554
53148400.63444995 1222486393.0045745 6112431.965022873 0.0 0.056628186161108554
53148400.63444995 1222486393.0045745 6112431.965022873 3.84709419512214e-07 0.05662857087052807
53148400.63444995 1222486393.0045745 6112431.965022873 0.0 0.05662857087052807
53148400.63444995 1222486393.0045745 6112431.965022873 0.0 0.05662857087052807
53148400.63444995 1222486393.0045745 6112431.965022873 2.617616047353441e-08 0.056628597046688545
53148400.63444995 1222486393.0045745 6112431.965022873 0.0 0.056628597046688545
53148400.63444995 1222486393.0045745 6112431.965022873 2.7100544410913435e-06 0.05663130710112964
53148400.63444995 1222486393.0045745 6112431.965022873 1.0542964504559301e-06 0.05663236139758009
53148400.63444995 1222486393.0045745 6112431.965022873 1.3505478317840622e-06 0.05663371194541188
53148400.63444995 1222486393.0045745 6112431.965022873 0.0 0.05663371194541188
53148400.63444995 1222486393.0045745 6112431.965022873 0.004215717978292704 0.06084942992370458
53148400.63444995 1222486393.0045745 6112431.965022873 0.0 0.06084942992370458
53148400.63444995 1222486393.0045745 6112431.965022873 9.254670288131727e-09 0.06084943917837487
53148400.63444995 1222486393.0045745 6112431.965022873 0.0 0.06084943917837487
53148400.63444995 1222486393.0045745 6112431.965022873 0.02393990950050281 0.08478934867887768
53148400.63444995 1222486393.0045745 6112431.965022873 0.00706505025505662 0.0918543989339343
53148400.63444995 1222486393.0045745 6112431.965022873 0.0076105928660991345 0.09946499180003343
53148400.63444995 1222486393.0045745 6112431.965022873 0.04347565824747063 0.14294065004750406
53148400.63444995 1222486393.0045745 6112431.965022873 0.0029027467419645743 0.14584339678946864
53148400.63444995 1222486393.0045745 6112431.965022873 0.016687992442464532 0.16253138923193317
53148400.63444995 1222486393.0045745 6112431.965022873 1.5336666927091585e-07 0.16253154259860245
53148400.63444995 1222486393.0045745 6112431.965022873 0.007016716420385142 0.1695482590189876
53148400.63444995 1222486393.0045745 6112431.965022873 0.014683421523210269 0.18423168054219785
53148400.63444995 1222486393.0045745 6112431.965022873 0.003122125903651502 0.18735380644584934
53148400.63444995 1222486393.0045745 6112431.965022873 0.009493628408272519 0.19684743485412187
53148400.63444995 1222486393.0045745 6112431.965022873 0.011236744225322766 0.20808417907944463
53148400.63444995 1222486393.0045745 6112431.965022873 0.00169483078917602 0.20977900986862064
53148400.63444995 1222486393.0045745 6112431.965022873 2.617616047353441e-08 0.2097790360447811
53148400.63444995 1222486393.0045745 6112431.965022873 0.005211295395037214 0.2149903314398183
53148400.63444995 1222486393.0045745 6112431.965022873 0.008376417788797356 0.22336674922861566
53148400.63444995 1222486393.0045745 6112431.965022873 0.0025502491473622527 0.22591699837597792
53148400.63444995 1222486393.0045745 6112431.965022873 0.00622477069634287 0.23214176907232079
53148400.63444995 1222486393.0045745 6112431.965022873 4.808867743902675e-08 0.23214181716099822
53148400.63444995 1222486393.0045745 6112431.965022873 3.7460271493610264e-05 0.23217927743249184
53148400.63444995 1222486393.0045745 6112431.965022873 0.03169328218172589 0.26387255961421774
53148400.63444995 1222486393.0045745 6112431.965022873 0.0010124270441033592 0.2648849866583211
53148400.63444995 1222486393.0045745 6112431.965022873 0.01872574604272345 0.28361073270104453
53148400.63444995 1222486393.0045745 6112431.965022873 0.028487370745964528 0.31209810344700906
53148400.63444995 1222486393.0045745 6112431.965022873 0.0066667175040618105 0.3187648209510709
53148400.63444995 1222486393.0045745 6112431.965022873 0.01690480797103043 0.33566962892210134
53148400.63444995 1222486393.0045745 6112431.965022873 0.0 0.33566962892210134
53148400.63444995 1222486393.0045745 6112431.965022873 0.004190549554406046 0.3398601784765074
53148400.63444995 1222486393.0045745 6112431.965022873 0.008725546255279087 0.3485857247317865
53148400.63444995 1222486393.0045745 6112431.965022873 0.03788061171345279 0.3864663364452393
53148400.63444995 1222486393.0045745 6112431.965022873 7.344827261732524e-06 0.38647368127250104
53148400.63444995 1222486393.0045745 6112431.965022873 0.019311296782796767 0.4057849780552978
53148400.63444995 1222486393.0045745 6112431.965022873 0.0019433388211149317 0.4077283168764127
53148400.63444995 1222486393.0045745 6112431.965022873 2.433116005959639e-05 0.4077526480364723
53148400.63444995 1222486393.0045745 6112431.965022873 0.014739500752846456 0.4224921487893188
53148400.63444995 1222486393.0045745 6112431.965022873 0.0025345493168393257 0.4250266981061581
53148400.63444995 1222486393.0045745 6112431.965022873 0.0005822788736735955 0.4256089769798317
53148400.63444995 1222486393.0045745 6112431.965022873 0.000649832739433644 0.42625880971926533
53148400.63444995 1222486393.0045745 6112431.965022873 0.008926873863233143 0.4351856835824985
53148400.63444995 1222486393.0045745 6112431.965022873 0.0012535171860023509 0.43643920076850085
53148400.63444995 1222486393.0045745 6112431.965022873 0.00169483078917602 0.4381340315576769
53148400.63444995 1222486393.0045745 6112431.965022873 0.0035819804452061807 0.4417160120028831
53148400.63444995 1222486393.0045745 6112431.965022873 0.0044179405299804506 0.44613395253286353
53148400.63444995 1222486393.0045745 6112431.965022873 0.00039738175167422783 0.4465313342845378
53148400.63444995 1222486393.0045745 6112431.965022873 0.013331178393030552 0.45986251267756834
53148400.63444995 1222486393.0045745 6112431.965022873 0.0020823008148296387 0.46194481349239797
53148400.63444995 1222486393.0045745 6112431.965022873 0.009753718900509151 0.4716985323929071
53148400.63444995 1222486393.0045745 6112431.965022873 0.018295640390237837 0.48999417278314494
53148400.63444995 1222486393.0045745 6112431.965022873 0.00225159356431214 0.4922457663474571
53148400.63444995 1222486393.0045745 6112431.965022873 0.02414972921007549 0.5163954955575326
53148400.63444995 1222486393.0045745 6112431.965022873 0.011963339111315812 0.5283588346688485
53148400.63444995 1222486393.0045745 6112431.965022873 0.007405280864726285 0.5357641155335747
53148400.63444995 1222486393.0045745 6112431.965022873 0.0034309617055871024 0.5391950772391618
53148400.63444995 1222486393.0045745 6112431.965022873 0.01485056155981225 0.5540456387989741
53148400.63444995 1222486393.0045745 6112431.965022873 0.0011189442606430926 0.5551645830596171
53148400.63444995 1222486393.0045745 6112431.965022873 0.002440625665112503 0.5576052087247296
53148400.63444995 1222486393.0045745 6112431.965022873 0.0019186189083359273 0.5595238276330655
53148400.63444995 1222486393.0045745 6112431.965022873 0.005235497596042223 0.5647593252291078
53148400.63444995 1222486393.0045745 6112431.965022873 0.01587592185582648 0.5806352470849343
53148400.63444995 1222486393.0045745 6112431.965022873 0.007637025054510875 0.5882722721394452
53148400.63444995 1222486393.0045745 6112431.965022873 0.002094652924705344 0.5903669250641506
53148400.63444995 1222486393.0045745 6112431.965022873 0.0 0.5903669250641506
53148400.63444995 1222486393.0045745 6112431.965022873 0.007913983317857512 0.5982809083820081
53148400.63444995 1222486393.0045745 6112431.965022873 0.003153399335296852 0.601434307717305
53148400.63444995 1222486393.0045745 6112431.965022873 0.0029450948531606455 0.6043794025704656
53148400.63444995 1222486393.0045745 6112431.965022873 0.00865018621497558 0.6130295887854412
53148400.63444995 1222486393.0045745 6112431.965022873 0.006732871795610547 0.6197624605810518
53148400.63444995 1222486393.0045745 6112431.965022873 0.0013426800488150086 0.6211051406298668
53148400.63444995 1222486393.0045745 6112431.965022873 0.01937965531589391 0.6404847959457607
53148400.63444995 1222486393.0045745 6112431.965022873 0.001866278441261524 0.6423510743870222
53148400.63444995 1222486393.0045745 6112431.965022873 0.001658813894834226 0.6440098882818565
53148400.63444995 1222486393.0045745 6112431.965022873 0.004140363667443974 0.6481502519493004
53148400.63444995 1222486393.0045745 6112431.965022873 0.025308637633165543 0.673458889582466
53148400.63444995 1222486393.0045745 6112431.965022873 0.0035854020255638476 0.6770442916080299
53148400.63444995 1222486393.0045745 6112431.965022873 0.02299803808297197 0.7000423296910019
53148400.63444995 1222486393.0045745 6112431.965022873 0.009797294670759278 0.7098396243617612
53148400.63444995 1222486393.0045745 6112431.965022873 0.009623380757216063 0.7194630051189772
53148400.63444995 1222486393.0045745 6112431.965022873 3.2459857271343054e-05 0.7194954649762485
53148400.63444995 1222486393.0045745 6112431.965022873 0.00796756258504006 0.7274630275612886
53148400.63444995 1222486393.0045745 6112431.965022873 0.0038826041700064863 0.7313456317312951
53148400.63444995 1222486393.0045745 6112431.965022873 0.007703752982746236 0.7390493847140414
53148400.63444995 1222486393.0045745 6112431.965022873 0.024162079459293717 0.7632114641733351
53148400.63444995 1222486393.0045745 6112431.965022873 0.016048798463899266 0.7792602626372344
53148400.63444995 1222486393.0045745 6112431.965022873 0.008939839049399564 0.7882001016866339
53148400.63444995 1222486393.0045745 6112431.965022873 0.009797294670759278 0.7979973963573932
53148400.63444995 1222486393.0045745 6112431.965022873 0.03085822740992693 0.8288556237673201
53148400.63444995 1222486393.0045745 6112431.965022873 0.009840935141544294 0.8386965589088644
53148400.63444995 1222486393.0045745 6112431.965022873 1.1042400187505942e-05 0.8387076013090519
53148400.63444995 1222486393.0045745 6112431.965022873 0.04099753031947348 0.8797051316285254
53148400.63444995 1222486393.0045745 6112431.965022873 0.018094713191947377 0.8977998448204727
53148400.63444995 1222486393.0045745 6112431.965022873 0.003918712111408019 0.9017185569318807
53148400.63444995 1222486393.0045745 6112431.965022873 0.012077222946702005 0.9137957798785827
53148400.63444995 1222486393.0045745 6112431.965022873 0.0016707908616623887 0.9154665707402452
53148400.63444995 1222486393.0045745 6112431.965022873 0.019717110839310676 0.9351836815795559
53148400.63444995 1222486393.0045745 6112431.965022873 0.002551242253679802 0.9377349238332356
53148400.63444995 1222486393.0045745 6112431.965022873 0.011479783233060011 0.9492147070662956
53148400.63444995 1222486393.0045745 6112431.965022873 0.0035049201552569535 0.9527196272215526
53148400.63444995 1222486393.0045745 6112431.965022873 0.015761017996614394 0.968480645218167
53148400.63444995 1222486393.0045745 6112431.965022873 0.01651420600146 0.984994851219627
53148400.63444995 1222486393.0045745 6112431.965022873 0.01500514878037323 1.0000000000000002
2401's generation extracting best parents:
0
0
0
0
0
0
0
0
0
0
0
0
0
0
0
8044473.429007023
0
0
0
0
6785344.77237524
0
7198171.927927257
0
0
0
0
0
0
0
0
2593256.7939731693
0
0
0
0
0
0
0
0
0
2236022.439701355
0
0
2681824.5252066734
0
0
0
0
0
10978576.512894193
0
0
0
4023453.415093059
0
0
11665456.808886655
0
0
0
7782641.056534985
3902875.4860466663
0
0
0
0
0
0
0
0
0
0
0
0
0
0
0
0
0
0
0
0
0
0
0
0
0
0
0
0
0
0
0
0
0
5153657.865207585
0
0
0
29266213.614125628
8636927.802700216
9303846.221503878
53148400.63444995
3548568.394390053
20400843.687476065
0
8577840.347492602
17950283.014875058
3816756.4344610726
11605831.549354833
13736766.917129809
2071907.5782128891
0
6370737.710360394
10240056.768926235
3117644.881421872
7609697.475852769
0
0
38744606.216814235
1237678.285326199
22891969.73608868
34825423.10941821
8149971.434720983
20665897.72093997
0
5122889.809472774
10666861.568610704
46308532.37838574
0
23607797.548242062
2375705.265810555
0
18018839.110035475
3098452.052235116
0
794411.681686517
10912981.829870697
1532407.7032852583
2071907.5782128891
4378922.354273024
5400872.183004519
0
16297184.18819644
2545584.4122715713
11923788.637063976
22366171.42837066
2752542.4949482614
29522715.3540624
14625019.27848302
9052855.093505032
4194304.0
18154609.435347266
1367894.1331667448
2983631.6660177745
2345485.5088019622
6400324.571769779
19408098.445151806
9336159.212174565
2560684.698519519
0
9674736.920546005
3854987.7791100712
3600338.3840966946
10574734.94476339
8230844.15597817
1641408.0898350659
23691364.924799077
2281500.0
2027877.4149617625
5061538.245540776
30939465.13202838
4383105.189702843
28114788.622234244
11977059.42325945
11764452.030398697
0
9740236.845623827
4746430.76725575
9417733.196475679
29537813.365681898
19619437.74618957
10928831.593541918
11977059.42325945
37723763.12087647
12030409.304978447
0
50118922.96234882
22120540.66247604
4790572.234298529
14764240.717625814
2042519.0939386587
24103899.710420307
3118858.9403818827
14033878.797057925
4284717.198369106
19267630.040761318
20188392.12805933
18343590.209015463
