0 34 495 4624 11013.054753337059 50924365.17943056
1 25 484 2500 10648.0 26620000.0
2 1 38 4 234.2477321128211 936.9909284512844
3 6 332 144 742.5415813272682 106925.98771112663
4 0 50 0 1.0 0.0
5 0 50 0 1.0 0.0
6 1 58 4 22.627416997969522 90.50966799187809
7 0 50 0 1.0 0.0
8 2 17 16 70.09279563550022 1121.4847301680036
9 0 50 0 1.0 0.0
10 1 39 4 243.55492193753753 974.2196877501501
11 0 50 0 1.0 0.0
12 0 50 0 1.0 0.0
13 0 50 0 1.0 0.0
14 0 2 0 2.8284271247461903 0.0
15 0 50 0 1.0 0.0
16 1 42 4 272.19110933313016 1088.7644373325206
17 1 23 4 110.30412503619254 441.2165001447702
18 2 37 16 225.06221362103412 3600.995417936546
19 0 2 0 2.8284271247461903 0.0
20 3 69 36 82.8190799272728 2981.4868773818207
21 27 440 2916 9229.517863897334 26913274.091124624
22 0 2 0 2.8284271247461903 0.0
23 0 50 0 1.0 0.0
24 0 50 0 1.0 0.0
25 0 5 0 11.180339887498949 0.0
26 10 156 400 1948.4393755003002 779375.75020012
27 0 2 0 2.8284271247461903 0.0
28 0 50 0 1.0 0.0
29 0 50 0 1.0 0.0
30 16 179 1024 2394.8567806864776 2452333.343422953
31 8 91 256 868.0846732894205 222229.67636209165
32 1 58 4 22.627416997969522 90.50966799187809
33 0 50 0 1.0 0.0
34 5 57 100 430.34056281043274 43034.056281043275
35 2 13 16 46.87216658103186 749.9546652965098
36 2 24 16 117.57550765359255 1881.2081224574808
37 0 50 0 1.0 0.0
38 1 20 4 89.44271909999159 357.77087639996637
39 0 50 0 1.0 0.0
40 2 59 16 27.0 432.0
41 0 2 0 2.8284271247461903 0.0
42 11 207 484 2978.2113759771987 1441454.3059729643
43 0 13 0 46.87216658103186 0.0
44 0 50 0 1.0 0.0
45 2 56 16 14.696938456699069 235.1510153071851
46 1 40 4 252.98221281347034 1011.9288512538814
47 15 317 900 5644.024539280459 5079622.085352413
48 0 50 0 1.0 0.0
49 0 50 0 1.0 0.0
50 0 50 0 1.0 0.0
51 1 15 4 58.09475019311125 232.379000772445
52 1 26 4 132.5745073534124 530.2980294136496
53 2 44 16 291.8629815512752 4669.807704820403
54 12 228 576 3442.724502483462 1983009.3134304741
55 1 6 4 14.696938456699069 58.787753826796276
56 13 273 676 4510.7002782273175 3049233.3880816665
57 1 13 4 46.87216658103186 187.48866632412745
58 1 9 4 27.0 108.0
59 27 421 2916 8638.197786575623 25188984.74565452
60 0 5 0 11.180339887498949 0.0
61 0 50 0 1.0 0.0
62 8 98 256 970.1505037879432 248358.52896971346
63 1 10 4 31.622776601683793 126.49110640673517
64 5 42 100 272.19110933313016 27219.110933313015
65 0 50 0 1.0 0.0
66 0 50 0 1.0 0.0
67 0 5 0 11.180339887498949 0.0
68 19 298 1444 5144.277597486356 7428336.850770298
69 3 78 36 148.16207341961706 5333.834643106215
70 6 54 144 396.81733833087486 57141.69671964598
71 3 38 36 234.2477321128211 8432.91835606156
72 0 50 0 1.0 0.0
73 3 42 36 272.19110933313016 9798.879935992685
74 0 50 0 1.0 0.0
75 5 151 100 1015.0374377332099 101503.743773321
76 1 8 4 22.627416997969522 90.50966799187809
77 0 50 0 1.0 0.0
78 0 50 0 1.0 0.0
79 13 181 676 2435.1059525203414 1646131.6239037507
80 1 7 4 18.520259177452132 74.08103670980853
81 0 50 0 1.0 0.0
82 1 22 4 103.18914671611545 412.7565868644618
83 1 22 4 103.18914671611545 412.7565868644618
84 0 50 0 1.0 0.0
85 1 15 4 58.09475019311125 232.379000772445
86 2 50 16 353.5533905932738 5656.85424949238
87 0 7 0 18.520259177452132 0.0
88 1 9 4 27.0 108.0
89 1 50 4 1.0 4.0
90 0 50 0 1.0 0.0
91 0 50 0 1.0 0.0
92 1 24 4 117.57550765359255 470.3020306143702
93 1 15 4 58.09475019311125 232.379000772445
94 1 9 4 27.0 108.0
95 1 6 4 14.696938456699069 58.787753826796276
96 3 68 36 560.7423650840018 20186.725143024065
97 0 50 0 1.0 0.0
98 0 50 0 1.0 0.0
99 0 50 0 1.0 0.0
100 19 452 1444 9609.651814712122 13876337.220444305
101 6 363 144 1201.2064768390153 172973.7326648182
102 1 55 4 11.180339887498949 44.721359549995796
103 19 330 1444 5994.747701113033 8656415.68040722
104 24 429 2304 8885.583211022224 20472383.718195204
105 31 522 3844 11926.30068378288 45844699.828461386
106 12 208 576 2999.818661186039 1727895.5488431586
107 22 441 1936 9261.0 17929296.0
108 30 446 3600 9418.945588546523 33908204.118767485
109 16 286 1024 4836.6988742323 4952779.647213875
110 24 378 2304 7349.159951994514 16932464.52939536
111 15 197 900 2765.0267629807854 2488524.086682707
112 10 145 400 1746.0312139248829 698412.4855699531
113 20 333 1600 6076.6797677679215 9722687.628428675
114 20 307 1600 5379.074548656116 8606519.277849786
115 3 41 36 262.5280937347468 9451.011374450885
116 24 354 2304 6660.47025366828 15345723.464451717
117 23 574 2116 11551.312955677377 24442578.21421333
118 23 341 2116 6296.969191603212 13324386.809432395
119 37 616 5476 15288.717931860736 83721019.39486939
120 27 408 2916 8241.196029703455 24031327.622615274
121 18 258 1296 4144.093628285925 5370745.342258559
122 20 273 1600 4510.7002782273175 7217120.445163708
123 0 50 0 1.0 0.0
124 25 516 2500 11721.266825731765 29303167.064329416
125 10 145 400 1746.0312139248829 698412.4855699531
126 9 166 324 2138.760388636371 692958.3659181842
127 17 230 1156 3488.1227042637133 4032269.8461288526
128 5 125 100 1397.5424859373686 139754.24859373685
129 12 194 576 2702.1073257737194 1556413.8196456623
130 26 507 2704 11415.94687268647 30868720.34374422
131 30 585 3600 14149.262348263954 50937344.45375023
132 23 345 2116 6408.090589247315 13559519.686847318
133 25 352 2500 6604.1053898313885 16510263.474578472
134 11 187 484 2557.1865399301632 1237678.285326199
135 0 50 0 1.0 0.0
136 22 273 1936 4510.7002782273175 8732715.738648087
137 22 354 1936 6660.47025366828 12894670.41110179
138 20 429 1600 8885.583211022224 14216933.137635557
139 23 402 2116 8060.074937616895 17055118.56799735
140 22 345 1936 6408.090589247315 12406063.380782802
141 18 298 1296 5144.277597486356 6666983.766342318
142 10 184 400 2495.8974337900986 998358.9735160394
143 12 189 576 2598.3204190399615 1496632.561367018
144 23 373 2116 7203.826552603831 15243296.985309707
145 18 319 1296 5697.522180737868 7383988.746236278
146 28 446 3136 9418.945588546523 29537813.365681898
147 24 338 2304 6214.054393067379 14317181.321627242
148 32 458 4096 9801.628028036976 40147468.40283945
149 22 351 1936 6575.982892313514 12731102.879518963
150 28 436 3136 9103.94727577 28549978.65681472
151 28 426 3136 8792.540929674426 27573408.355458997
152 18 401 1296 8030.018742194815 10406904.28988448
153 27 412 2916 8362.686649635989 24385594.270338543
154 12 184 576 2495.8974337900986 1437636.9218630968
155 25 418 2500 8546.030189509045 21365075.47377261
156 23 489 2116 10813.425405485536 22881208.158007395
157 14 258 784 4144.093628285925 3248969.404576165
158 24 388 2304 7642.713654193777 17608812.25926246
159 23 306 2116 5352.813839467985 11326554.084314257
160 17 281 1156 4710.418346601499 5445243.608671333
161 15 182 900 2455.3142365082317 2209782.8128574085
162 27 392 2916 7761.204030303546 22631670.952365138
163 23 325 2116 5859.020822628982 12397688.060682926
164 17 300 1156 5196.152422706632 6006752.200648867
165 25 459 2500 9833.746946103505 24584367.365258764
166 14 240 784 3718.06401235912 2914962.1856895504
167 29 489 3364 10813.425405485536 36376363.06405334
168 18 322 1296 5778.083419266288 7488396.111369109
169 19 289 1444 4913.0 7094372.0
170 26 547 2704 12793.25302649799 34592956.18365057
171 16 225 1024 3375.0 3456000.0
172 22 476 1936 10385.0939331332 20105541.854545873
173 25 448 2500 9482.372698855492 23705931.74713873
174 19 304 1444 5300.421115345459 7653808.090558843
175 17 326 1156 5886.083247797299 6804312.234453677
176 16 303 1024 5274.289241215351 5400872.183004519
177 28 529 3136 12167.0 38155712.0
178 28 330 3136 5994.747701113033 18799528.79069047
179 20 545 1600 12723.15310762234 20357044.972195745
180 18 347 1296 6463.8937955384135 8377206.359017784
181 22 319 1936 5697.522180737868 11030402.941908514
182 24 403 2304 8090.168539653547 18639748.31536177
183 23 369 2116 7088.258530838163 14998755.051253553
184 17 294 1156 5041.049890647781 5827453.673588835
185 17 356 1156 6716.994566024302 7764845.718324093
186 33 579 4356 13932.140503167488 60688404.03179757
187 31 441 3844 9261.0 35599284.0
188 19 301 1444 5222.154823442139 7540791.565050448
189 19 253 1444 4024.2113513084773 5810961.191289442
190 28 489 3136 10813.425405485536 33910902.07160264
191 22 537 1936 12444.040862999445 24091663.110766925
192 20 336 1600 6158.981734020649 9854370.77443304
193 25 421 2500 8638.197786575623 21595494.466439057
194 21 309 1764 5431.724311855306 9581561.68611276
195 25 438 2500 9166.660896967882 22916652.242419705
196 30 445 3600 9387.285283829398 33794227.02178583
197 25 432 2500 8978.95138643706 22447378.46609265
198 27 445 2916 9387.285283829398 27373323.887646526
199 30 505 3600 11348.463552393338 40854468.78861602
4001's generation fitness ratios and roulette cutoffs:
83721019.39486939 1754866218.583127 8774331.092915636 0.029018944373176616 0.029018944373176616
83721019.39486939 1754866218.583127 8774331.092915636 0.015169247500526221 0.044188191873702834
83721019.39486939 1754866218.583127 8774331.092915636 5.339386663946427e-07 0.044188725812369226
83721019.39486939 1754866218.583127 8774331.092915636 6.0931133427058786e-05 0.04424965694579629
83721019.39486939 1754866218.583127 8774331.092915636 0.0 0.04424965694579629
83721019.39486939 1754866218.583127 8774331.092915636 0.0 0.04424965694579629
83721019.39486939 1754866218.583127 8774331.092915636 5.1576391996966746e-08 0.044249708522188284
83721019.39486939 1754866218.583127 8774331.092915636 0.0 0.044249708522188284
83721019.39486939 1754866218.583127 8774331.092915636 6.39071353868494e-07 0.044250347593542155
83721019.39486939 1754866218.583127 8774331.092915636 0.0 0.044250347593542155
83721019.39486939 1754866218.583127 8774331.092915636 5.551532518169572e-07 0.044250902746793976
83721019.39486939 1754866218.583127 8774331.092915636 0.0 0.044250902746793976
83721019.39486939 1754866218.583127 8774331.092915636 0.0 0.044250902746793976
83721019.39486939 1754866218.583127 8774331.092915636 0.0 0.044250902746793976
83721019.39486939 1754866218.583127 8774331.092915636 0.0 0.044250902746793976
83721019.39486939 1754866218.583127 8774331.092915636 0.0 0.044250902746793976
83721019.39486939 1754866218.583127 8774331.092915636 6.204258910468886e-07 0.04425152317268502
83721019.39486939 1754866218.583127 8774331.092915636 2.514245789636357e-07 0.04425177459726398
83721019.39486939 1754866218.583127 8774331.092915636 2.0520056627701097e-06 0.04425382660292675
83721019.39486939 1754866218.583127 8774331.092915636 0.0 0.04425382660292675
83721019.39486939 1754866218.583127 8774331.092915636 1.6989824328540912e-06 0.044255525585359605
83721019.39486939 1754866218.583127 8774331.092915636 0.015336367984138592 0.0595918935694982
83721019.39486939 1754866218.583127 8774331.092915636 0.0 0.0595918935694982
83721019.39486939 1754866218.583127 8774331.092915636 0.0 0.0595918935694982
83721019.39486939 1754866218.583127 8774331.092915636 0.0 0.0595918935694982
83721019.39486939 1754866218.583127 8774331.092915636 0.0 0.0595918935694982
83721019.39486939 1754866218.583127 8774331.092915636 0.0004441226014535657 0.060036016170951764
83721019.39486939 1754866218.583127 8774331.092915636 0.0 0.060036016170951764
83721019.39486939 1754866218.583127 8774331.092915636 0.0 0.060036016170951764
83721019.39486939 1754866218.583127 8774331.092915636 0.0 0.060036016170951764
83721019.39486939 1754866218.583127 8774331.092915636 0.0013974474620652045 0.061433463633016966
83721019.39486939 1754866218.583127 8774331.092915636 0.00012663624953788166 0.06156009988255485
83721019.39486939 1754866218.583127 8774331.092915636 5.1576391996966746e-08 0.061560151458946846
83721019.39486939 1754866218.583127 8774331.092915636 0.0 0.061560151458946846
83721019.39486939 1754866218.583127 8774331.092915636 2.4522699123918873e-05 0.061584674158070764
83721019.39486939 1754866218.583127 8774331.092915636 4.2735717250402176e-07 0.06158510151524327
83721019.39486939 1754866218.583127 8774331.092915636 1.0719951769180227e-06 0.061586173510420186
83721019.39486939 1754866218.583127 8774331.092915636 0.0 0.061586173510420186
83721019.39486939 1754866218.583127 8774331.092915636 2.038735902551189e-07 0.06158637738401044
83721019.39486939 1754866218.583127 8774331.092915636 0.0 0.06158637738401044
83721019.39486939 1754866218.583127 8774331.092915636 2.4617261157878765e-07 0.06158662355662202
83721019.39486939 1754866218.583127 8774331.092915636 0.0 0.06158662355662202
83721019.39486939 1754866218.583127 8774331.092915636 0.0008214040994741978 0.06240802765609622
83721019.39486939 1754866218.583127 8774331.092915636 0.0 0.06240802765609622
83721019.39486939 1754866218.583127 8774331.092915636 0.0 0.06240802765609622
83721019.39486939 1754866218.583127 8774331.092915636 1.3399939711475284e-07 0.06240816165549333
83721019.39486939 1754866218.583127 8774331.092915636 5.766415926969688e-07 0.06240873829708603
83721019.39486939 1754866218.583127 8774331.092915636 0.0028945922096863218 0.06530333050677235
83721019.39486939 1754866218.583127 8774331.092915636 0.0 0.06530333050677235
83721019.39486939 1754866218.583127 8774331.092915636 0.0 0.06530333050677235
83721019.39486939 1754866218.583127 8774331.092915636 0.0 0.06530333050677235
83721019.39486939 1754866218.583127 8774331.092915636 1.324197812412544e-07 0.06530346292655359
83721019.39486939 1754866218.583127 8774331.092915636 3.0218715466630294e-07 0.06530376511370825
83721019.39486939 1754866218.583127 8774331.092915636 2.661061940431442e-06 0.06530642617564868
83721019.39486939 1754866218.583127 8774331.092915636 0.0011300059756301818 0.06643643215127885
83721019.39486939 1754866218.583127 8774331.092915636 3.349984927868821e-08 0.06643646565112814
83721019.39486939 1754866218.583127 8774331.092915636 0.001737587376058562 0.0681740530271867
83721019.39486939 1754866218.583127 8774331.092915636 1.0683929312600544e-07 0.06817415986647982
83721019.39486939 1754866218.583127 8774331.092915636 6.154315289469691e-08 0.06817422140963271
83721019.39486939 1754866218.583127 8774331.092915636 0.014353792032074115 0.08252801344170682
83721019.39486939 1754866218.583127 8774331.092915636 0.0 0.08252801344170682
83721019.39486939 1754866218.583127 8774331.092915636 0.0 0.08252801344170682
83721019.39486939 1754866218.583127 8774331.092915636 0.00014152561963967674 0.0826695390613465
83721019.39486939 1754866218.583127 8774331.092915636 7.20801990871211e-08 0.08266961114154558
83721019.39486939 1754866218.583127 8774331.092915636 1.5510647276172215e-05 0.08268512178882176
83721019.39486939 1754866218.583127 8774331.092915636 0.0 0.08268512178882176
83721019.39486939 1754866218.583127 8774331.092915636 0.0 0.08268512178882176
83721019.39486939 1754866218.583127 8774331.092915636 0.0 0.08268512178882176
83721019.39486939 1754866218.583127 8774331.092915636 0.004232993245928406 0.08691811503475017
83721019.39486939 1754866218.583127 8774331.092915636 3.0394537125529343e-06 0.08692115448846272
83721019.39486939 1754866218.583127 8774331.092915636 3.256185349888494e-05 0.0869537163419616
83721019.39486939 1754866218.583127 8774331.092915636 4.8054479975517845e-06 0.08695852178995915
83721019.39486939 1754866218.583127 8774331.092915636 0.0 0.08695852178995915
83721019.39486939 1754866218.583127 8774331.092915636 5.583833019421997e-06 0.08696410562297857
83721019.39486939 1754866218.583127 8774331.092915636 0.0 0.08696410562297857
83721019.39486939 1754866218.583127 8774331.092915636 5.784130020764476e-05 0.08702194692318621
83721019.39486939 1754866218.583127 8774331.092915636 5.1576391996966746e-08 0.0870219984995782
83721019.39486939 1754866218.583127 8774331.092915636 0.0 0.0870219984995782
83721019.39486939 1754866218.583127 8774331.092915636 0.0 0.0870219984995782
83721019.39486939 1754866218.583127 8774331.092915636 0.000938038242728743 0.08796003674230694
83721019.39486939 1754866218.583127 8774331.092915636 4.2214634896568526e-08 0.08796007895694184
83721019.39486939 1754866218.583127 8774331.092915636 0.0 0.08796007895694184
83721019.39486939 1754866218.583127 8774331.092915636 2.3520686790456315e-07 0.08796031416380974
83721019.39486939 1754866218.583127 8774331.092915636 2.3520686790456315e-07 0.08796054937067764
83721019.39486939 1754866218.583127 8774331.092915636 0.0 0.08796054937067764
83721019.39486939 1754866218.583127 8774331.092915636 1.324197812412544e-07 0.08796068179045888
83721019.39486939 1754866218.583127 8774331.092915636 3.2235244998104214e-06 0.08796390531495869
83721019.39486939 1754866218.583127 8774331.092915636 0.0 0.08796390531495869
83721019.39486939 1754866218.583127 8774331.092915636 6.154315289469691e-08 0.08796396685811159
83721019.39486939 1754866218.583127 8774331.092915636 2.2793760331369228e-09 0.08796396913748762
83721019.39486939 1754866218.583127 8774331.092915636 0.0 0.08796396913748762
83721019.39486939 1754866218.583127 8774331.092915636 0.0 0.08796396913748762
83721019.39486939 1754866218.583127 8774331.092915636 2.679987942295057e-07 0.08796423713628185
83721019.39486939 1754866218.583127 8774331.092915636 1.324197812412544e-07 0.08796436955606309
83721019.39486939 1754866218.583127 8774331.092915636 6.154315289469691e-08 0.08796443109921598
83721019.39486939 1754866218.583127 8774331.092915636 3.349984927868821e-08 0.08796446459906526
83721019.39486939 1754866218.583127 8774331.092915636 1.1503284369632893e-05 0.0879759678834349
83721019.39486939 1754866218.583127 8774331.092915636 0.0 0.0879759678834349
83721019.39486939 1754866218.583127 8774331.092915636 0.0 0.0879759678834349
83721019.39486939 1754866218.583127 8774331.092915636 0.0 0.0879759678834349
83721019.39486939 1754866218.583127 8774331.092915636 0.007907347622001643 0.09588331550543654
83721019.39486939 1754866218.583127 8774331.092915636 9.856804514960497e-05 0.09598188355058614
83721019.39486939 1754866218.583127 8774331.092915636 2.5484198781889862e-08 0.09598190903478492
83721019.39486939 1754866218.583127 8774331.092915636 0.004932806608697717 0.10091471564348263
83721019.39486939 1754866218.583127 8774331.092915636 0.011666065197109178 0.11258078084059181
83721019.39486939 1754866218.583127 8774331.092915636 0.02612432750883782 0.13870510834942962
83721019.39486939 1754866218.583127 8774331.092915636 0.0009846309254492663 0.13968973927487888
83721019.39486939 1754866218.583127 8774331.092915636 0.010216901898354424 0.1499066411732333
83721019.39486939 1754866218.583127 8774331.092915636 0.019322386948758322 0.16922902812199161
83721019.39486939 1754866218.583127 8774331.092915636 0.0028223118063169126 0.17205133992830854
83721019.39486939 1754866218.583127 8774331.092915636 0.009648863457561212 0.18170020338586976
83721019.39486939 1754866218.583127 8774331.092915636 0.0014180705402671281 0.1831182739261369
83721019.39486939 1754866218.583127 8774331.092915636 0.0003979861702129345 0.18351626009634983
83721019.39486939 1754866218.583127 8774331.092915636 0.005540415289479297 0.18905667538582913
83721019.39486939 1754866218.583127 8774331.092915636 0.004904373442665424 0.19396104882849455
83721019.39486939 1754866218.583127 8774331.092915636 5.385602203956948e-06 0.1939664344306985
83721019.39486939 1754866218.583127 8774331.092915636 0.008744668569004537 0.20271110299970305
83721019.39486939 1754866218.583127 8774331.092915636 0.013928456742388138 0.21663955974209118
83721019.39486939 1754866218.583127 8774331.092915636 0.007592821987416488 0.22423238172950766
83721019.39486939 1754866218.583127 8774331.092915636 0.047707921269614185 0.27194030299912186
83721019.39486939 1754866218.583127 8774331.092915636 0.01369410805686264 0.2856344110559845
83721019.39486939 1754866218.583127 8774331.092915636 0.003060487053306479 0.288694898109291
83721019.39486939 1754866218.583127 8774331.092915636 0.004112632842742159 0.29280753095203316
83721019.39486939 1754866218.583127 8774331.092915636 0.0 0.29280753095203316
83721019.39486939 1754866218.583127 8774331.092915636 0.016698234175359927 0.3095057651273931
83721019.39486939 1754866218.583127 8774331.092915636 0.0003979861702129345 0.309903751297606
83721019.39486939 1754866218.583127 8774331.092915636 0.0003948781728089087 0.3102986294704149
83721019.39486939 1754866218.583127 8774331.092915636 0.0022977648116017033 0.31259639428201663
83721019.39486939 1754866218.583127 8774331.092915636 7.963812119340581e-05 0.31267603240321
83721019.39486939 1754866218.583127 8774331.092915636 0.0008869130895358539 0.3135629454927459
83721019.39486939 1754866218.583127 8774331.092915636 0.01759035533128418 0.33115330082403005
83721019.39486939 1754866218.583127 8774331.092915636 0.02902634053487956 0.3601796413589096
83721019.39486939 1754866218.583127 8774331.092915636 0.007726811048762012 0.3679064524076716
83721019.39486939 1754866218.583127 8774331.092915636 0.009408274716182526 0.37731472712385417
83721019.39486939 1754866218.583127 8774331.092915636 0.000705283555076635 0.3780200106789308
83721019.39486939 1754866218.583127 8774331.092915636 0.0 0.3780200106789308
83721019.39486939 1754866218.583127 8774331.092915636 0.004976285739718012 0.38299629641864885
83721019.39486939 1754866218.583127 8774331.092915636 0.007347950672566312 0.3903442470912152
83721019.39486939 1754866218.583127 8774331.092915636 0.00810143416465915 0.3984456812558743
83721019.39486939 1754866218.583127 8774331.092915636 0.00971875712655042 0.4081644383824247
83721019.39486939 1754866218.583127 8774331.092915636 0.007069520883933486 0.4152339592663582
83721019.39486939 1754866218.583127 8774331.092915636 0.003799140752578403 0.4190331000189366
83721019.39486939 1754866218.583127 8774331.092915636 0.00056890887917491 0.41960200889811156
83721019.39486939 1754866218.583127 8774331.092915636 0.0008528470976980763 0.4204548559958096
83721019.39486939 1754866218.583127 8774331.092915636 0.008686301453575813 0.4291411574493854
83721019.39486939 1754866218.583127 8774331.092915636 0.004207721744280931 0.4333488791936663
83721019.39486939 1754866218.583127 8774331.092915636 0.016831945964251697 0.450180825157918
83721019.39486939 1754866218.583127 8774331.092915636 0.008158559991648186 0.4583393851495662
83721019.39486939 1754866218.583127 8774331.092915636 0.022877794317138534 0.4812171794667047
83721019.39486939 1754866218.583127 8774331.092915636 0.007254742694743997 0.48847192216144875
83721019.39486939 1754866218.583127 8774331.092915636 0.016269034274228537 0.5047409564356773
83721019.39486939 1754866218.583127 8774331.092915636 0.01571254153933265 0.52045349797501
83721019.39486939 1754866218.583127 8774331.092915636 0.005930312054378127 0.526383810029388
83721019.39486939 1754866218.583127 8774331.092915636 0.013895984783402685 0.5402797948127908
83721019.39486939 1754866218.583127 8774331.092915636 0.0008192287860118704 0.5410990235988026
83721019.39486939 1754866218.583127 8774331.092915636 0.012174760245269693 0.5532737838440722
83721019.39486939 1754866218.583127 8774331.092915636 0.013038719371144772 0.566312503215217
83721019.39486939 1754866218.583127 8774331.092915636 0.0018514057482965122 0.5681639089635135
83721019.39486939 1754866218.583127 8774331.092915636 0.010034276158942621 0.5781981851224561
83721019.39486939 1754866218.583127 8774331.092915636 0.0064543689794537605 0.5846525541019099
83721019.39486939 1754866218.583127 8774331.092915636 0.003102939444049361 0.5877554935459592
83721019.39486939 1754866218.583127 8774331.092915636 0.0012592314955162678 0.5890147250414756
83721019.39486939 1754866218.583127 8774331.092915636 0.012896522089665543 0.6019112471311411
83721019.39486939 1754866218.583127 8774331.092915636 0.007064748257957109 0.6089759953890982
83721019.39486939 1754866218.583127 8774331.092915636 0.0034229117507878735 0.6123989071398861
83721019.39486939 1754866218.583127 8774331.092915636 0.014009254440551086 0.6264081615804372
83721019.39486939 1754866218.583127 8774331.092915636 0.0016610737358902952 0.6280692353163275
83721019.39486939 1754866218.583127 8774331.092915636 0.020728852535222594 0.6487980878515501
83721019.39486939 1754866218.583127 8774331.092915636 0.004267217655722619 0.6530653055072727
83721019.39486939 1754866218.583127 8774331.092915636 0.004042685376739414 0.6571079908840122
83721019.39486939 1754866218.583127 8774331.092915636 0.019712588810092205 0.6768205796941044
83721019.39486939 1754866218.583127 8774331.092915636 0.001969380892630301 0.6787899605867347
83721019.39486939 1754866218.583127 8774331.092915636 0.011457022559120785 0.6902469831458554
83721019.39486939 1754866218.583127 8774331.092915636 0.01350868316690193 0.7037556663127573
83721019.39486939 1754866218.583127 8774331.092915636 0.004361476680962325 0.7081171429937196
83721019.39486939 1754866218.583127 8774331.092915636 0.0038773965572985133 0.7119945395510181
83721019.39486939 1754866218.583127 8774331.092915636 0.003077654652994098 0.7150721942040122
83721019.39486939 1754866218.583127 8774331.092915636 0.02174280386501872 0.736814998069031
83721019.39486939 1754866218.583127 8774331.092915636 0.010712798839941853 0.7475277969089728
83721019.39486939 1754866218.583127 8774331.092915636 0.011600340103778368 0.7591281370127512
83721019.39486939 1754866218.583127 8774331.092915636 0.00477370084984684 0.763901837862598
83721019.39486939 1754866218.583127 8774331.092915636 0.006285609025407318 0.7701874468880053
83721019.39486939 1754866218.583127 8774331.092915636 0.010621748893434988 0.7808091957814404
83721019.39486939 1754866218.583127 8774331.092915636 0.008546950697679677 0.78935614647912
83721019.39486939 1754866218.583127 8774331.092915636 0.0033207395594485266 0.7926768860385686
83721019.39486939 1754866218.583127 8774331.092915636 0.004424750807838448 0.797101636846407
83721019.39486939 1754866218.583127 8774331.092915636 0.0345829234098524 0.8316845602562594
83721019.39486939 1754866218.583127 8774331.092915636 0.02028603868660868 0.8519705989428681
83721019.39486939 1754866218.583127 8774331.092915636 0.004297074891064265 0.8562676738339323
83721019.39486939 1754866218.583127 8774331.092915636 0.0033113414172284837 0.8595790152511608
83721019.39486939 1754866218.583127 8774331.092915636 0.01932392436101607 0.8789029396121768
83721019.39486939 1754866218.583127 8774331.092915636 0.013728489873272761 0.8926314294854496
83721019.39486939 1754866218.583127 8774331.092915636 0.005615454141221901 0.8982468836266715
83721019.39486939 1754866218.583127 8774331.092915636 0.012306063127635556 0.9105529467543071
83721019.39486939 1754866218.583127 8774331.092915636 0.005459995516837107 0.9160129422711442
83721019.39486939 1754866218.583127 8774331.092915636 0.013058916970276249 0.9290718592414204
83721019.39486939 1754866218.583127 8774331.092915636 0.019257437782961698 0.9483292970243822
83721019.39486939 1754866218.583127 8774331.092915636 0.012791504120591362 0.9611208011449736
83721019.39486939 1754866218.583127 8774331.092915636 0.015598524604198976 0.9767193257491725
83721019.39486939 1754866218.583127 8774331.092915636 0.02328067425082795 1.0000000000000004
4001's generation extracting best parents:
50924365.17943056
26620000.0
0
0
0
0
0
0
0
0
0
0
0
0
0
0
0
0
0
0
0
26913274.091124624
0
0
0
0
0
0
0
0
2452333.343422953
0
0
0
0
0
0
0
0
0
0
0
1441454.3059729643
0
0
0
0
5079622.085352413
0
0
0
0
0
0
1983009.3134304741
0
3049233.3880816665
0
0
25188984.74565452
0
0
0
0
0
0
0
0
7428336.850770298
0
0
0
0
0
0
0
0
0
0
1646131.6239037507
0
0
0
0
0
0
0
0
0
0
0
0
0
0
0
0
0
0
0
0
13876337.220444305
0
0
8656415.68040722
20472383.718195204
45844699.828461386
1727895.5488431586
17929296.0
33908204.118767485
4952779.647213875
16932464.52939536
2488524.086682707
0
9722687.628428675
8606519.277849786
0
15345723.464451717
24442578.21421333
13324386.809432395
83721019.39486939
24031327.622615274
5370745.342258559
7217120.445163708
0
29303167.064329416
0
0
4032269.8461288526
0
1556413.8196456623
30868720.34374422
50937344.45375023
13559519.686847318
16510263.474578472
0
0
8732715.738648087
12894670.41110179
14216933.137635557
17055118.56799735
12406063.380782802
6666983.766342318
0
1496632.561367018
15243296.985309707
7383988.746236278
29537813.365681898
14317181.321627242
40147468.40283945
12731102.879518963
28549978.65681472
27573408.355458997
10406904.28988448
24385594.270338543
1437636.9218630968
21365075.47377261
22881208.158007395
3248969.404576165
17608812.25926246
11326554.084314257
5445243.608671333
2209782.8128574085
22631670.952365138
12397688.060682926
6006752.200648867
24584367.365258764
2914962.1856895504
36376363.06405334
7488396.111369109
7094372.0
34592956.18365057
3456000.0
20105541.854545873
23705931.74713873
7653808.090558843
6804312.234453677
5400872.183004519
38155712.0
18799528.79069047
20357044.972195745
8377206.359017784
11030402.941908514
18639748.31536177
14998755.051253553
5827453.673588835
7764845.718324093
60688404.03179757
35599284.0
7540791.565050448
5810961.191289442
33910902.07160264
24091663.110766925
9854370.77443304
21595494.466439057
9581561.68611276
22916652.242419705
33794227.02178583
22447378.46609265
27373323.887646526
40854468.78861602
