0 0 50 0 1.0 0.0
1 4 46 64 311.9871792237623 19967.17947032079
2 0 50 0 1.0 0.0
3 0 50 0 1.0 0.0
4 0 2 0 2.8284271247461903 0.0
5 1 17 4 70.09279563550022 280.3711825420009
6 1 60 4 31.622776601683793 126.49110640673517
7 2 39 16 243.55492193753753 3896.8787510006005
8 1 6 4 14.696938456699069 58.787753826796276
9 4 56 64 419.06562731868144 26820.200148395612
10 0 50 0 1.0 0.0
11 0 7 0 18.520259177452132 0.0
12 0 50 0 1.0 0.0
13 4 35 64 207.06279240848656 13252.01871414314
14 2 31 16 172.60069524773067 2761.6111239636907
15 0 50 0 1.0 0.0
16 1 13 4 46.87216658103186 187.48866632412745
17 2 17 16 70.09279563550022 1121.4847301680036
18 0 8 0 22.627416997969522 0.0
19 0 50 0 1.0 0.0
20 0 50 0 1.0 0.0
21 1 6 4 14.696938456699069 58.787753826796276
22 0 50 0 1.0 0.0
23 0 50 0 1.0 0.0
24 0 50 0 1.0 0.0
25 2 27 16 140.29611541307906 2244.737846609265
26 8 89 256 839.6243207530378 214943.82611277766
27 5 76 100 662.5526394181824 66255.26394181824
28 1 58 4 22.627416997969522 90.50966799187809
29 3 24 36 117.57550765359255 4232.718275529332
30 2 17 16 70.09279563550022 1121.4847301680036
31 3 30 36 164.31676725154983 5915.403621055794
32 10 170 400 2216.5288177689004 886611.5271075602
33 4 27 64 140.29611541307906 8978.95138643706
34 1 22 4 103.18914671611545 412.7565868644618
35 0 50 0 1.0 0.0
36 0 50 0 1.0 0.0
37 1 10 4 31.622776601683793 126.49110640673517
38 0 2 0 2.8284271247461903 0.0
39 0 5 0 11.180339887498949 0.0
40 2 18 16 76.36753236814714 1221.8805178903542
41 0 50 0 1.0 0.0
42 0 5 0 11.180339887498949 0.0
43 1 15 4 58.09475019311125 232.379000772445
44 0 50 0 1.0 0.0
45 0 5 0 11.180339887498949 0.0
46 0 6 0 14.696938456699069 0.0
47 0 7 0 18.520259177452132 0.0
48 1 18 4 76.36753236814714 305.47012947258855
49 1 50 4 1.0 4.0
50 2 22 16 103.18914671611545 1651.0263474578471
51 3 12 36 41.569219381653056 1496.49189773951
52 1 13 4 46.87216658103186 187.48866632412745
53 1 22 4 103.18914671611545 412.7565868644618
54 0 50 0 1.0 0.0
55 0 50 0 1.0 0.0
56 5 66 100 536.1865347059734 53618.65347059734
57 0 9 0 27.0 0.0
58 0 6 0 14.696938456699069 0.0
59 0 9 0 27.0 0.0
60 0 9 0 27.0 0.0
61 2 23 16 110.30412503619254 1764.8660005790807
62 0 5 0 11.180339887498949 0.0
63 0 50 0 1.0 0.0
64 4 45 64 301.8691769624716 19319.627325598183
65 1 32 4 181.01933598375618 724.0773439350247
66 5 82 100 742.5415813272682 74254.15813272682
67 0 6 0 14.696938456699069 0.0
68 0 2 0 2.8284271247461903 0.0
69 0 50 0 1.0 0.0
70 0 50 0 1.0 0.0
71 1 59 4 27.0 108.0
72 0 50 0 1.0 0.0
73 1 10 4 31.622776601683793 126.49110640673517
74 0 50 0 1.0 0.0
75 0 50 0 1.0 0.0
76 0 10 0 31.622776601683793 0.0
77 13 150 676 1837.1173070873836 1241891.2995910712
78 1 24 4 117.57550765359255 470.3020306143702
79 9 133 324 1533.830825091216 496961.187329554
80 0 2 0 2.8284271247461903 0.0
81 1 14 4 52.38320341483518 209.53281365934072
82 1 53 4 5.196152422706632 20.784609690826528
83 6 48 144 332.55375505322445 47887.74072766432
84 1 15 4 58.09475019311125 232.379000772445
85 1 58 4 22.627416997969522 90.50966799187809
86 0 5 0 11.180339887498949 0.0
87 0 2 0 2.8284271247461903 0.0
88 0 50 0 1.0 0.0
89 3 51 36 364.21284985568536 13111.662594804673
90 0 50 0 1.0 0.0
91 1 54 4 8.0 32.0
92 3 18 36 76.36753236814714 2749.231165253297
93 0 50 0 1.0 0.0
94 3 20 36 89.44271909999159 3219.937887599697
95 3 18 36 76.36753236814714 2749.231165253297
96 1 52 4 2.8284271247461903 11.313708498984761
97 1 20 4 89.44271909999159 357.77087639996637
98 15 189 900 2598.3204190399615 2338488.3771359655
99 4 87 64 225.06221362103412 14403.981671746184
100 14 124 784 1380.8055619818454 1082551.5605937669
101 1 22 4 103.18914671611545 412.7565868644618
102 4 57 64 430.34056281043274 27541.796019867696
103 4 48 64 332.55375505322445 21283.440323406365
104 12 170 576 2216.5288177689004 1276720.5990348866
105 5 60 100 464.75800154489 46475.800154489
106 7 79 196 702.1673589679315 137624.80235771457
107 2 40 16 252.98221281347034 4047.7154050155254
108 8 126 256 1414.3464922005498 362072.70200334076
109 3 31 36 172.60069524773067 6213.625028918304
110 5 83 100 756.1659870689768 75616.59870689768
111 2 9 16 27.0 432.0
112 11 150 484 1837.1173070873836 889164.7766302937
113 2 41 16 262.5280937347468 4200.449499755949
114 7 76 196 662.5526394181824 129860.31732596374
115 8 74 256 636.5720697611544 162962.4498588555
116 5 59 100 453.18759912424787 45318.759912424786
117 3 16 36 64.0 2304.0
118 0 50 0 1.0 0.0
119 2 30 16 164.31676725154983 2629.0682760247973
120 1 14 4 52.38320341483518 209.53281365934072
121 9 371 324 1331.0 431244.0
122 4 25 64 125.0 8000.0
123 1 23 4 110.30412503619254 441.2165001447702
124 4 74 64 636.5720697611544 40740.61246471388
125 7 104 196 1060.5960588272992 207876.82753015065
126 8 95 256 925.9454627568516 237042.038465754
127 2 35 16 207.06279240848656 3313.004678535785
128 5 96 100 940.6040612287404 94060.40612287405
129 6 71 144 598.2566338955214 86148.95528095508
130 9 109 324 1137.99340947125 368709.864668685
131 0 50 0 1.0 0.0
132 1 20 4 89.44271909999159 357.77087639996637
133 9 86 324 797.5311906126306 258400.1057584923
134 9 187 324 2557.1865399301632 828528.4389373729
135 1 14 4 52.38320341483518 209.53281365934072
136 2 40 16 252.98221281347034 4047.7154050155254
137 3 26 36 132.5745073534124 4772.682264722846
138 5 64 100 512.0 51200.0
139 11 108 484 1122.3689233046325 543226.5588794422
140 10 143 400 1710.0312862634999 684012.5145054
141 6 49 144 343.0 49392.0
142 0 50 0 1.0 0.0
143 8 80 256 715.5417527999327 183178.68871678278
144 6 33 144 189.57056733575496 27298.161696348714
145 0 50 0 1.0 0.0
146 10 108 400 1122.3689233046325 448947.569321853
147 9 97 324 955.3392067742221 309529.902994848
148 9 146 324 1764.1247121448075 571576.4067349177
149 1 14 4 52.38320341483518 209.53281365934072
150 5 90 100 252.98221281347034 25298.221281347032
151 4 48 64 332.55375505322445 21283.440323406365
152 5 66 100 536.1865347059734 53618.65347059734
153 2 47 16 322.21576621884907 5155.452259501585
154 12 180 576 2414.953415699773 1391013.1674430692
155 6 45 144 301.8691769624716 43469.16148259591
156 5 54 100 396.81733833087486 39681.733833087485
157 6 60 144 464.75800154489 66925.15222246417
158 4 43 64 281.96985654498604 18046.070818879107
159 11 109 484 1137.99340947125 550788.810184085
160 2 21 16 96.23408959407264 1539.7454335051623
161 8 87 256 811.4819776187269 207739.38627039408
162 10 136 400 1586.0189153979218 634407.5661591687
163 2 23 16 110.30412503619254 1764.8660005790807
164 4 80 64 715.5417527999327 45794.672179195695
165 4 23 64 110.30412503619254 7059.464002316323
166 3 42 36 272.19110933313016 9798.879935992685
167 11 114 484 1217.1869207315694 589118.4696340796
168 6 77 144 675.6722578291934 97296.80512740386
169 6 112 144 1185.2965873569365 170682.70857939887
170 8 108 256 1122.3689233046325 287326.4443659859
171 11 150 484 1837.1173070873836 889164.7766302937
172 15 176 900 2334.9038524102016 2101413.4671691814
173 3 64 36 52.38320341483518 1885.7953229340665
174 7 101 196 1015.0374377332099 198947.33779570914
175 9 91 324 868.0846732894205 281259.43414577225
176 6 75 144 649.519052838329 93530.74360871938
177 10 103 400 1045.3358312044986 418134.3324817995
178 9 137 324 1603.5438877685885 519548.2196370227
179 12 361 576 1169.4575665666541 673607.5583423928
180 7 62 196 488.18848818873226 95684.94368499152
181 11 194 484 2702.1073257737194 1307819.9456744802
182 11 174 484 2295.2176367394877 1110885.336181912
183 0 50 0 1.0 0.0
184 14 139 784 1638.785831034672 1284808.0915311829
185 6 52 144 374.9773326482549 53996.73590134871
186 5 85 100 207.06279240848656 20706.279240848657
187 10 130 400 1482.2280526288794 592891.2210515518
188 9 128 324 1448.1546878700494 469202.118869896
189 0 50 0 1.0 0.0
190 5 71 100 598.2566338955214 59825.663389552145
191 9 102 324 1030.1495037129318 333768.4392029899
192 8 119 256 1298.13674164165 332323.0058602624
193 5 109 100 453.18759912424787 45318.759912424786
194 14 190 784 2618.969262897142 2053271.9021113594
195 6 51 144 364.21284985568536 52446.65037921869
196 5 86 100 797.5311906126306 79753.11906126306
197 13 164 676 2100.2247498779743 1419751.9309175105
198 9 101 324 1015.0374377332099 328872.12982556
199 6 323 144 623.7122734081797 89814.56737077788
701's generation fitness ratios and roulette cutoffs:
2338488.3771359655 34474328.21255792 172371.6410627896 0.0 0.0
2338488.3771359655 34474328.21255792 172371.6410627896 0.0005791898060263686 0.0005791898060263686
2338488.3771359655 34474328.21255792 172371.6410627896 0.0 0.0005791898060263686
2338488.3771359655 34474328.21255792 172371.6410627896 0.0 0.0005791898060263686
2338488.3771359655 34474328.21255792 172371.6410627896 0.0 0.0005791898060263686
2338488.3771359655 34474328.21255792 172371.6410627896 8.132752604004925e-06 0.0005873225586303736
2338488.3771359655 34474328.21255792 172371.6410627896 3.6691391236641538e-06 0.0005909916977540377
2338488.3771359655 34474328.21255792 172371.6410627896 0.00011303711930146008 0.0007040288170554978
2338488.3771359655 34474328.21255792 172371.6410627896 1.7052617665043213e-06 0.0007057340788220022
2338488.3771359655 34474328.21255792 172371.6410627896 0.000777976005305474 0.0014837100841274763
2338488.3771359655 34474328.21255792 172371.6410627896 0.0 0.0014837100841274763
2338488.3771359655 34474328.21255792 172371.6410627896 0.0 0.0014837100841274763
2338488.3771359655 34474328.21255792 172371.6410627896 0.0 0.0014837100841274763
2338488.3771359655 34474328.21255792 172371.6410627896 0.0003844025221444589 0.0018681126062719353
2338488.3771359655 34474328.21255792 172371.6410627896 8.010630713197545e-05 0.0019482189134039107
2338488.3771359655 34474328.21255792 172371.6410627896 0.0 0.0019482189134039107
2338488.3771359655 34474328.21255792 172371.6410627896 5.438500938093152e-06 0.001953657414342004
2338488.3771359655 34474328.21255792 172371.6410627896 3.25310104160197e-05 0.0019861884247580237
2338488.3771359655 34474328.21255792 172371.6410627896 0.0 0.0019861884247580237
2338488.3771359655 34474328.21255792 172371.6410627896 0.0 0.0019861884247580237
2338488.3771359655 34474328.21255792 172371.6410627896 0.0 0.0019861884247580237
2338488.3771359655 34474328.21255792 172371.6410627896 1.7052617665043213e-06 0.001987893686524528
2338488.3771359655 34474328.21255792 172371.6410627896 0.0 0.001987893686524528
2338488.3771359655 34474328.21255792 172371.6410627896 0.0 0.001987893686524528
2338488.3771359655 34474328.21255792 172371.6410627896 0.0 0.001987893686524528
2338488.3771359655 34474328.21255792 172371.6410627896 6.511331657484125e-05 0.002053007003099369
2338488.3771359655 34474328.21255792 172371.6410627896 0.006234895275913755 0.008287902279013125
2338488.3771359655 34474328.21255792 172371.6410627896 0.001921872517233955 0.01020977479624708
2338488.3771359655 34474328.21255792 172371.6410627896 2.6254222398134576e-06 0.010212400218486893
2338488.3771359655 34474328.21255792 172371.6410627896 0.00012277884718831113 0.010335179065675205
2338488.3771359655 34474328.21255792 172371.6410627896 3.25310104160197e-05 0.010367710076091224
2338488.3771359655 34474328.21255792 172371.6410627896 0.00017158865532007663 0.0105392987314113
2338488.3771359655 34474328.21255792 172371.6410627896 0.025718021875320993 0.03625732060673229
2338488.3771359655 34474328.21255792 172371.6410627896 0.000260453266299365 0.03651777387303166
2338488.3771359655 34474328.21255792 172371.6410627896 1.1972868167859105e-05 0.03652974674119951
2338488.3771359655 34474328.21255792 172371.6410627896 0.0 0.03652974674119951
2338488.3771359655 34474328.21255792 172371.6410627896 0.0 0.03652974674119951
2338488.3771359655 34474328.21255792 172371.6410627896 3.6691391236641538e-06 0.036533415880323175
2338488.3771359655 34474328.21255792 172371.6410627896 0.0 0.036533415880323175
2338488.3771359655 34474328.21255792 172371.6410627896 0.0 0.036533415880323175
2338488.3771359655 34474328.21255792 172371.6410627896 3.544320023748168e-05 0.03656885908056066
2338488.3771359655 34474328.21255792 172371.6410627896 0.0 0.03656885908056066
2338488.3771359655 34474328.21255792 172371.6410627896 0.0 0.03656885908056066
2338488.3771359655 34474328.21255792 172371.6410627896 6.740638986194852e-06 0.03657559971954685
2338488.3771359655 34474328.21255792 172371.6410627896 0.0 0.03657559971954685
2338488.3771359655 34474328.21255792 172371.6410627896 0.0 0.03657559971954685
2338488.3771359655 34474328.21255792 172371.6410627896 0.0 0.03657559971954685
2338488.3771359655 34474328.21255792 172371.6410627896 0.0 0.03657559971954685
2338488.3771359655 34474328.21255792 172371.6410627896 8.86080005937042e-06 0.036584460519606225
2338488.3771359655 34474328.21255792 172371.6410627896 1.1602836682812937e-07 0.036584576547973056
2338488.3771359655 34474328.21255792 172371.6410627896 4.789147267143642e-05 0.036632468020644494
2338488.3771359655 34474328.21255792 172371.6410627896 4.340887771656084e-05 0.036675876898361055
2338488.3771359655 34474328.21255792 172371.6410627896 5.438500938093152e-06 0.03668131539929915
2338488.3771359655 34474328.21255792 172371.6410627896 1.1972868167859105e-05 0.036693288267467004
2338488.3771359655 34474328.21255792 172371.6410627896 0.0 0.036693288267467004
2338488.3771359655 34474328.21255792 172371.6410627896 0.0 0.036693288267467004
2338488.3771359655 34474328.21255792 172371.6410627896 0.001555321198429205 0.038248609465896206
2338488.3771359655 34474328.21255792 172371.6410627896 0.0 0.038248609465896206
2338488.3771359655 34474328.21255792 172371.6410627896 0.0 0.038248609465896206
2338488.3771359655 34474328.21255792 172371.6410627896 0.0 0.038248609465896206
2338488.3771359655 34474328.21255792 172371.6410627896 0.0 0.038248609465896206
2338488.3771359655 34474328.21255792 172371.6410627896 5.1193629929420796e-05 0.038299803095825626
2338488.3771359655 34474328.21255792 172371.6410627896 0.0 0.038299803095825626
2338488.3771359655 34474328.21255792 172371.6410627896 0.0 0.038299803095825626
2338488.3771359655 34474328.21255792 172371.6410627896 0.0005604062015793145 0.03886020929740494
2338488.3771359655 34474328.21255792 172371.6410627896 2.100337791850766e-05 0.03888121267532345
2338488.3771359655 34474328.21255792 172371.6410627896 0.0021538971745844885 0.041035109849907936
2338488.3771359655 34474328.21255792 172371.6410627896 0.0 0.041035109849907936
2338488.3771359655 34474328.21255792 172371.6410627896 0.0 0.041035109849907936
2338488.3771359655 34474328.21255792 172371.6410627896 0.0 0.041035109849907936
2338488.3771359655 34474328.21255792 172371.6410627896 0.0 0.041035109849907936
2338488.3771359655 34474328.21255792 172371.6410627896 3.1327659043594934e-06 0.04103824261581229
2338488.3771359655 34474328.21255792 172371.6410627896 0.0 0.04103824261581229
2338488.3771359655 34474328.21255792 172371.6410627896 3.6691391236641538e-06 0.041041911754935954
2338488.3771359655 34474328.21255792 172371.6410627896 0.0 0.041041911754935954
2338488.3771359655 34474328.21255792 172371.6410627896 0.0 0.041041911754935954
2338488.3771359655 34474328.21255792 172371.6410627896 0.0 0.041041911754935954
2338488.3771359655 34474328.21255792 172371.6410627896 0.03602365481740378 0.07706556657233973
2338488.3771359655 34474328.21255792 172371.6410627896 1.364209413203457e-05 0.07707920866647176
2338488.3771359655 34474328.21255792 172371.6410627896 0.014415398735704053 0.09149460740217581
2338488.3771359655 34474328.21255792 172371.6410627896 0.0 0.09149460740217581
2338488.3771359655 34474328.21255792 172371.6410627896 6.077937541449016e-06 0.09150068533971727
2338488.3771359655 34474328.21255792 172371.6410627896 6.029010793966783e-07 0.09150128824079666
2338488.3771359655 34474328.21255792 172371.6410627896 0.0013890840869299468 0.09289037232772661
2338488.3771359655 34474328.21255792 172371.6410627896 6.740638986194852e-06 0.0928971129667128
2338488.3771359655 34474328.21255792 172371.6410627896 2.6254222398134576e-06 0.09289973838895262
2338488.3771359655 34474328.21255792 172371.6410627896 0.0 0.09289973838895262
2338488.3771359655 34474328.21255792 172371.6410627896 0.0 0.09289973838895262
2338488.3771359655 34474328.21255792 172371.6410627896 0.0 0.09289973838895262
2338488.3771359655 34474328.21255792 172371.6410627896 0.0003803311993191648 0.09328006958827179
2338488.3771359655 34474328.21255792 172371.6410627896 0.0 0.09328006958827179
2338488.3771359655 34474328.21255792 172371.6410627896 9.28226934625035e-07 0.0932809978152064
2338488.3771359655 34474328.21255792 172371.6410627896 7.974720053433379e-05 0.09336074501574074
2338488.3771359655 34474328.21255792 172371.6410627896 0.0 0.09336074501574074
2338488.3771359655 34474328.21255792 172371.6410627896 9.340103359655242e-05 0.09345414604933729
2338488.3771359655 34474328.21255792 172371.6410627896 7.974720053433379e-05 0.09353389324987162
2338488.3771359655 34474328.21255792 172371.6410627896 3.281777799766822e-07 0.0935342214276516
2338488.3771359655 34474328.21255792 172371.6410627896 1.0377892621839158e-05 0.09354459932027344
2338488.3771359655 34474328.21255792 172371.6410627896 0.06783274681141219 0.16137734613168564
2338488.3771359655 34474328.21255792 172371.6410627896 0.0004178176172987546 0.1617951637489844
2338488.3771359655 34474328.21255792 172371.6410627896 0.031401672395734374 0.19319683614471878
2338488.3771359655 34474328.21255792 172371.6410627896 1.1972868167859105e-05 0.19320880901288665
2338488.3771359655 34474328.21255792 172371.6410627896 0.0007989074029246807 0.19400771641581133
2338488.3771359655 34474328.21255792 172371.6410627896 0.0006173707053021986 0.19462508712111354
2338488.3771359655 34474328.21255792 172371.6410627896 0.03703395150046222 0.23165903862157577
2338488.3771359655 34474328.21255792 172371.6410627896 0.0013481277972389703 0.23300716641881475
2338488.3771359655 34474328.21255792 172371.6410627896 0.003992095263152428 0.23699926168196717
2338488.3771359655 34474328.21255792 172371.6410627896 0.00011741245195725292 0.23711667413392443
2338488.3771359655 34474328.21255792 172371.6410627896 0.010502676071623899 0.24761935020554832
2338488.3771359655 34474328.21255792 172371.6410627896 0.00018023919104694476 0.24779958939659527
2338488.3771359655 34474328.21255792 172371.6410627896 0.0021934176132648443 0.2499930070098601
2338488.3771359655 34474328.21255792 172371.6410627896 1.2531063617437973e-05 0.25000553807347753
2338488.3771359655 34474328.21255792 172371.6410627896 0.025792084218377857 0.2757976222918554
2338488.3771359655 34474328.21255792 172371.6410627896 0.00012184282385017893 0.2759194651157056
2338488.3771359655 34474328.21255792 172371.6410627896 0.0037668701337785515 0.27968633524948416
2338488.3771359655 34474328.21255792 172371.6410627896 0.004727066727858482 0.28441340197734266
2338488.3771359655 34474328.21255792 172371.6410627896 0.001314565424828687 0.2857279674021713
2338488.3771359655 34474328.21255792 172371.6410627896 6.683233929300252e-05 0.2857947997414643
2338488.3771359655 34474328.21255792 172371.6410627896 0.0 0.2857947997414643
2338488.3771359655 34474328.21255792 172371.6410627896 7.626162458670073e-05 0.285871061366051
2338488.3771359655 34474328.21255792 172371.6410627896 6.077937541449016e-06 0.28587713930359243
2338488.3771359655 34474328.21255792 172371.6410627896 0.012509134256107456 0.2983862735596999
2338488.3771359655 34474328.21255792 172371.6410627896 0.00023205673365625875 0.29861833029335616
2338488.3771359655 34474328.21255792 172371.6410627896 1.2798407482355199e-05 0.2986311287008385
2338488.3771359655 34474328.21255792 172371.6410627896 0.0011817666819646205 0.29981289538280315
2338488.3771359655 34474328.21255792 172371.6410627896 0.006029902199934026 0.3058427975827372
2338488.3771359655 34474328.21255792 172371.6410627896 0.006875900148198015 0.3127186977309352
2338488.3771359655 34474328.21255792 172371.6410627896 9.610063053611473e-05 0.3128147983614713
2338488.3771359655 34474328.21255792 172371.6410627896 0.002728418826406914 0.3155432171878782
2338488.3771359655 34474328.21255792 172371.6410627896 0.0024989306462996925 0.3180421478341779
2338488.3771359655 34474328.21255792 172371.6410627896 0.010695200857732031 0.3287373486919099
2338488.3771359655 34474328.21255792 172371.6410627896 0.0 0.3287373486919099
2338488.3771359655 34474328.21255792 172371.6410627896 1.0377892621839158e-05 0.3287477265845317
2338488.3771359655 34474328.21255792 172371.6410627896 0.007495435564843443 0.33624316214937516
2338488.3771359655 34474328.21255792 172371.6410627896 0.02403320041014072 0.3602763625595159
2338488.3771359655 34474328.21255792 172371.6410627896 6.077937541449016e-06 0.3602824404970573
2338488.3771359655 34474328.21255792 172371.6410627896 0.00011741245195725292 0.36039985294901455
2338488.3771359655 34474328.21255792 172371.6410627896 0.00013844163214134242 0.3605382945811559
2338488.3771359655 34474328.21255792 172371.6410627896 0.001485163095400056 0.3620234576765559
2338488.3771359655 34474328.21255792 172371.6410627896 0.015757422611111585 0.3777808802876675
2338488.3771359655 34474328.21255792 172371.6410627896 0.019841213737015927 0.3976220940246834
2338488.3771359655 34474328.21255792 172371.6410627896 0.0014327182735937416 0.39905481229827716
2338488.3771359655 34474328.21255792 172371.6410627896 0.0 0.39905481229827716
2338488.3771359655 34474328.21255792 172371.6410627896 0.005313481022381649 0.4043682933206588
2338488.3771359655 34474328.21255792 172371.6410627896 0.0007918402797593847 0.4051601336004182
2338488.3771359655 34474328.21255792 172371.6410627896 0.0 0.4051601336004182
2338488.3771359655 34474328.21255792 172371.6410627896 0.01302266331496825 0.41818279691538646
2338488.3771359655 34474328.21255792 172371.6410627896 0.008978562282240381 0.4271613591976268
2338488.3771359655 34474328.21255792 172371.6410627896 0.016579769247735777 0.4437411284453626
2338488.3771359655 34474328.21255792 172371.6410627896 6.077937541449016e-06 0.44374720638290405
2338488.3771359655 34474328.21255792 172371.6410627896 0.0007338278247328307 0.4444810342076369
2338488.3771359655 34474328.21255792 172371.6410627896 0.0006173707053021986 0.4450984049129391
2338488.3771359655 34474328.21255792 172371.6410627896 0.001555321198429205 0.44665372611136833
2338488.3771359655 34474328.21255792 172371.6410627896 0.00014954467648258958 0.4468032707878509
2338488.3771359655 34474328.21255792 172371.6410627896 0.04034924651371064 0.48715251730156156
2338488.3771359655 34474328.21255792 172371.6410627896 0.0012609139535534576 0.488413431255115
2338488.3771359655 34474328.21255792 172371.6410627896 0.0011510516923904169 0.48956448294750543
2338488.3771359655 34474328.21255792 172371.6410627896 0.0019413040280241176 0.49150578697552955
2338488.3771359655 34474328.21255792 172371.6410627896 0.0005234640311948265 0.4920292510067244
2338488.3771359655 34474328.21255792 172371.6410627896 0.015976781528216986 0.5080060325349414
2338488.3771359655 34474328.21255792 172371.6410627896 4.4663536995168515e-05 0.5080506960719365
2338488.3771359655 34474328.21255792 172371.6410627896 0.006025915428707937 0.5140766115006444
2338488.3771359655 34474328.21255792 172371.6410627896 0.018402318451214195 0.5324789299518586
2338488.3771359655 34474328.21255792 172371.6410627896 5.1193629929420796e-05 0.5325301235817881
2338488.3771359655 34474328.21255792 172371.6410627896 0.0013283702555954122 0.5338584938373835
2338488.3771359655 34474328.21255792 172371.6410627896 0.00020477451971768318 0.5340632683571012
2338488.3771359655 34474328.21255792 172371.6410627896 0.00028423700892953903 0.5343475053660307
2338488.3771359655 34474328.21255792 172371.6410627896 0.017088613474982296 0.551436118841013
2338488.3771359655 34474328.21255792 172371.6410627896 0.0028222973491318585 0.5542584161901448
2338488.3771359655 34474328.21255792 172371.6410627896 0.004951008980567299 0.5592094251707121
2338488.3771359655 34474328.21255792 172371.6410627896 0.00833450452157968 0.5675439296922918
2338488.3771359655 34474328.21255792 172371.6410627896 0.025792084218377857 0.5933360139106697
2338488.3771359655 34474328.21255792 172371.6410627896 0.06095589315656925 0.6542919070672389
2338488.3771359655 34474328.21255792 172371.6410627896 5.470143787304114e-05 0.654346608505112
2338488.3771359655 34474328.21255792 172371.6410627896 0.0057708836723100775 0.660117492177422
2338488.3771359655 34474328.21255792 172371.6410627896 0.008158518199734439 0.6682760103771564
2338488.3771359655 34474328.21255792 172371.6410627896 0.0027130548572850523 0.6709890652344415
2338488.3771359655 34474328.21255792 172371.6410627896 0.01212886092815831 0.6831179261625998
2338488.3771359655 34474328.21255792 172371.6410627896 0.0150705828532365 0.6981885090158363
2338488.3771359655 34474328.21255792 172371.6410627896 0.01953939621938793 0.7177279052352242
2338488.3771359655 34474328.21255792 172371.6410627896 0.0027755419364527746 0.720503447171677
2338488.3771359655 34474328.21255792 172371.6410627896 0.0379360531004657 0.7584395002721427
2338488.3771359655 34474328.21255792 172371.6410627896 0.03222355282262618 0.7906630530947689
2338488.3771359655 34474328.21255792 172371.6410627896 0.0 0.7906630530947689
2338488.3771359655 34474328.21255792 172371.6410627896 0.03726854613698223 0.8279315992317512
2338488.3771359655 34474328.21255792 172371.6410627896 0.0015662882701708276 0.829497887501922
2338488.3771359655 34474328.21255792 172371.6410627896 0.0006006289408507171 0.8300985164427727
2338488.3771359655 34474328.21255792 172371.6410627896 0.017198050021336748 0.8472965664641094
2338488.3771359655 34474328.21255792 172371.6410627896 0.013610188891192964 0.8609067553553024
2338488.3771359655 34474328.21255792 172371.6410627896 0.0 0.8609067553553024
2338488.3771359655 34474328.21255792 172371.6410627896 0.0017353685043747864 0.8626421238596772
2338488.3771359655 34474328.21255792 172371.6410627896 0.009681651724874177 0.8723237755845514
2338488.3771359655 34474328.21255792 172371.6410627896 0.009639723907345278 0.8819634994918967
2338488.3771359655 34474328.21255792 172371.6410627896 0.001314565424828687 0.8832780649167253
2338488.3771359655 34474328.21255792 172371.6410627896 0.059559446364016944 0.9428375112807423
2338488.3771359655 34474328.21255792 172371.6410627896 0.0015213247972766593 0.944358836078019
2338488.3771359655 34474328.21255792 172371.6410627896 0.002313406038531927 0.9466722421165509
2338488.3771359655 34474328.21255792 172371.6410627896 0.04118287446136048 0.9878551165779114
2338488.3771359655 34474328.21255792 172371.6410627896 0.009539624029737067 0.9973947406076484
2338488.3771359655 34474328.21255792 172371.6410627896 0.0026052593923515887 1.0
701's generation extracting best parents:
0
19967.17947032079
0
0
0
0
0
3896.8787510006005
0
26820.200148395612
0
0
0
13252.01871414314
0
0
0
0
0
0
0
0
0
0
0
0
214943.82611277766
66255.26394181824
0
4232.718275529332
0
5915.403621055794
886611.5271075602
8978.95138643706
0
0
0
0
0
0
0
0
0
0
0
0
0
0
0
0
0
0
0
0
0
0
53618.65347059734
0
0
0
0
0
0
0
19319.627325598183
0
74254.15813272682
0
0
0
0
0
0
0
0
0
0
1241891.2995910712
0
496961.187329554
0
0
0
47887.74072766432
0
0
0
0
0
13111.662594804673
0
0
0
0
0
0
0
0
2338488.3771359655
14403.981671746184
1082551.5605937669
0
27541.796019867696
21283.440323406365
1276720.5990348866
46475.800154489
137624.80235771457
4047.7154050155254
362072.70200334076
6213.625028918304
75616.59870689768
0
889164.7766302937
4200.449499755949
129860.31732596374
162962.4498588555
45318.759912424786
0
0
0
0
431244.0
8000.0
0
40740.61246471388
207876.82753015065
237042.038465754
0
94060.40612287405
86148.95528095508
368709.864668685
0
0
258400.1057584923
828528.4389373729
0
4047.7154050155254
4772.682264722846
51200.0
543226.5588794422
684012.5145054
49392.0
0
183178.68871678278
27298.161696348714
0
448947.569321853
309529.902994848
571576.4067349177
0
25298.221281347032
21283.440323406365
53618.65347059734
5155.452259501585
1391013.1674430692
43469.16148259591
39681.733833087485
66925.15222246417
18046.070818879107
550788.810184085
0
207739.38627039408
634407.5661591687
0
45794.672179195695
7059.464002316323
9798.879935992685
589118.4696340796
97296.80512740386
170682.70857939887
287326.4443659859
889164.7766302937
2101413.4671691814
0
198947.33779570914
281259.43414577225
93530.74360871938
418134.3324817995
519548.2196370227
673607.5583423928
95684.94368499152
1307819.9456744802
1110885.336181912
0
1284808.0915311829
53996.73590134871
20706.279240848657
592891.2210515518
469202.118869896
0
59825.663389552145
333768.4392029899
332323.0058602624
45318.759912424786
2053271.9021113594
52446.65037921869
79753.11906126306
1419751.9309175105
328872.12982556
89814.56737077788
