0 7 367 196 1265.5484976878602 248047.50554682058
1 1 38 4 234.2477321128211 936.9909284512844
2 1 56 4 14.696938456699069 58.787753826796276
3 1 32 4 181.01933598375618 724.0773439350247
4 1 56 4 14.696938456699069 58.787753826796276
5 2 14 16 52.38320341483518 838.1312546373629
6 19 226 1444 3397.5249815122775 4906026.073303728
7 0 8 0 22.627416997969522 0.0
8 2 51 16 364.21284985568536 5827.405597690966
9 6 112 144 1185.2965873569365 170682.70857939887
10 2 54 16 396.81733833087486 6349.077413293998
11 5 153 100 1045.3358312044986 104533.58312044987
12 1 52 4 2.8284271247461903 11.313708498984761
13 26 424 2704 8730.694359556976 23607797.548242062
14 0 50 0 1.0 0.0
15 1 33 4 189.57056733575496 758.2822693430198
16 26 354 2704 6660.47025366828 18009911.56591903
17 2 13 16 46.87216658103186 749.9546652965098
18 1 16 4 64.0 256.0
19 0 50 0 1.0 0.0
20 0 50 0 1.0 0.0
21 3 112 36 1185.2965873569365 42670.67714484972
22 0 50 0 1.0 0.0
23 2 60 16 31.622776601683793 505.9644256269407
24 7 127 196 1431.21731403725 280518.593551301
25 1 13 4 46.87216658103186 187.48866632412745
26 3 48 36 332.55375505322445 11971.93518191608
27 21 251 1764 3976.5878589564695 7014700.983199212
28 20 231 1600 3510.8960394748233 5617433.663159717
29 1 14 4 52.38320341483518 209.53281365934072
30 1 61 4 36.4828726939094 145.9314907756376
31 0 50 0 1.0 0.0
32 14 171 784 2236.1151580363658 1753114.2839005108
33 6 62 144 488.18848818873226 70299.14229917745
34 0 50 0 1.0 0.0
35 1 55 4 11.180339887498949 44.721359549995796
36 1 30 4 164.31676725154983 657.2670690061993
37 19 392 1444 7761.204030303546 11207178.61975832
38 4 83 64 756.1659870689768 48394.62317241452
39 0 50 0 1.0 0.0
40 0 2 0 2.8284271247461903 0.0
41 3 32 36 181.01933598375618 6516.696095415223
42 0 50 0 1.0 0.0
43 25 426 2500 8792.540929674426 21981352.324186064
44 19 215 1444 3152.518834202264 4552237.196588069
45 0 5 0 11.180339887498949 0.0
46 0 50 0 1.0 0.0
47 1 60 4 31.622776601683793 126.49110640673517
48 9 403 324 1892.505482158506 613171.776219356
49 3 35 36 207.06279240848656 7454.260526705516
50 0 50 0 1.0 0.0
51 0 50 0 1.0 0.0
52 0 50 0 1.0 0.0
53 3 46 36 311.9871792237623 11231.538452055443
54 3 79 36 156.16977940690063 5622.112058648423
55 25 374 2500 7232.8157725743295 18082039.431435823
56 1 24 4 117.57550765359255 470.3020306143702
57 3 66 36 536.1865347059734 19302.715249415043
58 0 2 0 2.8284271247461903 0.0
59 3 73 36 110.30412503619254 3970.9485013029316
60 26 490 2704 10846.61237437754 29329239.86031687
61 0 5 0 11.180339887498949 0.0
62 14 211 784 3064.9520387764633 2402922.398400747
63 1 6 4 14.696938456699069 58.787753826796276
64 0 50 0 1.0 0.0
65 1 25 4 125.0 500.0
66 0 50 0 1.0 0.0
67 3 45 36 301.8691769624716 10867.290370648978
68 8 386 256 1586.0189153979218 406020.842341868
69 0 50 0 1.0 0.0
70 0 50 0 1.0 0.0
71 1 51 4 1.0 4.0
72 1 9 4 27.0 108.0
73 24 600 2304 14696.938456699068 33861746.20423465
74 5 75 100 649.519052838329 64951.9052838329
75 1 58 4 22.627416997969522 90.50966799187809
76 0 50 0 1.0 0.0
77 0 50 0 1.0 0.0
78 0 50 0 1.0 0.0
79 0 50 0 1.0 0.0
80 22 365 1936 6973.315208708122 13500338.244058924
81 3 37 36 225.06221362103412 8102.239690357228
82 0 50 0 1.0 0.0
83 14 322 784 5778.083419266288 4530017.400704769
84 0 50 0 1.0 0.0
85 1 23 4 110.30412503619254 441.2165001447702
86 2 21 16 96.23408959407264 1539.7454335051623
87 0 50 0 1.0 0.0
88 2 61 16 36.4828726939094 583.7259631025504
89 11 194 484 2702.1073257737194 1307819.9456744802
90 1 20 4 89.44271909999159 357.77087639996637
91 0 5 0 11.180339887498949 0.0
92 0 50 0 1.0 0.0
93 0 50 0 1.0 0.0
94 0 50 0 1.0 0.0
95 0 50 0 1.0 0.0
96 0 50 0 1.0 0.0
97 0 50 0 1.0 0.0
98 1 20 4 89.44271909999159 357.77087639996637
99 1 54 4 8.0 32.0
100 21 425 1764 8761.599454437528 15455461.4376278
101 18 336 1296 6158.981734020649 7982040.327290761
102 9 96 324 940.6040612287404 304755.7158381119
103 14 187 784 2557.1865399301632 2004834.247305248
104 22 351 1936 6575.982892313514 12731102.879518963
105 22 385 1936 7554.245495084205 14625019.27848302
106 24 306 2304 5352.813839467985 12332883.086134238
107 22 379 1936 7378.3425645601465 14284471.204988444
108 8 343 256 896.8595207723448 229596.03731772027
109 20 334 1600 6104.07273875402 9766516.382006433
110 21 298 1764 5144.277597486356 9074505.681965932
111 25 383 2500 7495.457757869095 18738644.394672737
112 22 343 1936 6352.448897866082 12298341.066268735
113 29 456 3364 9737.495365852556 32756934.410727996
114 6 84 144 769.8727167525811 110861.67121237169
115 10 136 400 1586.0189153979218 634407.5661591687
116 23 310 2116 5458.113227114292 11549367.588573843
117 26 354 2704 6660.47025366828 18009911.56591903
118 13 178 676 2374.8162034144875 1605375.7535081937
119 22 408 1936 8241.196029703455 15954955.51350589
120 17 233 1156 3556.5906427363834 4111418.7830032595
121 24 400 2304 8000.0 18432000.0
122 23 363 2116 6916.078874622527 14634422.898701267
123 27 406 2916 8180.673321921613 23854843.406723425
124 28 425 3136 8761.599454437528 27476375.889116086
125 24 378 2304 7349.159951994514 16932464.52939536
126 16 328 1024 5940.332650618146 6082900.634232981
127 18 260 1296 4192.374029115246 5433316.741733359
128 30 358 3600 6773.677878375971 24385240.362153497
129 21 371 1764 7145.964665459801 12605481.669871088
130 20 288 1600 4887.522071561417 7820035.314498267
131 16 240 1024 3718.06401235912 3807297.548655739
132 22 374 1936 7232.8157725743295 14002731.335703902
133 15 230 900 3488.1227042637133 3139310.433837342
134 33 557 4356 13145.672025423424 57262547.34274443
135 21 347 1764 6463.8937955384135 11402308.655329762
136 22 492 1936 10913.087922306866 21127738.217586093
137 24 394 2304 7820.676697064008 18018839.110035475
138 11 178 484 2374.8162034144875 1149411.042452612
139 26 406 2704 8180.673321921613 22120540.66247604
140 15 203 900 2892.3047903013266 2603074.311271194
141 26 466 2704 10059.557445534072 27201043.33272413
142 25 394 2500 7820.676697064008 19551691.74266002
143 17 239 1156 3694.850335263933 4271246.987565107
144 21 348 1764 6491.855820949815 11451633.668155475
145 14 275 784 4560.359086738675 3575321.524003121
146 20 315 1600 5590.695395029137 8945112.63204662
147 23 315 2116 5590.695395029137 11829911.455881655
148 9 382 324 1516.5645386860397 491366.91053427686
149 20 365 1600 6973.315208708122 11157304.333932994
150 26 476 2704 10385.0939331332 28081293.99519217
151 17 296 1156 5092.576558089235 5887018.501151156
152 21 391 1764 7731.524493914509 13638409.207265193
153 28 451 3136 9577.77902229948 30035915.01393117
154 20 351 1600 6575.982892313514 10521572.627701622
155 27 416 2916 8484.768470618394 24741584.860323235
156 28 437 3136 9135.286147680323 28648257.35912549
157 27 508 2916 11449.738512298 33387437.501860965
158 11 177 484 2354.8318411300625 1139738.6111069503
159 29 420 3364 8607.438643406063 28955423.596417997
160 13 229 676 3465.3988226465362 2342609.6041090586
161 31 463 3844 9962.572308395056 38296127.953470595
162 26 395 2704 7850.469731168957 21227670.15308086
163 19 284 1444 4786.053071164171 6911060.634761063
164 39 633 6084 15925.957961767952 96893528.23939621
165 21 280 1764 4685.296148590823 8264862.406114211
166 17 298 1156 5144.277597486356 5946784.902694228
167 30 556 3600 13110.286648277375 47197031.93379855
168 24 336 2304 6158.981734020649 14190293.915183576
169 25 358 2500 6773.677878375971 16934194.69593993
170 18 212 1296 3086.7665930549397 4000449.504599202
171 20 357 1600 6745.316375085753 10792506.200137205
172 16 214 1024 3130.5501114021476 3205683.314075799
173 24 401 2304 8030.018742194815 18501163.182016853
174 20 328 1600 5940.332650618146 9504532.240989033
175 21 324 1764 5832.0 10287648.0
176 24 381 2304 7436.823313754335 17134440.914889988
177 25 368 2500 7059.464002316323 17648660.005790807
178 27 456 2916 9737.495365852556 28394536.48682605
179 21 267 1764 4362.815948444308 7696007.333055759
180 22 415 1936 8454.192746797295 16367317.157799562
181 21 372 1764 7174.8761661787585 12656481.55713933
182 14 409 784 2004.9137138540402 1571852.3516615676
183 19 325 1444 5859.020822628982 8460426.067876251
184 33 580 4356 13968.249711399063 60845695.74285432
185 29 474 3364 10319.710461054612 34715505.99098772
186 12 187 576 2557.1865399301632 1472939.446999774
187 18 256 1296 4096.0 5308416.0
188 12 158 576 1986.0292042162926 1143952.8216285845
189 11 151 484 1855.5190648441207 898071.2273845545
190 30 477 3600 10417.837251560422 37504214.10561752
191 24 367 2304 7030.708570265162 16198752.545890933
192 7 383 196 1533.830825091216 300630.84171787836
193 18 257 1296 4120.023422263519 5339550.35525352
194 26 379 2704 7378.3425645601465 19951038.294570636
195 20 366 1600 7001.992287913491 11203187.660661586
196 16 190 1024 2618.969262897142 2681824.5252066734
197 19 254 1444 4048.0938724293437 5845447.551787972
198 17 256 1156 4096.0 4734976.0
199 23 328 2116 5940.332650618146 12569743.888707995
3501's generation fitness ratios and roulette cutoffs:
96893528.23939621 1679324581.1859918 8396622.905929958 0.00014770670799783188 0.00014770670799783188
96893528.23939621 1679324581.1859918 8396622.905929958 5.579570137593961e-07 0.0001482646650115913
96893528.23939621 1679324581.1859918 8396622.905929958 3.500678456411239e-08 0.0001482996717961554
96893528.23939621 1679324581.1859918 8396622.905929958 4.311717651531418e-07 0.00014873084356130853
96893528.23939621 1679324581.1859918 8396622.905929958 3.500678456411239e-08 0.00014876585034587263
96893528.23939621 1679324581.1859918 8396622.905929958 4.99088302539732e-07 0.00014926493864841236
96893528.23939621 1679324581.1859918 8396622.905929958 0.002921428131444928 0.0030706930700933406
96893528.23939621 1679324581.1859918 8396622.905929958 0.0 0.0030706930700933406
96893528.23939621 1679324581.1859918 8396622.905929958 3.47008890537139e-06 0.003074163158998712
96893528.23939621 1679324581.1859918 8396622.905929958 0.00010163771226337757 0.0031758008712620897
96893528.23939621 1679324581.1859918 8396622.905929958 3.7807327329241377e-06 0.003179581603995014
96893528.23939621 1679324581.1859918 8396622.905929958 6.224739653761572e-05 0.00324182900053263
96893528.23939621 1679324581.1859918 8396622.905929958 6.737058830517841e-09 0.0032418357375914603
96893528.23939621 1679324581.1859918 8396622.905929958 0.014057912218238057 0.017299747955829517
96893528.23939621 1679324581.1859918 8396622.905929958 0.0 0.017299747955829517
96893528.23939621 1679324581.1859918 8396622.905929958 4.515400285557049e-07 0.017300199495858072
96893528.23939621 1679324581.1859918 8396622.905929958 0.010724497079176835 0.028024696575034907
96893528.23939621 1679324581.1859918 8396622.905929958 4.4658112773342977e-07 0.02802514315616264
96893528.23939621 1679324581.1859918 8396622.905929958 1.5244223949798004e-07 0.02802529559840214
96893528.23939621 1679324581.1859918 8396622.905929958 0.0 0.02802529559840214
96893528.23939621 1679324581.1859918 8396622.905929958 0.0 0.02802529559840214
96893528.23939621 1679324581.1859918 8396622.905929958 2.5409428065844392e-05 0.028050705026467983
96893528.23939621 1679324581.1859918 8396622.905929958 0.0 0.028050705026467983
96893528.23939621 1679324581.1859918 8396622.905929958 3.0129043026906255e-07 0.02805100631689825
96893528.23939621 1679324581.1859918 8396622.905929958 0.00016704251024134354 0.028218048827139595
96893528.23939621 1679324581.1859918 8396622.905929958 1.1164528193335744e-07 0.028218160472421528
96893528.23939621 1679324581.1859918 8396622.905929958 7.129018008812283e-06 0.02822528949043034
96893528.23939621 1679324581.1859918 8396622.905929958 0.004177096590967072 0.03240238608139741
96893528.23939621 1679324581.1859918 8396622.905929958 0.0033450553431383164 0.035747441424535724
96893528.23939621 1679324581.1859918 8396622.905929958 1.24772075634933e-07 0.03574756619661136
96893528.23939621 1679324581.1859918 8396622.905929958 8.689891901217583e-08 0.03574765309553037
96893528.23939621 1679324581.1859918 8396622.905929958 0.0 0.03574765309553037
96893528.23939621 1679324581.1859918 8396622.905929958 0.0010439401075534823 0.03679159320308385
96893528.23939621 1679324581.1859918 8396622.905929958 4.1861557370600735e-05 0.03683345476045445
96893528.23939621 1679324581.1859918 8396622.905929958 0.0 0.03683345476045445
96893528.23939621 1679324581.1859918 8396622.905929958 2.6630563293733346e-08 0.03683348139101775
96893528.23939621 1679324581.1859918 8396622.905929958 3.913877497952282e-07 0.03683387277876754
96893528.23939621 1679324581.1859918 8396622.905929958 0.0066736226845696845 0.04350749546333722
96893528.23939621 1679324581.1859918 8396622.905929958 2.8817909125248863e-05 0.04353631337246247
96893528.23939621 1679324581.1859918 8396622.905929958 0.0 0.04353631337246247
96893528.23939621 1679324581.1859918 8396622.905929958 0.0 0.04353631337246247
96893528.23939621 1679324581.1859918 8396622.905929958 3.880545886378277e-06 0.043540193918348846
96893528.23939621 1679324581.1859918 8396622.905929958 0.0 0.043540193918348846
96893528.23939621 1679324581.1859918 8396622.905929958 0.013089400685519736 0.056629594603868585
96893528.23939621 1679324581.1859918 8396622.905929958 0.0027107548163042647 0.05934034942017285
96893528.23939621 1679324581.1859918 8396622.905929958 0.0 0.05934034942017285
96893528.23939621 1679324581.1859918 8396622.905929958 0.0 0.05934034942017285
96893528.23939621 1679324581.1859918 8396622.905929958 7.532260756726564e-08 0.059340424742780416
96893528.23939621 1679324581.1859918 8396622.905929958 0.00036512999517122224 0.05970555473795164
96893528.23939621 1679324581.1859918 8396622.905929958 4.438844408173364e-06 0.05970999358235981
96893528.23939621 1679324581.1859918 8396622.905929958 0.0 0.05970999358235981
96893528.23939621 1679324581.1859918 8396622.905929958 0.0 0.05970999358235981
96893528.23939621 1679324581.1859918 8396622.905929958 0.0 0.05970999358235981
96893528.23939621 1679324581.1859918 8396622.905929958 6.688128416558625e-06 0.05971668171077637
96893528.23939621 1679324581.1859918 8396622.905929958 3.347841222378768e-06 0.059720029551998746
96893528.23939621 1679324581.1859918 8396622.905929958 0.010767447600073667 0.07048747715207242
96893528.23939621 1679324581.1859918 8396622.905929958 2.800542765128991e-07 0.07048775720634894
96893528.23939621 1679324581.1859918 8396622.905929958 1.1494332582080623e-05 0.07049925153893101
96893528.23939621 1679324581.1859918 8396622.905929958 0.0 0.07049925153893101
96893528.23939621 1679324581.1859918 8396622.905929958 2.364610478397525e-06 0.0705016161494094
96893528.23939621 1679324581.1859918 8396622.905929958 0.017464902371406747 0.08796651852081615
96893528.23939621 1679324581.1859918 8396622.905929958 0.0 0.08796651852081615
96893528.23939621 1679324581.1859918 8396622.905929958 0.001430886217781513 0.08939740473859766
96893528.23939621 1679324581.1859918 8396622.905929958 3.500678456411239e-08 0.08939743974538222
96893528.23939621 1679324581.1859918 8396622.905929958 0.0 0.08939743974538222
96893528.23939621 1679324581.1859918 8396622.905929958 2.9773874901949227e-07 0.08939773748413124
96893528.23939621 1679324581.1859918 8396622.905929958 0.0 0.08939773748413124
96893528.23939621 1679324581.1859918 8396622.905929958 6.4712268803772025e-06 0.08940420871101162
96893528.23939621 1679324581.1859918 8396622.905929958 0.00024177627534941655 0.08964598498636105
96893528.23939621 1679324581.1859918 8396622.905929958 0.0 0.08964598498636105
96893528.23939621 1679324581.1859918 8396622.905929958 0.0 0.08964598498636105
96893528.23939621 1679324581.1859918 8396622.905929958 2.381909992155938e-09 0.08964598736827104
96893528.23939621 1679324581.1859918 8396622.905929958 6.431156978821033e-08 0.08964605167984083
96893528.23939621 1679324581.1859918 8396622.905929958 0.020163907908928733 0.10980995958876956
96893528.23939621 1679324581.1859918 8396622.905929958 3.867739805128192e-05 0.10984863698682085
96893528.23939621 1679324581.1859918 8396622.905929958 5.389647064414273e-08 0.1098486908832915
96893528.23939621 1679324581.1859918 8396622.905929958 0.0 0.1098486908832915
96893528.23939621 1679324581.1859918 8396622.905929958 0.0 0.1098486908832915
96893528.23939621 1679324581.1859918 8396622.905929958 0.0 0.1098486908832915
96893528.23939621 1679324581.1859918 8396622.905929958 0.0 0.1098486908832915
96893528.23939621 1679324581.1859918 8396622.905929958 0.008039147640252226 0.11788783852354372
96893528.23939621 1679324581.1859918 8396622.905929958 4.82470141932608e-06 0.11789266322496304
96893528.23939621 1679324581.1859918 8396622.905929958 0.0 0.11789266322496304
96893528.23939621 1679324581.1859918 8396622.905929958 0.0026975234278447404 0.12059018665280778
96893528.23939621 1679324581.1859918 8396622.905929958 0.0 0.12059018665280778
96893528.23939621 1679324581.1859918 8396622.905929958 2.6273449759972503e-07 0.12059044938730538
96893528.23939621 1679324581.1859918 8396622.905929958 9.168837583606058e-07 0.12059136627106375
96893528.23939621 1679324581.1859918 8396622.905929958 0.0 0.12059136627106375
96893528.23939621 1679324581.1859918 8396622.905929958 3.4759567604870334e-07 0.1205917138667398
96893528.23939621 1679324581.1859918 8396622.905929958 0.0007787773491357201 0.12137049121587551
96893528.23939621 1679324581.1859918 8396622.905929958 2.1304450634986677e-07 0.12137070426038186
96893528.23939621 1679324581.1859918 8396622.905929958 0.0 0.12137070426038186
96893528.23939621 1679324581.1859918 8396622.905929958 0.0 0.12137070426038186
96893528.23939621 1679324581.1859918 8396622.905929958 0.0 0.12137070426038186
96893528.23939621 1679324581.1859918 8396622.905929958 0.0 0.12137070426038186
96893528.23939621 1679324581.1859918 8396622.905929958 0.0 0.12137070426038186
96893528.23939621 1679324581.1859918 8396622.905929958 0.0 0.12137070426038186
96893528.23939621 1679324581.1859918 8396622.905929958 0.0 0.12137070426038186
96893528.23939621 1679324581.1859918 8396622.905929958 2.1304450634986677e-07 0.12137091730488822
96893528.23939621 1679324581.1859918 8396622.905929958 1.9055279937247505e-08 0.12137093636016816
96893528.23939621 1679324581.1859918 8396622.905929958 0.00920337950791661 0.13057431586808477
96893528.23939621 1679324581.1859918 8396622.905929958 0.00475312540334138 0.13532744127142615
96893528.23939621 1679324581.1859918 8396622.905929958 0.0001814751711803586 0.13550891644260651
96893528.23939621 1679324581.1859918 8396622.905929958 0.0011938336815682 0.1367027501241747
96893528.23939621 1679324581.1859918 8396622.905929958 0.007581085289972865 0.14428383541414758
96893528.23939621 1679324581.1859918 8396622.905929958 0.008708869888722983 0.15299270530287057
96893528.23939621 1679324581.1859918 8396622.905929958 0.007343954363738527 0.1603366596666091
96893528.23939621 1679324581.1859918 8396622.905929958 0.008506081173956438 0.16884274084056553
96893528.23939621 1679324581.1859918 8396622.905929958 0.0001367192738616214 0.16897946011442716
96893528.23939621 1679324581.1859918 8396622.905929958 0.005815740739713946 0.1747952008541411
96893528.23939621 1679324581.1859918 8396622.905929958 0.005403663939437623 0.18019886479357872
96893528.23939621 1679324581.1859918 8396622.905929958 0.011158441080781964 0.19135730587436067
96893528.23939621 1679324581.1859918 8396622.905929958 0.007323385368171804 0.1986806912425325
96893528.23939621 1679324581.1859918 8396622.905929958 0.019506017346327426 0.2181867085888599
96893528.23939621 1679324581.1859918 8396622.905929958 6.601563060196362e-05 0.21825272421946187
96893528.23939621 1679324581.1859918 8396622.905929958 0.0003777754302334634 0.21863049964969533
96893528.23939621 1679324581.1859918 8396622.905929958 0.006877388515576493 0.2255078881652718
96893528.23939621 1679324581.1859918 8396622.905929958 0.010724497079176835 0.23623238524444864
96893528.23939621 1679324581.1859918 8396622.905929958 0.0009559651371115088 0.23718835038156016
96893528.23939621 1679324581.1859918 8396622.905929958 0.009500816990505789 0.24668916737206595
96893528.23939621 1679324581.1859918 8396622.905929958 0.002448257370293268 0.24913742474235923
96893528.23939621 1679324581.1859918 8396622.905929958 0.010975841243854563 0.2601132659862138
96893528.23939621 1679324581.1859918 8396622.905929958 0.008714469532963055 0.2688277355191769
96893528.23939621 1679324581.1859918 8396622.905929958 0.014205022467947432 0.2830327579871243
96893528.23939621 1679324581.1859918 8396622.905929958 0.016361563569629527 0.29939432155675383
96893528.23939621 1679324581.1859918 8396622.905929958 0.010082901613598202 0.30947722317035203
96893528.23939621 1679324581.1859918 8396622.905929958 0.003622230450492808 0.31309945362084485
96893528.23939621 1679324581.1859918 8396622.905929958 0.0032354178594207086 0.31633487148026557
96893528.23939621 1679324581.1859918 8396622.905929958 0.014520861919934427 0.33085573340019997
96893528.23939621 1679324581.1859918 8396622.905929958 0.007506280686351117 0.3383620140865511
96893528.23939621 1679324581.1859918 8396622.905929958 0.004656655063653932 0.343018669150205
96893528.23939621 1679324581.1859918 8396622.905929958 0.0022671600185634787 0.3452858291687685
96893528.23939621 1679324581.1859918 8396622.905929958 0.008338311421497048 0.35362414059026553
96893528.23939621 1679324581.1859918 8396622.905929958 0.0018693887227091398 0.3554935293129747
96893528.23939621 1679324581.1859918 8396622.905929958 0.03409855842299636 0.38959208773597104
96893528.23939621 1679324581.1859918 8396622.905929958 0.006789818229944025 0.39638190596591505
96893528.23939621 1679324581.1859918 8396622.905929958 0.012581092693030801 0.40896299865894586
96893528.23939621 1679324581.1859918 8396622.905929958 0.010729813230810929 0.41969281188975677
96893528.23939621 1679324581.1859918 8396622.905929958 0.0006844484117780624 0.4203772603015348
96893528.23939621 1679324581.1859918 8396622.905929958 0.013172284208960855 0.43354954451049565
96893528.23939621 1679324581.1859918 8396622.905929958 0.0015500721780853234 0.435099616688581
96893528.23939621 1679324581.1859918 8396622.905929958 0.01619760922782057 0.45129722591640153
96893528.23939621 1679324581.1859918 8396622.905929958 0.011642592481348663 0.4629398183977502
96893528.23939621 1679324581.1859918 8396622.905929958 0.0025434314696618195 0.465483249867412
96893528.23939621 1679324581.1859918 8396622.905929958 0.0068191901651722215 0.47230244003258426
96893528.23939621 1679324581.1859918 8396622.905929958 0.002129023515798308 0.47443146354838256
96893528.23939621 1679324581.1859918 8396622.905929958 0.005326613289808037 0.4797580768381906
96893528.23939621 1679324581.1859918 8396622.905929958 0.007044446075771129 0.48680252291396175
96893528.23939621 1679324581.1859918 8396622.905929958 0.0002925979385040968 0.48709512085246587
96893528.23939621 1679324581.1859918 8396622.905929958 0.006643923669629939 0.4937390445220958
96893528.23939621 1679324581.1859918 8396622.905929958 0.016721778689954194 0.51046082321205
96893528.23939621 1679324581.1859918 8396622.905929958 0.0035055870479747033 0.5139664102600247
96893528.23939621 1679324581.1859918 8396622.905929958 0.008121365791974127 0.5220877760519987
96893528.23939621 1679324581.1859918 8396622.905929958 0.017885711523807305 0.5399734875758061
96893528.23939621 1679324581.1859918 8396622.905929958 0.0062653597437792264 0.5462388473195853
96893528.23939621 1679324581.1859918 8396622.905929958 0.0147330570501445 0.5609719043697298
96893528.23939621 1679324581.1859918 8396622.905929958 0.017059392615388976 0.5780312969851188
96893528.23939621 1679324581.1859918 8396622.905929958 0.019881467749541134 0.5979127647346599
96893528.23939621 1679324581.1859918 8396622.905929958 0.000678688696560394 0.5985914534312203
96893528.23939621 1679324581.1859918 8396622.905929958 0.017242303197853966 0.6158337566290742
96893528.23939621 1679324581.1859918 8396622.905929958 0.0013949713059369583 0.6172287279350112
96893528.23939621 1679324581.1859918 8396622.905929958 0.02280448245831349 0.6400332103933246
96893528.23939621 1679324581.1859918 8396622.905929958 0.012640599911953418 0.652673810305278
96893528.23939621 1679324581.1859918 8396622.905929958 0.0041153810955832345 0.6567891914008612
96893528.23939621 1679324581.1859918 8396622.905929958 0.057697915772165355 0.7144871071730265
96893528.23939621 1679324581.1859918 8396622.905929958 0.004921539587229353 0.719408646760256
96893528.23939621 1679324581.1859918 8396622.905929958 0.003541176595232365 0.7229498233554883
96893528.23939621 1679324581.1859918 8396622.905929958 0.02810477049080442 0.7510545938462927
96893528.23939621 1679324581.1859918 8396622.905929958 0.008450000717051343 0.7595045945633441
96893528.23939621 1679324581.1859918 8396622.905929958 0.010083931888843352 0.7695885264521874
96893528.23939621 1679324581.1859918 8396622.905929958 0.002382177662030028 0.7719707041142175
96893528.23939621 1679324581.1859918 8396622.905929958 0.006426694589627932 0.7783973987038455
96893528.23939621 1679324581.1859918 8396622.905929958 0.0019089122793711773 0.7803063109832167
96893528.23939621 1679324581.1859918 8396622.905929958 0.011017026362438374 0.7913233373456551
96893528.23939621 1679324581.1859918 8396622.905929958 0.005659735078895013 0.7969830724245501
96893528.23939621 1679324581.1859918 8396622.905929958 0.006126062891745764 0.8031091353162959
96893528.23939621 1679324581.1859918 8396622.905929958 0.0102031740062955 0.8133123093225914
96893528.23939621 1679324581.1859918 8396622.905929958 0.010509379903989001 0.8238216892265804
96893528.23939621 1679324581.1859918 8396622.905929958 0.016908307545151834 0.8407299967717322
96893528.23939621 1679324581.1859918 8396622.905929958 0.004582799191577722 0.8453127959633099
96893528.23939621 1679324581.1859918 8396622.905929958 0.009746369070737027 0.8550591650340469
96893528.23939621 1679324581.1859918 8396622.905929958 0.00753664997162188 0.8625958150056687
96893528.23939621 1679324581.1859918 8396622.905929958 0.0009360027056541244 0.8635318177113228
96893528.23939621 1679324581.1859918 8396622.905929958 0.005037993347242755 0.8685698110585656
96893528.23939621 1679324581.1859918 8396622.905929958 0.036232242667396185 0.9048020537259618
96893528.23939621 1679324581.1859918 8396622.905929958 0.020672302650670746 0.9254743563766326
96893528.23939621 1679324581.1859918 8396622.905929958 0.000877102296662351 0.9263514586732949
96893528.23939621 1679324581.1859918 8396622.905929958 0.0031610422782301145 0.929512500951525
96893528.23939621 1679324581.1859918 8396622.905929958 0.0006811981640980263 0.9301936991156231
96893528.23939621 1679324581.1859918 8396622.905929958 0.0005347812075437544 0.9307284803231669
96893528.23939621 1679324581.1859918 8396622.905929958 0.022332915581531516 0.9530613959046984
96893528.23939621 1679324581.1859918 8396622.905929958 0.009645992637379764 0.9627073885420782
96893528.23939621 1679324581.1859918 8396622.905929958 0.0001790189014595162 0.9628864074435377
96893528.23939621 1679324581.1859918 8396622.905929958 0.0031795820861995378 0.9660659895297372
96893528.23939621 1679324581.1859918 8396622.905929958 0.011880394366930893 0.9779463838966681
96893528.23939621 1679324581.1859918 8396622.905929958 0.006671246158231985 0.9846176300549001
96893528.23939621 1679324581.1859918 8396622.905929958 0.0015969661584496577 0.9862145962133497
96893528.23939621 1679324581.1859918 8396622.905929958 0.0034808324830568095 0.9896954286964066
96893528.23939621 1679324581.1859918 8396622.905929958 0.002819571661754639 0.9925150003581612
96893528.23939621 1679324581.1859918 8396622.905929958 0.007484999641838653 0.9999999999999999
3501's generation extracting best parents:
0
0
0
0
0
0
4906026.073303728
0
0
0
0
0
0
23607797.548242062
0
0
18009911.56591903
0
0
0
0
0
0
0
0
0
0
7014700.983199212
5617433.663159717
0
0
0
0
0
0
0
0
11207178.61975832
0
0
0
0
0
21981352.324186064
4552237.196588069
0
0
0
0
0
0
0
0
0
0
18082039.431435823
0
0
0
0
29329239.86031687
0
2402922.398400747
0
0
0
0
0
0
0
0
0
0
33861746.20423465
0
0
0
0
0
0
13500338.244058924
0
0
4530017.400704769
0
0
0
0
0
0
0
0
0
0
0
0
0
0
0
0
15455461.4376278
7982040.327290761
0
0
12731102.879518963
14625019.27848302
12332883.086134238
14284471.204988444
0
9766516.382006433
9074505.681965932
18738644.394672737
12298341.066268735
32756934.410727996
0
0
11549367.588573843
18009911.56591903
0
15954955.51350589
4111418.7830032595
18432000.0
14634422.898701267
23854843.406723425
27476375.889116086
16932464.52939536
6082900.634232981
5433316.741733359
24385240.362153497
12605481.669871088
7820035.314498267
3807297.548655739
14002731.335703902
3139310.433837342
57262547.34274443
11402308.655329762
21127738.217586093
18018839.110035475
0
22120540.66247604
2603074.311271194
27201043.33272413
19551691.74266002
4271246.987565107
11451633.668155475
3575321.524003121
8945112.63204662
11829911.455881655
0
11157304.333932994
28081293.99519217
5887018.501151156
13638409.207265193
30035915.01393117
10521572.627701622
24741584.860323235
28648257.35912549
33387437.501860965
0
28955423.596417997
2342609.6041090586
38296127.953470595
21227670.15308086
6911060.634761063
96893528.23939621
8264862.406114211
5946784.902694228
47197031.93379855
14190293.915183576
16934194.69593993
4000449.504599202
10792506.200137205
3205683.314075799
18501163.182016853
9504532.240989033
10287648.0
17134440.914889988
17648660.005790807
28394536.48682605
7696007.333055759
16367317.157799562
12656481.55713933
0
8460426.067876251
60845695.74285432
34715505.99098772
0
5308416.0
0
0
37504214.10561752
16198752.545890933
0
5339550.35525352
19951038.294570636
11203187.660661586
2681824.5252066734
5845447.551787972
4734976.0
12569743.888707995
