0 0 50 0 1.0 0.0
1 25 437 2500 9135.286147680323 22838215.369200807
2 2 24 16 117.57550765359255 1881.2081224574808
3 2 21 16 96.23408959407264 1539.7454335051623
4 0 50 0 1.0 0.0
5 0 50 0 1.0 0.0
6 12 445 576 2723.0268085349435 1568463.4417161276
7 0 50 0 1.0 0.0
8 3 79 36 156.16977940690063 5622.112058648423
9 7 133 196 1533.830825091216 300630.84171787836
10 10 154 400 1911.089741482592 764435.8965930368
11 3 109 36 453.18759912424787 16314.753568472923
12 1 6 4 14.696938456699069 58.787753826796276
13 0 50 0 1.0 0.0
14 0 50 0 1.0 0.0
15 16 503 1024 4024.2113513084773 4120792.423739881
16 0 50 0 1.0 0.0
17 4 86 64 216.0 13824.0
18 0 50 0 1.0 0.0
19 0 7 0 18.520259177452132 0.0
20 0 50 0 1.0 0.0
21 0 50 0 1.0 0.0
22 19 543 1444 5015.352131206741 7242168.477462535
23 1 13 4 46.87216658103186 187.48866632412745
24 25 367 2500 7030.708570265162 17576771.425662905
25 2 23 16 110.30412503619254 1764.8660005790807
26 19 375 1444 7261.843774138907 10486102.409856582
27 1 53 4 5.196152422706632 20.784609690826528
28 11 197 484 2765.0267629807854 1338272.9532827002
29 14 164 784 2100.2247498779743 1646576.203904332
30 0 50 0 1.0 0.0
31 17 286 1156 4836.6988742323 5591223.898612539
32 1 59 4 27.0 108.0
33 0 50 0 1.0 0.0
34 0 7 0 18.520259177452132 0.0
35 1 21 4 96.23408959407264 384.93635837629057
36 0 50 0 1.0 0.0
37 0 50 0 1.0 0.0
38 3 96 36 311.9871792237623 11231.538452055443
39 1 55 4 11.180339887498949 44.721359549995796
40 10 201 400 2849.6668226303227 1139866.7290521292
41 0 3 0 5.196152422706632 0.0
42 1 7 4 18.520259177452132 74.08103670980853
43 1 11 4 36.4828726939094 145.9314907756376
44 1 8 4 22.627416997969522 90.50966799187809
45 20 281 1600 4710.418346601499 7536669.354562399
46 18 302 1296 5248.200453488796 6801667.787721479
47 6 359 144 1137.99340947125 163871.05096386
48 0 2 0 2.8284271247461903 0.0
49 0 2 0 2.8284271247461903 0.0
50 21 287 1764 4862.088337329958 8576723.827050047
51 0 50 0 1.0 0.0
52 1 55 4 11.180339887498949 44.721359549995796
53 0 6 0 14.696938456699069 0.0
54 0 50 0 1.0 0.0
55 5 97 100 322.21576621884907 32221.576621884906
56 0 50 0 1.0 0.0
57 25 323 2500 5805.020844062491 14512552.110156227
58 1 16 4 64.0 256.0
59 0 50 0 1.0 0.0
60 1 59 4 27.0 108.0
61 19 239 1444 3694.850335263933 5335363.884121119
62 12 410 576 2023.8577025077627 1165742.0366444713
63 0 9 0 27.0 0.0
64 0 50 0 1.0 0.0
65 0 50 0 1.0 0.0
66 0 14 0 52.38320341483518 0.0
67 0 50 0 1.0 0.0
68 10 223 400 3330.1001486441814 1332040.0594576725
69 5 32 100 181.01933598375618 18101.933598375617
70 0 50 0 1.0 0.0
71 0 50 0 1.0 0.0
72 0 50 0 1.0 0.0
73 11 164 484 2100.2247498779743 1016508.7789409396
74 7 365 196 1233.2376088978149 241714.5713439717
75 0 50 0 1.0 0.0
76 2 45 16 301.8691769624716 4829.906831399546
77 20 201 1600 2849.6668226303227 4559466.916208517
78 13 214 676 3130.5501114021476 2116251.875307852
79 7 81 196 729.0 142884.0
80 11 124 484 1380.8055619818454 668309.8919992131
81 0 2 0 2.8284271247461903 0.0
82 24 310 2304 5458.113227114292 12575492.87527133
83 17 232 1156 3533.7187211208534 4084978.8416157067
84 1 53 4 5.196152422706632 20.784609690826528
85 0 50 0 1.0 0.0
86 0 50 0 1.0 0.0
87 2 42 16 272.19110933313016 4355.0577493300825
88 1 21 4 96.23408959407264 384.93635837629057
89 14 218 784 3218.7314271308815 2523485.438870611
90 0 5 0 11.180339887498949 0.0
91 23 290 2116 4938.522046118656 10449912.649587076
92 14 233 784 3556.5906427363834 2788367.063905325
93 2 38 16 234.2477321128211 3747.9637138051376
94 0 6 0 14.696938456699069 0.0
95 0 50 0 1.0 0.0
96 1 60 4 31.622776601683793 126.49110640673517
97 5 41 100 262.5280937347468 26252.80937347468
98 0 50 0 1.0 0.0
99 1 13 4 46.87216658103186 187.48866632412745
100 22 320 1936 5724.334022399462 11082310.66736536
101 1 56 4 14.696938456699069 58.787753826796276
102 24 387 2304 7613.186126714622 17540780.83595049
103 19 256 1444 4096.0 5914624.0
104 17 209 1156 3021.4779496134006 3492828.5097530913
105 20 321 1600 5751.187790361222 9201900.464577956
106 25 322 2500 5778.083419266288 14445208.54816572
107 11 411 484 2042.8609840123727 988744.7162619884
108 32 494 4096 10979.698720821078 44972845.960483134
109 16 209 1024 3021.4779496134006 3093993.420404122
110 23 359 2116 6802.0790204172135 14393199.207202824
111 26 473 2704 10287.07037985062 27816238.307116076
112 9 140 324 1656.5023392678925 536706.7579227971
113 28 484 3136 10648.0 33392128.0
114 16 205 1024 2935.1533179716525 3005596.997602972
115 24 330 2304 5994.747701113033 13811898.703364428
116 22 317 1936 5644.024539280459 10926831.508046968
117 21 386 1764 7583.6967238939615 13377641.020948948
118 1 7 4 18.520259177452132 74.08103670980853
119 1 56 4 14.696938456699069 58.787753826796276
120 18 315 1296 5590.695395029137 7245541.231957762
121 31 346 3844 6435.972032257443 24739876.49199761
122 0 50 0 1.0 0.0
123 26 431 2704 8947.792521063506 24194830.97695572
124 12 422 576 2255.7588523598884 1299317.0989592958
125 20 363 1600 6916.078874622527 11065726.199396044
126 24 404 2304 8120.299501865679 18709170.052298523
127 17 283 1156 4760.7968870767845 5503481.201460763
128 8 147 256 1782.2802809883747 456263.7519330239
129 22 430 1936 8916.66978193092 17262672.69781826
130 30 541 3600 12583.339024281273 45300020.48741258
131 31 458 3844 9801.628028036976 37677458.139774136
132 29 473 3364 10287.07037985062 34605704.757817484
133 24 360 2304 6830.519745963699 15737517.494700363
134 23 298 2116 5144.277597486356 10885291.396281129
135 28 546 3136 12758.187018538332 40009674.49013621
136 25 433 2500 9010.146336214524 22525365.84053631
137 33 564 4356 13394.257874178771 58345387.29992273
138 14 167 784 2158.1156132144542 1691962.640760132
139 10 154 400 1911.089741482592 764435.8965930368
140 23 528 2116 12132.516309488317 25672404.510877278
141 18 533 1296 4760.7968870767845 6169992.765651513
142 0 50 0 1.0 0.0
143 22 426 1936 8792.540929674426 17022359.239849687
144 10 124 400 1380.8055619818454 552322.2247927381
145 15 171 900 2236.1151580363658 2012503.6422327291
146 27 572 2916 13680.250290107999 39891609.845954925
147 27 465 2916 10027.194273574238 29239298.50174248
148 20 365 1600 6973.315208708122 11157304.333932994
149 23 365 2116 6973.315208708122 14755534.981626386
150 27 349 2916 6519.858050602023 19011906.075555496
151 25 483 2500 10615.017051328745 26537542.628321864
152 26 447 2704 9450.64140680409 25554534.36399826
153 19 286 1444 4836.6988742323 6984193.174391441
154 15 220 900 3263.127334322092 2936814.6008898825
155 20 267 1600 4362.815948444308 6980505.517510892
156 14 246 784 3858.359236774098 3024953.6416308926
157 21 389 1764 7672.279257169932 13533900.60964776
158 29 586 3364 14185.558008058759 47720217.13910966
159 25 368 2500 7059.464002316323 17648660.005790807
160 20 400 1600 8000.0 12800000.0
161 30 567 3600 13501.268940362606 48604568.18530538
162 19 277 1444 4610.198802654827 6657127.07103357
163 23 377 2116 7320.015915283245 15489153.676739346
164 26 437 2704 9135.286147680323 24701813.74332759
165 24 310 2304 5458.113227114292 12575492.87527133
166 25 359 2500 6802.0790204172135 17005197.551043034
167 30 505 3600 11348.463552393338 40854468.78861602
168 21 369 1764 7088.258530838163 12503688.048398519
169 19 225 1444 3375.0 4873500.0
170 32 446 4096 9418.945588546523 38580001.13068656
171 22 361 1936 6859.0 13279024.0
172 26 359 2704 6802.0790204172135 18392821.671208147
173 23 256 2116 4096.0 8667136.0
174 20 380 1600 7407.563702054813 11852101.9232877
175 35 638 4900 16115.026279842054 78963628.77122606
176 22 387 1936 7613.186126714622 14739128.341319509
177 21 316 1764 5617.338871743452 9908985.76975545
178 24 329 2304 5967.519501434411 13749164.931304883
179 31 535 3844 12374.585851655804 47567908.01376491
180 19 324 1444 5832.0 8421408.0
181 21 360 1764 6830.519745963699 12049036.831879966
182 18 335 1296 6131.506747937247 7946432.745326673
183 32 549 4096 12863.48121621826 52688819.061629996
184 25 463 2500 9962.572308395056 24906430.77098764
185 11 141 484 1674.2822342723464 810352.6013878157
186 21 341 1764 6296.969191603212 11107853.653988065
187 38 621 5776 15475.240256616373 89384987.72221617
188 26 462 2704 9930.31359021456 26851567.94794017
189 22 391 1936 7731.524493914509 14968231.420218488
190 27 459 2916 9833.746946103505 28675206.094837822
191 20 264 1600 4289.492277647787 6863187.644236459
192 29 434 3364 9041.377328703851 30415193.333759755
193 23 347 2116 6463.8937955384135 13677599.271359283
194 22 342 1936 6324.68876704617 12244597.453001386
195 27 441 2916 9261.0 27005076.0
196 25 370 2500 7117.0921028183975 17792730.257045995
197 20 264 1600 4289.492277647787 6863187.644236459
198 24 462 2304 9930.31359021456 22879442.511854347
199 24 437 2304 9135.286147680323 21047699.284255464
3901's generation fitness ratios and roulette cutoffs:
89384987.72221617 1972133330.1934772 9860666.650967386 0.0 0.0
89384987.72221617 1972133330.1934772 9860666.650967386 0.011580462141958856 0.011580462141958856
89384987.72221617 1972133330.1934772 9860666.650967386 9.538949997224194e-07 0.011581416036958577
89384987.72221617 1972133330.1934772 9860666.650967386 7.807511844820881e-07 0.011582196788143059
89384987.72221617 1972133330.1934772 9860666.650967386 0.0 0.011582196788143059
89384987.72221617 1972133330.1934772 9860666.650967386 0.0 0.011582196788143059
89384987.72221617 1972133330.1934772 9860666.650967386 0.0007953130844161803 0.012377509872559238
89384987.72221617 1972133330.1934772 9860666.650967386 0.0 0.012377509872559238
89384987.72221617 1972133330.1934772 9860666.650967386 2.850776858021492e-06 0.01238036064941726
89384987.72221617 1972133330.1934772 9860666.650967386 0.00015243941021390517 0.012532800059631165
89384987.72221617 1972133330.1934772 9860666.650967386 0.00038761877043984723 0.012920418830071011
89384987.72221617 1972133330.1934772 9860666.650967386 8.272642279653758e-06 0.012928691472350665
89384987.72221617 1972133330.1934772 9860666.650967386 2.980921874132561e-08 0.012928721281569406
89384987.72221617 1972133330.1934772 9860666.650967386 0.0 0.012928721281569406
89384987.72221617 1972133330.1934772 9860666.650967386 0.0 0.012928721281569406
89384987.72221617 1972133330.1934772 9860666.650967386 0.00208951005525352 0.015018231336822925
89384987.72221617 1972133330.1934772 9860666.650967386 0.0 0.015018231336822925
89384987.72221617 1972133330.1934772 9860666.650967386 7.009668052536686e-06 0.015025241004875463
89384987.72221617 1972133330.1934772 9860666.650967386 0.0 0.015025241004875463
89384987.72221617 1972133330.1934772 9860666.650967386 0.0 0.015025241004875463
89384987.72221617 1972133330.1934772 9860666.650967386 0.0 0.015025241004875463
89384987.72221617 1972133330.1934772 9860666.650967386 0.0 0.015025241004875463
89384987.72221617 1972133330.1934772 9860666.650967386 0.003672250940940204 0.018697491945815665
89384987.72221617 1972133330.1934772 9860666.650967386 9.506896083224443e-08 0.018697587014776498
89384987.72221617 1972133330.1934772 9860666.650967386 0.008912567500666158 0.027610154515442655
89384987.72221617 1972133330.1934772 9860666.650967386 8.949019691310312e-07 0.027611049417411788
89384987.72221617 1972133330.1934772 9860666.650967386 0.005317136650607613 0.0329281860680194
89384987.72221617 1972133330.1934772 9860666.650967386 1.0539150356932229e-08 0.03292819660716976
89384987.72221617 1972133330.1934772 9860666.650967386 0.0006785915195456933 0.03360678812671545
89384987.72221617 1972133330.1934772 9860666.650967386 0.0008349213406087477 0.034441709467324194
89384987.72221617 1972133330.1934772 9860666.650967386 0.0 0.034441709467324194
89384987.72221617 1972133330.1934772 9860666.650967386 0.002835114549817993 0.03727682401714219
89384987.72221617 1972133330.1934772 9860666.650967386 5.476303166044286e-08 0.03727687878017385
89384987.72221617 1972133330.1934772 9860666.650967386 0.0 0.03727687878017385
89384987.72221617 1972133330.1934772 9860666.650967386 0.0 0.03727687878017385
89384987.72221617 1972133330.1934772 9860666.650967386 1.9518779612052203e-07 0.03727707396796997
89384987.72221617 1972133330.1934772 9860666.650967386 0.0 0.03727707396796997
89384987.72221617 1972133330.1934772 9860666.650967386 0.0 0.03727707396796997
89384987.72221617 1972133330.1934772 9860666.650967386 5.695121257827719e-06 0.0372827690892278
89384987.72221617 1972133330.1934772 9860666.650967386 2.2676641008652484e-08 0.03728279176586881
89384987.72221617 1972133330.1934772 9860666.650967386 0.0005779866460348815 0.03786077841190369
89384987.72221617 1972133330.1934772 9860666.650967386 0.0 0.03786077841190369
89384987.72221617 1972133330.1934772 9860666.650967386 3.7563908877571054e-08 0.03786081597581257
89384987.72221617 1972133330.1934772 9860666.650967386 7.399676712594321e-08 0.03786088997257969
89384987.72221617 1972133330.1934772 9860666.650967386 4.5894294572364735e-08 0.037860935866874265
89384987.72221617 1972133330.1934772 9860666.650967386 0.0038215820599832415 0.04168251792685751
89384987.72221617 1972133330.1934772 9860666.650967386 0.00344888841113709 0.045131406337994597
89384987.72221617 1972133330.1934772 9860666.650967386 8.309329214966584e-05 0.04521449963014426
89384987.72221617 1972133330.1934772 9860666.650967386 0.0 0.04521449963014426
89384987.72221617 1972133330.1934772 9860666.650967386 0.0 0.04521449963014426
89384987.72221617 1972133330.1934772 9860666.650967386 0.004348957393366818 0.04956345702351108
89384987.72221617 1972133330.1934772 9860666.650967386 0.0 0.04956345702351108
89384987.72221617 1972133330.1934772 9860666.650967386 2.2676641008652484e-08 0.04956347970015209
89384987.72221617 1972133330.1934772 9860666.650967386 0.0 0.04956347970015209
89384987.72221617 1972133330.1934772 9860666.650967386 0.0 0.04956347970015209
89384987.72221617 1972133330.1934772 9860666.650967386 1.633843722864508e-05 0.049579818137380736
89384987.72221617 1972133330.1934772 9860666.650967386 0.0 0.049579818137380736
89384987.72221617 1972133330.1934772 9860666.650967386 0.007358808802614003 0.05693862693999474
89384987.72221617 1972133330.1934772 9860666.650967386 1.2980866763956825e-07 0.05693875674866238
89384987.72221617 1972133330.1934772 9860666.650967386 0.0 0.05693875674866238
89384987.72221617 1972133330.1934772 9860666.650967386 5.476303166044286e-08 0.05693881151169404
89384987.72221617 1972133330.1934772 9860666.650967386 0.0027053768639454467 0.059644188375639486
89384987.72221617 1972133330.1934772 9860666.650967386 0.0005911071116728733 0.06023529548731236
89384987.72221617 1972133330.1934772 9860666.650967386 0.0 0.06023529548731236
89384987.72221617 1972133330.1934772 9860666.650967386 0.0 0.06023529548731236
89384987.72221617 1972133330.1934772 9860666.650967386 0.0 0.06023529548731236
89384987.72221617 1972133330.1934772 9860666.650967386 0.0 0.06023529548731236
89384987.72221617 1972133330.1934772 9860666.650967386 0.0 0.06023529548731236
89384987.72221617 1972133330.1934772 9860666.650967386 0.0006754310365653584 0.06091072652387772
89384987.72221617 1972133330.1934772 9860666.650967386 9.178858914472946e-06 0.06091990538279219
89384987.72221617 1972133330.1934772 9860666.650967386 0.0 0.06091990538279219
89384987.72221617 1972133330.1934772 9860666.650967386 0.0 0.06091990538279219
89384987.72221617 1972133330.1934772 9860666.650967386 0.0 0.06091990538279219
89384987.72221617 1972133330.1934772 9860666.650967386 0.0005154361337431554 0.06143534151653535
89384987.72221617 1972133330.1934772 9860666.650967386 0.0001225650252157435 0.06155790654175109
89384987.72221617 1972133330.1934772 9860666.650967386 0.0 0.06155790654175109
89384987.72221617 1972133330.1934772 9860666.650967386 2.4490772289344683e-06 0.061560355618980024
89384987.72221617 1972133330.1934772 9860666.650967386 0.002311946584139526 0.06387230220311955
89384987.72221617 1972133330.1934772 9860666.650967386 0.0010730774856384767 0.06494537968875803
89384987.72221617 1972133330.1934772 9860666.650967386 7.24514908867659e-05 0.0650178311796448
89384987.72221617 1972133330.1934772 9860666.650967386 0.00033887662754203754 0.06535670780718683
89384987.72221617 1972133330.1934772 9860666.650967386 0.0 0.06535670780718683
89384987.72221617 1972133330.1934772 9860666.650967386 0.0063765936525384944 0.07173330145972533
89384987.72221617 1972133330.1934772 9860666.650967386 0.0020713502373670384 0.07380465169709237
89384987.72221617 1972133330.1934772 9860666.650967386 1.0539150356932229e-08 0.07380466223624273
89384987.72221617 1972133330.1934772 9860666.650967386 0.0 0.07380466223624273
89384987.72221617 1972133330.1934772 9860666.650967386 0.0 0.07380466223624273
89384987.72221617 1972133330.1934772 9860666.650967386 2.2082978278668547e-06 0.07380687053407059
89384987.72221617 1972133330.1934772 9860666.650967386 1.9518779612052203e-07 0.07380706572186671
89384987.72221617 1972133330.1934772 9860666.650967386 0.001279571416514239 0.07508663713838094
89384987.72221617 1972133330.1934772 9860666.650967386 0.0 0.07508663713838094
89384987.72221617 1972133330.1934772 9860666.650967386 0.0052987860859092534 0.0803854232242902
89384987.72221617 1972133330.1934772 9860666.650967386 0.0014138836463109573 0.08179930687060115
89384987.72221617 1972133330.1934772 9860666.650967386 1.9004616251972385e-06 0.08180120733222634
89384987.72221617 1972133330.1934772 9860666.650967386 0.0 0.08180120733222634
89384987.72221617 1972133330.1934772 9860666.650967386 0.0 0.08180120733222634
89384987.72221617 1972133330.1934772 9860666.650967386 6.413922652700449e-08 0.08180127147145287
89384987.72221617 1972133330.1934772 9860666.650967386 1.3311883619399675e-05 0.08181458335507227
89384987.72221617 1972133330.1934772 9860666.650967386 0.0 0.08181458335507227
89384987.72221617 1972133330.1934772 9860666.650967386 9.506896083224443e-08 0.0818146784240331
89384987.72221617 1972133330.1934772 9860666.650967386 0.005619453055072155 0.08743413147910525
89384987.72221617 1972133330.1934772 9860666.650967386 2.980921874132561e-08 0.087434161288324
89384987.72221617 1972133330.1934772 9860666.650967386 0.008894317928407834 0.09632847921673184
89384987.72221617 1972133330.1934772 9860666.650967386 0.002999099457144585 0.09932757867387643
89384987.72221617 1972133330.1934772 9860666.650967386 0.0017710914654083887 0.10109867013928482
89384987.72221617 1972133330.1934772 9860666.650967386 0.004665962652573393 0.10576463279185822
89384987.72221617 1972133330.1934772 9860666.650967386 0.0073246612320824 0.11308929402394062
89384987.72221617 1972133330.1934772 9860666.650967386 0.0005013579463032487 0.11359065197024387
89384987.72221617 1972133330.1934772 9860666.650967386 0.022804160992538496 0.13639481296278236
89384987.72221617 1972133330.1934772 9860666.650967386 0.0015688561077666003 0.13796366907054897
89384987.72221617 1972133330.1934772 9860666.650967386 0.007298289109991753 0.14526195818054072
89384987.72221617 1972133330.1934772 9860666.650967386 0.014104643880435381 0.1593666020609761
89384987.72221617 1972133330.1934772 9860666.650967386 0.00027214527015277575 0.15963874733112887
89384987.72221617 1972133330.1934772 9860666.650967386 0.016931982989570004 0.17657073032069887
89384987.72221617 1972133330.1934772 9860666.650967386 0.001524033366095033 0.1780947636867939
89384987.72221617 1972133330.1934772 9860666.650967386 0.007003531907251628 0.1850982955940455
89384987.72221617 1972133330.1934772 9860666.650967386 0.005540614998365747 0.19063891059241125
89384987.72221617 1972133330.1934772 9860666.650967386 0.0067833349886320966 0.19742224558104335
89384987.72221617 1972133330.1934772 9860666.650967386 3.7563908877571054e-08 0.19742228314495222
89384987.72221617 1972133330.1934772 9860666.650967386 2.980921874132561e-08 0.19742231295417095
89384987.72221617 1972133330.1934772 9860666.650967386 0.0036739611470624728 0.20109627410123343
89384987.72221617 1972133330.1934772 9860666.650967386 0.012544728144506585 0.21364100224574
89384987.72221617 1972133330.1934772 9860666.650967386 0.0 0.21364100224574
89384987.72221617 1972133330.1934772 9860666.650967386 0.012268354581574905 0.22590935682731492
89384987.72221617 1972133330.1934772 9860666.650967386 0.0006588383650672471 0.22656819519238217
89384987.72221617 1972133330.1934772 9860666.650967386 0.005611043650030718 0.23217923884241287
89384987.72221617 1972133330.1934772 9860666.650967386 0.009486767332542901 0.24166600617495576
89384987.72221617 1972133330.1934772 9860666.650967386 0.002790623289613406 0.24445662946456917
89384987.72221617 1972133330.1934772 9860666.650967386 0.00023135542863537625 0.24468798489320454
89384987.72221617 1972133330.1934772 9860666.650967386 0.008753298995319295 0.2534412838885238
89384987.72221617 1972133330.1934772 9860666.650967386 0.02297005977936005 0.2764113436678839
89384987.72221617 1972133330.1934772 9860666.650967386 0.019104924379569087 0.29551626804745296
89384987.72221617 1972133330.1934772 9860666.650967386 0.017547345419299046 0.313063613466752
89384987.72221617 1972133330.1934772 9860666.650967386 0.007979946007583791 0.32104355947433577
89384987.72221617 1972133330.1934772 9860666.650967386 0.005519551457108238 0.326563110931444
89384987.72221617 1972133330.1934772 9860666.650967386 0.020287509915067985 0.346850620846512
89384987.72221617 1972133330.1934772 9860666.650967386 0.011421827061929148 0.35827244790844115
89384987.72221617 1972133330.1934772 9860666.650967386 0.029584910110615453 0.38785735801905663
89384987.72221617 1972133330.1934772 9860666.650967386 0.0008579352191132743 0.3887152932381699
89384987.72221617 1972133330.1934772 9860666.650967386 0.00038761877043984723 0.38910291200860975
89384987.72221617 1972133330.1934772 9860666.650967386 0.013017580565082116 0.40212049257369187
89384987.72221617 1972133330.1934772 9860666.650967386 0.003128588047871085 0.40524908062156295
89384987.72221617 1972133330.1934772 9860666.650967386 0.0 0.40524908062156295
89384987.72221617 1972133330.1934772 9860666.650967386 0.008631444425808522 0.4138805250473715
89384987.72221617 1972133330.1934772 9860666.650967386 0.0002800633285471385 0.4141605883759186
89384987.72221617 1972133330.1934772 9860666.650967386 0.0010204703766328474 0.41518105875255146
89384987.72221617 1972133330.1934772 9860666.650967386 0.020227643453519108 0.4354087022060706
89384987.72221617 1972133330.1934772 9860666.650967386 0.014826228051667249 0.4502349302577378
89384987.72221617 1972133330.1934772 9860666.650967386 0.005657479726707119 0.4558924099844449
89384987.72221617 1972133330.1934772 9860666.650967386 0.007482016938570165 0.46337442692301506
89384987.72221617 1972133330.1934772 9860666.650967386 0.009640274206861218 0.47301470112987626
89384987.72221617 1972133330.1934772 9860666.650967386 0.013456261918010576 0.48647096304788684
89384987.72221617 1972133330.1934772 9860666.650967386 0.012957812726328812 0.4994287757742156
89384987.72221617 1972133330.1934772 9860666.650967386 0.003541440666035624 0.5029702164402513
89384987.72221617 1972133330.1934772 9860666.650967386 0.0014891562126794768 0.5044593726529308
89384987.72221617 1972133330.1934772 9860666.650967386 0.003539570783901343 0.5079989434368322
89384987.72221617 1972133330.1934772 9860666.650967386 0.0015338484448889306 0.5095327918817211
89384987.72221617 1972133330.1934772 9860666.650967386 0.006862568773846548 0.5163953606555676
89384987.72221617 1972133330.1934772 9860666.650967386 0.024197257055854356 0.540592617711422
89384987.72221617 1972133330.1934772 9860666.650967386 0.008949019691310312 0.5495416374027323
89384987.72221617 1972133330.1934772 9860666.650967386 0.006490433381978413 0.5560320707847107
89384987.72221617 1972133330.1934772 9860666.650967386 0.024645680614574374 0.5806777513992851
89384987.72221617 1972133330.1934772 9860666.650967386 0.0033755968570240986 0.5840533482563092
89384987.72221617 1972133330.1934772 9860666.650967386 0.007854009381414276 0.5919073576377234
89384987.72221617 1972133330.1934772 9860666.650967386 0.012525427852742698 0.6044327854904661
89384987.72221617 1972133330.1934772 9860666.650967386 0.0063765936525384944 0.6108093791430046
89384987.72221617 1972133330.1934772 9860666.650967386 0.00862274233222088 0.6194321214752255
89384987.72221617 1972133330.1934772 9860666.650967386 0.020715875627236608 0.6401479971024622
89384987.72221617 1972133330.1934772 9860666.650967386 0.006340183930247677 0.6464881810327099
89384987.72221617 1972133330.1934772 9860666.650967386 0.002471181803677484 0.6489593628363873
89384987.72221617 1972133330.1934772 9860666.650967386 0.019562572438701013 0.6685219352750883
89384987.72221617 1972133330.1934772 9860666.650967386 0.006733329738257228 0.6752552650133455
89384987.72221617 1972133330.1934772 9860666.650967386 0.009326358106530104 0.6845816231198757
89384987.72221617 1972133330.1934772 9860666.650967386 0.004394802251605223 0.688976425371481
89384987.72221617 1972133330.1934772 9860666.650967386 0.006009787341368519 0.6949862127128494
89384987.72221617 1972133330.1934772 9860666.650967386 0.040039700948352866 0.7350259136612023
89384987.72221617 1972133330.1934772 9860666.650967386 0.007473697703731582 0.7424996113649339
89384987.72221617 1972133330.1934772 9860666.650967386 0.005024500939185142 0.7475241123041191
89384987.72221617 1972133330.1934772 9860666.650967386 0.006971721800349074 0.7544958341044682
89384987.72221617 1972133330.1934772 9860666.650967386 0.02412002641276705 0.7786158605172352
89384987.72221617 1972133330.1934772 9860666.650967386 0.004270202156754692 0.7828860626739899
89384987.72221617 1972133330.1934772 9860666.650967386 0.0061096461620563395 0.7889957088360462
89384987.72221617 1972133330.1934772 9860666.650967386 0.004029358777962078 0.7930250676140083
89384987.72221617 1972133330.1934772 9860666.650967386 0.02671666172614249 0.8197417293401508
89384987.72221617 1972133330.1934772 9860666.650967386 0.012629182007965041 0.8323709113481158
89384987.72221617 1972133330.1934772 9860666.650967386 0.00041090152931410354 0.8327818128774299
89384987.72221617 1972133330.1934772 9860666.650967386 0.0056324050123417995 0.8384142178897717
89384987.72221617 1972133330.1934772 9860666.650967386 0.04532400845000019 0.8837382263397718
89384987.72221617 1972133330.1934772 9860666.650967386 0.013615493200607225 0.897353719540379
89384987.72221617 1972133330.1934772 9860666.650967386 0.00758986788116908 0.9049435874215481
89384987.72221617 1972133330.1934772 9860666.650967386 0.014540196474456738 0.9194837838960048
89384987.72221617 1972133330.1934772 9860666.650967386 0.0034800829838229764 0.9229638668798278
89384987.72221617 1972133330.1934772 9860666.650967386 0.015422483291622 0.9383863501714498
89384987.72221617 1972133330.1934772 9860666.650967386 0.006935433351262024 0.9453217835227118
89384987.72221617 1972133330.1934772 9860666.650967386 0.006208808129519378 0.9515305916522312
89384987.72221617 1972133330.1934772 9860666.650967386 0.013693331777598756 0.96522392342983
89384987.72221617 1972133330.1934772 9860666.650967386 0.009022072688817865 0.9742459961186478
89384987.72221617 1972133330.1934772 9860666.650967386 0.0034800829838229764 0.9777260791024708
89384987.72221617 1972133330.1934772 9860666.650967386 0.011601366987499646 0.9893274460899705
89384987.72221617 1972133330.1934772 9860666.650967386 0.010672553910029282 0.9999999999999998
3901's generation extracting best parents:
0
22838215.369200807
0
0
0
0
0
0
0
0
0
0
0
0
0
4120792.423739881
0
0
0
0
0
0
7242168.477462535
0
17576771.425662905
0
10486102.409856582
0
0
0
0
5591223.898612539
0
0
0
0
0
0
0
0
0
0
0
0
0
7536669.354562399
6801667.787721479
0
0
0
8576723.827050047
0
0
0
0
0
0
14512552.110156227
0
0
0
5335363.884121119
0
0
0
0
0
0
0
0
0
0
0
0
0
0
0
4559466.916208517
0
0
0
0
12575492.87527133
4084978.8416157067
0
0
0
0
0
0
0
10449912.649587076
0
0
0
0
0
0
0
0
11082310.66736536
0
17540780.83595049
5914624.0
3492828.5097530913
9201900.464577956
14445208.54816572
0
44972845.960483134
3093993.420404122
14393199.207202824
27816238.307116076
0
33392128.0
3005596.997602972
13811898.703364428
10926831.508046968
13377641.020948948
0
0
7245541.231957762
24739876.49199761
0
24194830.97695572
0
11065726.199396044
18709170.052298523
5503481.201460763
0
17262672.69781826
45300020.48741258
37677458.139774136
34605704.757817484
15737517.494700363
10885291.396281129
40009674.49013621
22525365.84053631
58345387.29992273
0
0
25672404.510877278
6169992.765651513
0
17022359.239849687
0
0
39891609.845954925
29239298.50174248
11157304.333932994
14755534.981626386
19011906.075555496
26537542.628321864
25554534.36399826
6984193.174391441
0
6980505.517510892
3024953.6416308926
13533900.60964776
47720217.13910966
17648660.005790807
12800000.0
48604568.18530538
6657127.07103357
15489153.676739346
24701813.74332759
12575492.87527133
17005197.551043034
40854468.78861602
12503688.048398519
4873500.0
38580001.13068656
13279024.0
18392821.671208147
8667136.0
11852101.9232877
78963628.77122606
14739128.341319509
9908985.76975545
13749164.931304883
47567908.01376491
8421408.0
12049036.831879966
7946432.745326673
52688819.061629996
24906430.77098764
0
11107853.653988065
89384987.72221617
26851567.94794017
14968231.420218488
28675206.094837822
6863187.644236459
30415193.333759755
13677599.271359283
12244597.453001386
27005076.0
17792730.257045995
6863187.644236459
22879442.511854347
21047699.284255464
