0 28 444 3136 9355.660532533233 29339351.430024218
1 0 50 0 1.0 0.0
2 23 387 2116 7613.186126714622 16109501.844128141
3 2 22 16 103.18914671611545 1651.0263474578471
4 1 50 4 1.0 4.0
5 0 2 0 2.8284271247461903 0.0
6 27 453 2916 9641.559884168122 28114788.622234244
7 6 297 144 322.21576621884907 46399.07033551427
8 0 50 0 1.0 0.0
9 3 96 36 311.9871792237623 11231.538452055443
10 0 50 0 1.0 0.0
11 7 87 196 811.4819776187269 159050.46761327048
12 0 50 0 1.0 0.0
13 0 50 0 1.0 0.0
14 0 50 0 1.0 0.0
15 11 164 484 2100.2247498779743 1016508.7789409396
16 0 50 0 1.0 0.0
17 0 50 0 1.0 0.0
18 0 50 0 1.0 0.0
19 0 50 0 1.0 0.0
20 0 2 0 2.8284271247461903 0.0
21 0 50 0 1.0 0.0
22 1 16 4 64.0 256.0
23 4 111 64 476.42523023030594 30491.21473473958
24 0 50 0 1.0 0.0
25 0 50 0 1.0 0.0
26 4 55 64 407.8909167902615 26105.018674576735
27 1 54 4 8.0 32.0
28 11 140 484 1656.5023392678925 801747.13220566
29 0 50 0 1.0 0.0
30 0 50 0 1.0 0.0
31 0 50 0 1.0 0.0
32 0 50 0 1.0 0.0
33 10 381 400 1499.363531636007 599745.4126544029
34 0 50 0 1.0 0.0
35 0 50 0 1.0 0.0
36 0 50 0 1.0 0.0
37 0 50 0 1.0 0.0
38 3 64 36 512.0 18432.0
39 0 50 0 1.0 0.0
40 0 50 0 1.0 0.0
41 0 50 0 1.0 0.0
42 0 50 0 1.0 0.0
43 2 75 16 125.0 2000.0
44 0 5 0 11.180339887498949 0.0
45 4 68 64 76.36753236814714 4887.522071561417
46 1 19 4 82.8190799272728 331.2763197090912
47 26 398 2704 7940.075062617481 21469962.96931767
48 15 218 900 3218.7314271308815 2896858.284417793
49 1 22 4 103.18914671611545 412.7565868644618
50 0 50 0 1.0 0.0
51 1 66 4 64.0 256.0
52 0 50 0 1.0 0.0
53 2 68 16 76.36753236814714 1221.8805178903542
54 0 50 0 1.0 0.0
55 1 19 4 82.8190799272728 331.2763197090912
56 0 50 0 1.0 0.0
57 1 9 4 27.0 108.0
58 1 41 4 262.5280937347468 1050.1123749389872
59 0 50 0 1.0 0.0
60 8 426 256 2334.9038524102016 597735.3862170116
61 1 53 4 5.196152422706632 20.784609690826528
62 0 50 0 1.0 0.0
63 0 50 0 1.0 0.0
64 1 13 4 46.87216658103186 187.48866632412745
65 3 22 36 103.18914671611545 3714.809281780156
66 8 359 256 1137.99340947125 291326.31282464
67 8 390 256 1656.5023392678925 424064.5988525805
68 0 50 0 1.0 0.0
69 0 50 0 1.0 0.0
70 0 50 0 1.0 0.0
71 9 141 324 1674.2822342723464 542467.4439042403
72 1 29 4 156.16977940690063 624.6791176276025
73 2 25 16 125.0 2000.0
74 1 64 4 52.38320341483518 209.53281365934072
75 0 50 0 1.0 0.0
76 10 185 400 2516.272044116057 1006508.8176464228
77 3 40 36 252.98221281347034 9107.359661284932
78 3 102 36 374.9773326482549 13499.183975337177
79 0 50 0 1.0 0.0
80 0 50 0 1.0 0.0
81 10 161 400 2042.8609840123727 817144.3936049491
82 0 50 0 1.0 0.0
83 0 50 0 1.0 0.0
84 1 20 4 89.44271909999159 357.77087639996637
85 11 177 484 2354.8318411300625 1139738.6111069503
86 0 14 0 52.38320341483518 0.0
87 1 16 4 64.0 256.0
88 5 139 100 839.6243207530378 83962.43207530378
89 0 50 0 1.0 0.0
90 0 50 0 1.0 0.0
91 0 2 0 2.8284271247461903 0.0
92 0 50 0 1.0 0.0
93 1 51 4 1.0 4.0
94 0 50 0 1.0 0.0
95 3 30 36 164.31676725154983 5915.403621055794
96 0 50 0 1.0 0.0
97 2 23 16 110.30412503619254 1764.8660005790807
98 2 15 16 58.09475019311125 929.51600308978
99 0 50 0 1.0 0.0
100 12 214 576 3130.5501114021476 1803196.864167637
101 25 488 2500 10780.272352774766 26950680.881936915
102 25 308 2500 5405.378062633547 13513445.156583868
103 28 433 3136 9010.146336214524 28255818.910368748
104 0 50 0 1.0 0.0
105 18 368 1296 7059.464002316323 9149065.347001955
106 19 257 1444 4120.023422263519 5949313.821748521
107 26 363 2704 6916.078874622527 18701077.276979312
108 6 79 144 702.1673589679315 101112.09969138213
109 14 235 784 3602.4817834376345 2824345.7182151056
110 17 217 1156 3196.609610196403 3695280.709387042
111 13 278 676 4635.186296148193 3133385.936196178
112 0 50 0 1.0 0.0
113 14 239 784 3694.850335263933 2896762.662846924
114 30 483 3600 10615.017051328745 38214061.384783484
115 11 281 484 4710.418346601499 2279842.4797551255
116 11 161 484 2042.8609840123727 988744.7162619884
117 22 341 1936 6296.969191603212 12190932.354943817
118 12 266 576 4338.328710459824 2498877.337224859
119 26 403 2704 8090.168539653547 21875815.731223192
120 11 178 484 2374.8162034144875 1149411.042452612
121 22 343 1936 6352.448897866082 12298341.066268735
122 1 55 4 11.180339887498949 44.721359549995796
123 36 753 5184 20662.956637422438 107116767.20839792
124 21 425 1764 8761.599454437528 15455461.4376278
125 24 390 2304 7701.882886671285 17745138.17089064
126 28 673 3136 17459.129903864054 54751831.37851767
127 11 215 484 3152.518834202264 1525819.1157538956
128 27 346 2916 6435.972032257443 18767294.446062703
129 28 385 3136 7554.245495084205 23690113.872584067
130 14 218 784 3218.7314271308815 2523485.438870611
131 26 423 2704 8699.825687908926 23524328.660105735
132 21 375 1764 7261.843774138907 12809892.417581033
133 23 270 2116 4436.552715791846 9387745.546615547
134 19 293 1444 5015.352131206741 7242168.477462535
135 24 408 2304 8241.196029703455 18987715.65243676
136 15 433 900 2475.578114299769 2228020.302869792
137 11 213 484 3108.6326576165284 1504578.2062863996
138 16 230 1024 3488.1227042637133 3571837.6491660425
139 20 287 1600 4862.088337329958 7779341.3397279335
140 15 200 900 2828.42712474619 2545584.4122715713
141 20 409 1600 8271.513102208084 13234420.963532934
142 21 312 1764 5511.018780588576 9721437.128958248
143 16 220 1024 3263.127334322092 3341442.390345822
144 22 390 1936 7701.882886671285 14910845.268595608
145 18 282 1296 4735.58528589656 6137318.530521941
146 22 375 1936 7261.843774138907 14058929.546732925
147 26 468 2704 10124.387981502881 27376345.10198379
148 21 279 1764 4660.218771688728 8220625.913258917
149 13 211 676 3064.9520387764633 2071907.5782128891
150 20 328 1600 5940.332650618146 9504532.240989033
151 32 571 4096 13644.39119198801 55887426.32238289
152 16 500 1024 3952.847075210474 4047715.4050155254
153 26 407 2704 8210.91608774563 22202317.101264186
154 13 204 676 2913.702798845483 1969663.0920195465
155 19 386 1444 7583.6967238939615 10950858.069302881
156 26 469 2704 10156.855271194918 27464136.65331106
157 16 185 1024 2516.272044116057 2576662.573174842
158 26 388 2704 7642.713654193777 20665897.72093997
159 19 371 1444 5248.200453488796 7578401.4548378205
160 21 320 1764 5724.334022399462 10097725.21551265
161 15 254 900 4048.0938724293437 3643284.485186409
162 17 285 1156 4811.353759598228 5561924.946095551
163 33 711 4356 18958.518692134152 82583307.42293637
164 18 253 1296 4024.2113513084773 5215377.9112957865
165 21 305 1764 5326.596004954759 9396115.352740195
166 15 207 900 2978.2113759771987 2680390.238379479
167 27 363 2916 6916.078874622527 20167285.998399287
168 19 281 1444 4710.418346601499 6801844.092492565
169 10 141 400 1674.2822342723464 669712.8937089385
170 22 295 1936 5066.791391008712 9809308.132992866
171 33 464 4356 9994.86588204164 43537635.78217339
172 23 396 2116 7880.30050188443 16674715.861987453
173 19 280 1444 4685.296148590823 6765567.638565148
174 19 275 1444 4560.359086738675 6585158.521250647
175 25 472 2500 10254.464783693003 25636161.95923251
176 26 455 2704 9705.481698504202 26243622.51275536
177 29 493 3364 10946.376432409037 36823610.318624
178 26 427 2704 8823.518742542568 23858794.679835103
179 26 460 2704 9865.900871182519 26677395.95567753
180 24 447 2304 9450.64140680409 21774277.801276624
181 26 485 2704 10681.017039589442 28881470.07504985
182 21 361 1764 6859.0 12099276.0
183 20 273 1600 4510.7002782273175 7217120.445163708
184 22 325 1936 5859.020822628982 11343064.31260971
185 13 187 676 2557.1865399301632 1728658.1009927904
186 25 400 2500 8000.0 20000000.0
187 29 409 3364 8271.513102208084 27825370.075827993
188 19 281 1444 4710.418346601499 6801844.092492565
189 24 394 2304 7820.676697064008 18018839.110035475
190 8 95 256 925.9454627568516 237042.038465754
191 23 387 2116 7613.186126714622 16109501.844128141
192 24 409 2304 8271.513102208084 19057566.187487427
193 23 437 2116 9135.286147680323 19330265.48849156
194 29 475 3364 10352.3849909091 34825423.10941821
195 20 307 1600 5379.074548656116 8606519.277849786
196 21 392 1764 7761.204030303546 13690763.909455454
197 19 321 1444 5751.187790361222 8304715.169281605
198 10 151 400 1855.5190648441207 742207.6259376484
199 30 441 3600 9261.0 33339600.0
2601's generation fitness ratios and roulette cutoffs:
107116767.20839792 1586504282.6169422 7932521.413084711 0.01849308051134214 0.01849308051134214
107116767.20839792 1586504282.6169422 7932521.413084711 0.0 0.01849308051134214
107116767.20839792 1586504282.6169422 7932521.413084711 0.01015408657930345 0.02864716709064559
107116767.20839792 1586504282.6169422 7932521.413084711 1.0406693291331528e-06 0.028648207759974724
107116767.20839792 1586504282.6169422 7932521.413084711 2.5212664370511447e-09 0.028648210281241163
107116767.20839792 1586504282.6169422 7932521.413084711 0.0 0.028648210281241163
107116767.20839792 1586504282.6169422 7932521.413084711 0.017721218234506647 0.04636942851574781
107116767.20839792 1586504282.6169422 7932521.413084711 2.924610468682688e-05 0.046398674620434635
107116767.20839792 1586504282.6169422 7932521.413084711 0.0 0.046398674620434635
107116767.20839792 1586504282.6169422 7932521.413084711 7.079425233904189e-06 0.04640575404566854
107116767.20839792 1586504282.6169422 7932521.413084711 0.0 0.04640575404566854
107116767.20839792 1586504282.6169422 7932521.413084711 0.00010025215144765723 0.046506006197116194
107116767.20839792 1586504282.6169422 7932521.413084711 0.0 0.046506006197116194
107116767.20839792 1586504282.6169422 7932521.413084711 0.0 0.046506006197116194
107116767.20839792 1586504282.6169422 7932521.413084711 0.0 0.046506006197116194
107116767.20839792 1586504282.6169422 7932521.413084711 0.000640722366827908 0.0471467285639441
107116767.20839792 1586504282.6169422 7932521.413084711 0.0 0.0471467285639441
107116767.20839792 1586504282.6169422 7932521.413084711 0.0 0.0471467285639441
107116767.20839792 1586504282.6169422 7932521.413084711 0.0 0.0471467285639441
107116767.20839792 1586504282.6169422 7932521.413084711 0.0 0.0471467285639441
107116767.20839792 1586504282.6169422 7932521.413084711 0.0 0.0471467285639441
107116767.20839792 1586504282.6169422 7932521.413084711 0.0 0.0471467285639441
107116767.20839792 1586504282.6169422 7932521.413084711 1.6136105197127326e-07 0.04714688992499607
107116767.20839792 1586504282.6169422 7932521.413084711 1.9219119083904555e-05 0.047166109044079974
107116767.20839792 1586504282.6169422 7932521.413084711 0.0 0.047166109044079974
107116767.20839792 1586504282.6169422 7932521.413084711 0.0 0.047166109044079974
107116767.20839792 1586504282.6169422 7932521.413084711 1.645442685570092e-05 0.047182563470935676
107116767.20839792 1586504282.6169422 7932521.413084711 2.0170131496409158e-08 0.04718258364106717
107116767.20839792 1586504282.6169422 7932521.413084711 0.0005053545338580343 0.047687938174925205
107116767.20839792 1586504282.6169422 7932521.413084711 0.0 0.047687938174925205
107116767.20839792 1586504282.6169422 7932521.413084711 0.0 0.047687938174925205
107116767.20839792 1586504282.6169422 7932521.413084711 0.0 0.047687938174925205
107116767.20839792 1586504282.6169422 7932521.413084711 0.0 0.047687938174925205
107116767.20839792 1586504282.6169422 7932521.413084711 0.0003780294949252337 0.04806596766985044
107116767.20839792 1586504282.6169422 7932521.413084711 0.0 0.04806596766985044
107116767.20839792 1586504282.6169422 7932521.413084711 0.0 0.04806596766985044
107116767.20839792 1586504282.6169422 7932521.413084711 0.0 0.04806596766985044
107116767.20839792 1586504282.6169422 7932521.413084711 0.0 0.04806596766985044
107116767.20839792 1586504282.6169422 7932521.413084711 1.1617995741931674e-05 0.04807758566559237
107116767.20839792 1586504282.6169422 7932521.413084711 0.0 0.04807758566559237
107116767.20839792 1586504282.6169422 7932521.413084711 0.0 0.04807758566559237
107116767.20839792 1586504282.6169422 7932521.413084711 0.0 0.04807758566559237
107116767.20839792 1586504282.6169422 7932521.413084711 0.0 0.04807758566559237
107116767.20839792 1586504282.6169422 7932521.413084711 1.2606332185255724e-06 0.048078846298810894
107116767.20839792 1586504282.6169422 7932521.413084711 0.0 0.048078846298810894
107116767.20839792 1586504282.6169422 7932521.413084711 3.0806863398436208e-06 0.048081926985150736
107116767.20839792 1586504282.6169422 7932521.413084711 2.0880896656808905e-07 0.048082135794117305
107116767.20839792 1586504282.6169422 7932521.413084711 0.013532874259817895 0.0616150100539352
107116767.20839792 1586504282.6169422 7932521.413084711 0.001825937891349035 0.06344094794528424
107116767.20839792 1586504282.6169422 7932521.413084711 2.601673322832882e-07 0.06344120811261653
107116767.20839792 1586504282.6169422 7932521.413084711 0.0 0.06344120811261653
107116767.20839792 1586504282.6169422 7932521.413084711 1.6136105197127326e-07 0.06344136947366849
107116767.20839792 1586504282.6169422 7932521.413084711 0.0 0.06344136947366849
107116767.20839792 1586504282.6169422 7932521.413084711 7.701715849609052e-07 0.06344213964525346
107116767.20839792 1586504282.6169422 7932521.413084711 0.0 0.06344213964525346
107116767.20839792 1586504282.6169422 7932521.413084711 2.0880896656808905e-07 0.06344234845422002
107116767.20839792 1586504282.6169422 7932521.413084711 0.0 0.06344234845422002
107116767.20839792 1586504282.6169422 7932521.413084711 6.80741938003809e-08 0.06344241652841381
107116767.20839792 1586504282.6169422 7932521.413084711 6.61903271516434e-07 0.06344307843168533
107116767.20839792 1586504282.6169422 7932521.413084711 0.0 0.06344307843168533
107116767.20839792 1586504282.6169422 7932521.413084711 0.0003767625418766887 0.06381984097356201
107116767.20839792 1586504282.6169422 7932521.413084711 1.3100884705172224e-08 0.06381985407444672
107116767.20839792 1586504282.6169422 7932521.413084711 0.0 0.06381985407444672
107116767.20839792 1586504282.6169422 7932521.413084711 0.0 0.06381985407444672
107116767.20839792 1586504282.6169422 7932521.413084711 1.1817722043262593e-07 0.06381997225166715
107116767.20839792 1586504282.6169422 7932521.413084711 2.341505990549594e-06 0.06382231375765769
107116767.20839792 1586504282.6169422 7932521.413084711 0.00018362781368865683 0.06400594157134634
107116767.20839792 1586504282.6169422 7932521.413084711 0.00026729496005714214 0.06427323653140349
107116767.20839792 1586504282.6169422 7932521.413084711 0.0 0.06427323653140349
107116767.20839792 1586504282.6169422 7932521.413084711 0.0 0.06427323653140349
107116767.20839792 1586504282.6169422 7932521.413084711 0.0 0.06427323653140349
107116767.20839792 1586504282.6169422 7932521.413084711 0.0003419262398771714 0.06461516277128065
107116767.20839792 1586504282.6169422 7932521.413084711 3.937456233002996e-07 0.06461555651690395
107116767.20839792 1586504282.6169422 7932521.413084711 1.2606332185255724e-06 0.06461681715012248
107116767.20839792 1586504282.6169422 7932521.413084711 1.3207201263504684e-07 0.06461694922213511
107116767.20839792 1586504282.6169422 7932521.413084711 0.0 0.06461694922213511
107116767.20839792 1586504282.6169422 7932521.413084711 0.0006344192251319891 0.0652513684472671
107116767.20839792 1586504282.6169422 7932521.413084711 5.740520061037796e-06 0.06525710896732814
107116767.20839792 1586504282.6169422 7932521.413084711 8.508759871149068e-06 0.06526561772719928
107116767.20839792 1586504282.6169422 7932521.413084711 0.0 0.06526561772719928
107116767.20839792 1586504282.6169422 7932521.413084711 0.0 0.06526561772719928
107116767.20839792 1586504282.6169422 7932521.413084711 0.000515059683455167 0.06578067741065445
107116767.20839792 1586504282.6169422 7932521.413084711 0.0 0.06578067741065445
107116767.20839792 1586504282.6169422 7932521.413084711 0.0 0.06578067741065445
107116767.20839792 1586504282.6169422 7932521.413084711 2.2550892570540216e-07 0.06578090291958015
107116767.20839792 1586504282.6169422 7932521.413084711 0.0007183961767988102 0.06649929909637896
107116767.20839792 1586504282.6169422 7932521.413084711 0.0 0.06649929909637896
107116767.20839792 1586504282.6169422 7932521.413084711 1.6136105197127326e-07 0.06649946045743092
107116767.20839792 1586504282.6169422 7932521.413084711 5.292291549116247e-05 0.06655238337292209
107116767.20839792 1586504282.6169422 7932521.413084711 0.0 0.06655238337292209
107116767.20839792 1586504282.6169422 7932521.413084711 0.0 0.06655238337292209
107116767.20839792 1586504282.6169422 7932521.413084711 0.0 0.06655238337292209
107116767.20839792 1586504282.6169422 7932521.413084711 0.0 0.06655238337292209
107116767.20839792 1586504282.6169422 7932521.413084711 2.5212664370511447e-09 0.06655238589418852
107116767.20839792 1586504282.6169422 7932521.413084711 0.0 0.06655238589418852
107116767.20839792 1586504282.6169422 7932521.413084711 3.7285771528446954e-06 0.06655611447134137
107116767.20839792 1586504282.6169422 7932521.413084711 0.0 0.06655611447134137
107116767.20839792 1586504282.6169422 7932521.413084711 1.1124243532881806e-06 0.06655722689569465
107116767.20839792 1586504282.6169422 7932521.413084711 5.858893753230476e-07 0.06655781278506998
107116767.20839792 1586504282.6169422 7932521.413084711 0.0 0.06655781278506998
107116767.20839792 1586504282.6169422 7932521.413084711 0.0011365849332554338 0.0676943977183254
107116767.20839792 1586504282.6169422 7932521.413084711 0.016987461790825872 0.08468185950915127
107116767.20839792 1586504282.6169422 7932521.413084711 0.008517748930556564 0.09319960843970784
107116767.20839792 1586504282.6169422 7932521.413084711 0.017810111967526944 0.11100972040723478
107116767.20839792 1586504282.6169422 7932521.413084711 0.0 0.11100972040723478
107116767.20839792 1586504282.6169422 7932521.413084711 0.005766807847445928 0.11677652825468071
107116767.20839792 1586504282.6169422 7932521.413084711 0.003749951315564756 0.12052647957024547
107116767.20839792 1586504282.6169422 7932521.413084711 0.011787599618786938 0.1323140791890324
107116767.20839792 1586504282.6169422 7932521.413084711 6.373263583291279e-05 0.13237781182486533
107116767.20839792 1586504282.6169422 7932521.413084711 0.0017802320164912139 0.13415804384135654
107116767.20839792 1586504282.6169422 7932521.413084711 0.0023291968070150233 0.13648724064837156
107116767.20839792 1586504282.6169422 7932521.413084711 0.001975025198814876 0.13846226584718643
107116767.20839792 1586504282.6169422 7932521.413084711 0.0 0.13846226584718643
107116767.20839792 1586504282.6169422 7932521.413084711 0.0018258776194847125 0.14028814346667115
107116767.20839792 1586504282.6169422 7932521.413084711 0.024086957598216698 0.16437510106488784
107116767.20839792 1586504282.6169422 7932521.413084711 0.0014370225814925128 0.16581212364638034
107116767.20839792 1586504282.6169422 7932521.413084711 0.0006232222169807521 0.1664353458633611
107116767.20839792 1586504282.6169422 7932521.413084711 0.0076841471457201795 0.17411949300908128
107116767.20839792 1586504282.6169422 7932521.413084711 0.0015750838901631928 0.17569457689924448
107116767.20839792 1586504282.6169422 7932521.413084711 0.013788689996562119 0.1894832668958066
107116767.20839792 1586504282.6169422 7932521.413084711 0.0007244928709279348 0.19020775976673454
107116767.20839792 1586504282.6169422 7932521.413084711 0.007751848640447787 0.19795960840718232
107116767.20839792 1586504282.6169422 7932521.413084711 2.818861571317527e-08 0.19795963659579804
107116767.20839792 1586504282.6169422 7932521.413084711 0.06751747750198858 0.2654771140977866
107116767.20839792 1586504282.6169422 7932521.413084711 0.009741834047957301 0.27521894814574394
107116767.20839792 1586504282.6169422 7932521.413084711 0.011185055322775427 0.28640400346851935
107116767.20839792 1586504282.6169422 7932521.413084711 0.03451098870543508 0.3209149921739544
107116767.20839792 1586504282.6169422 7932521.413084711 0.0009617491313903381 0.32187674130534477
107116767.20839792 1586504282.6169422 7932521.413084711 0.01182933740027856 0.33370607870562335
107116767.20839792 1586504282.6169422 7932521.413084711 0.01493227224921648 0.34863835095483986
107116767.20839792 1586504282.6169422 7932521.413084711 0.0015905947853529375 0.3502289457401928
107116767.20839792 1586504282.6169422 7932521.413084711 0.014827775076221229 0.36505672081641405
107116767.20839792 1586504282.6169422 7932521.413084711 0.008074287953670751 0.3731310087700848
107116767.20839792 1586504282.6169422 7932521.413084711 0.005917251941564532 0.3790482607116493
107116767.20839792 1586504282.6169422 7932521.413084711 0.004564859078424019 0.38361311979007334
107116767.20839792 1586504282.6169422 7932521.413084711 0.01196827254768987 0.39558139233776324
107116767.20839792 1586504282.6169422 7932521.413084711 0.0014043582026735332 0.3969857505404368
107116767.20839792 1586504282.6169422 7932521.413084711 0.0009483606333571282 0.3979341111737939
107116767.20839792 1586504282.6169422 7932521.413084711 0.002251388595859501 0.4001854997696534
107116767.20839792 1586504282.6169422 7932521.413084711 0.004903448055555131 0.40508894782520855
107116767.20839792 1586504282.6169422 7932521.413084711 0.0016045241353352191 0.4066934719605438
107116767.20839792 1586504282.6169422 7932521.413084711 0.008341875347290414 0.4150353473078342
107116767.20839792 1586504282.6169422 7932521.413084711 0.006127583288286317 0.42116293059612053
107116767.20839792 1586504282.6169422 7932521.413084711 0.002106166637529718 0.42326909723365025
107116767.20839792 1586504282.6169422 7932521.413084711 0.009398553430943242 0.4326676506645935
107116767.20839792 1586504282.6169422 7932521.413084711 0.0038684538061242555 0.4365361044707178
107116767.20839792 1586504282.6169422 7932521.413084711 0.008861576801761096 0.44539768127247886
107116767.20839792 1586504282.6169422 7932521.413084711 0.017255765018690306 0.46265344629116917
107116767.20839792 1586504282.6169422 7932521.413084711 0.005181597051663155 0.4678350433428323
107116767.20839792 1586504282.6169422 7932521.413084711 0.0013059577594050193 0.46914100110223733
107116767.20839792 1586504282.6169422 7932521.413084711 0.0059908645347690375 0.4751318656370064
107116767.20839792 1586504282.6169422 7932521.413084711 0.03522677305994817 0.5103586386969545
107116767.20839792 1586504282.6169422 7932521.413084711 0.002551342249350131 0.5129099809463047
107116767.20839792 1586504282.6169422 7932521.413084711 0.013994489233046014 0.5269044701793507
107116767.20839792 1586504282.6169422 7932521.413084711 0.0012415113615518157 0.5281459815409025
107116767.20839792 1586504282.6169422 7932521.413084711 0.006902507726761013 0.5350484892676636
107116767.20839792 1586504282.6169422 7932521.413084711 0.01731110149164483 0.5523595907593084
107116767.20839792 1586504282.6169422 7932521.413084711 0.0016241132163378922 0.5539837039756463
107116767.20839792 1586504282.6169422 7932521.413084711 0.013026058578834423 0.5670097625544808
107116767.20839792 1586504282.6169422 7932521.413084711 0.004776792308645541 0.5717865548631264
107116767.20839792 1586504282.6169422 7932521.413084711 0.00636476391910927 0.5781513187822356
107116767.20839792 1586504282.6169422 7932521.413084711 0.002296422723282413 0.580447741505518
107116767.20839792 1586504282.6169422 7932521.413084711 0.0035057736729970524 0.5839535151785151
107116767.20839792 1586504282.6169422 7932521.413084711 0.05205363031653153 0.6360071454950467
107116767.20839792 1586504282.6169422 7932521.413084711 0.003287339321071992 0.6392944848161186
107116767.20839792 1586504282.6169422 7932521.413084711 0.0059225275693812075 0.6452170123854998
107116767.20839792 1586504282.6169422 7932521.413084711 0.0016894944865564242 0.6469065068720562
107116767.20839792 1586504282.6169422 7932521.413084711 0.012711775328543902 0.6596182822006001
107116767.20839792 1586504282.6169422 7932521.413084711 0.004287315305114026 0.6639055975057142
107116767.20839792 1586504282.6169422 7932521.413084711 0.0004221311603421868 0.6643277286660564
107116767.20839792 1586504282.6169422 7932521.413084711 0.006182969841601935 0.6705106985076583
107116767.20839792 1586504282.6169422 7932521.413084711 0.02744249496153768 0.697953193469196
107116767.20839792 1586504282.6169422 7932521.413084711 0.010510350362548328 0.7084635438317444
107116767.20839792 1586504282.6169422 7932521.413084711 0.00426444965367842 0.7127279934854228
107116767.20839792 1586504282.6169422 7932521.413084711 0.00415073479057265 0.7168787282759954
107116767.20839792 1586504282.6169422 7932521.413084711 0.01615889868065506 0.7330376269566504
107116767.20839792 1586504282.6169422 7932521.413084711 0.01654179115701248 0.7495794181136629
107116767.20839792 1586504282.6169422 7932521.413084711 0.023210533196849223 0.7727899513105121
107116767.20839792 1586504282.6169422 7932521.413084711 0.015038594563690664 0.7878285458742027
107116767.20839792 1586504282.6169422 7932521.413084711 0.016815205762743427 0.8046437516369461
107116767.20839792 1586504282.6169422 7932521.413084711 0.013724688952846637 0.8183684405897927
107116767.20839792 1586504282.6169422 7932521.413084711 0.018204470288230048 0.8365729108780228
107116767.20839792 1586504282.6169422 7932521.413084711 0.007626374622854606 0.8441992855008774
107116767.20839792 1586504282.6169422 7932521.413084711 0.004549070887636718 0.8487483563885141
107116767.20839792 1586504282.6169422 7932521.413084711 0.007149721836173868 0.855898078224688
107116767.20839792 1586504282.6169422 7932521.413084711 0.0010896019127924225 0.8569876801374804
107116767.20839792 1586504282.6169422 7932521.413084711 0.012606332185255724 0.8695940123227361
107116767.20839792 1586504282.6169422 7932521.413084711 0.017538792917678094 0.8871328052404143
107116767.20839792 1586504282.6169422 7932521.413084711 0.004287315305114026 0.8914201205455283
107116767.20839792 1586504282.6169422 7932521.413084711 0.01135757357068924 0.9027776941162176
107116767.20839792 1586504282.6169422 7932521.413084711 0.000149411533938473 0.902927105650156
107116767.20839792 1586504282.6169422 7932521.413084711 0.01015408657930345 0.9130811922294595
107116767.20839792 1586504282.6169422 7932521.413084711 0.012012300500098197 0.9250934927295577
107116767.20839792 1586504282.6169422 7932521.413084711 0.012184187398855456 0.9372776801284131
107116767.20839792 1586504282.6169422 7932521.413084711 0.021951042610470362 0.9592287227388834
107116767.20839792 1586504282.6169422 7932521.413084711 0.00542483204876908 0.9646535547876525
107116767.20839792 1586504282.6169422 7932521.413084711 0.008629515885625287 0.9732830706732778
107116767.20839792 1586504282.6169422 7932521.413084711 0.005234599906394806 0.9785176705796726
107116767.20839792 1586504282.6169422 7932521.413084711 0.00046782579415000086 0.9789854963738227
107116767.20839792 1586504282.6169422 7932521.413084711 0.021014503626177586 1.0000000000000002
2601's generation extracting best parents:
29339351.430024218
0
16109501.844128141
0
0
0
28114788.622234244
0
0
0
0
0
0
0
0
1016508.7789409396
0
0
0
0
0
0
0
0
0
0
0
0
0
0
0
0
0
0
0
0
0
0
0
0
0
0
0
0
0
0
0
21469962.96931767
2896858.284417793
0
0
0
0
0
0
0
0
0
0
0
0
0
0
0
0
0
0
0
0
0
0
0
0
0
0
0
1006508.8176464228
0
0
0
0
0
0
0
0
1139738.6111069503
0
0
0
0
0
0
0
0
0
0
0
0
0
0
1803196.864167637
26950680.881936915
13513445.156583868
28255818.910368748
0
9149065.347001955
5949313.821748521
18701077.276979312
0
2824345.7182151056
3695280.709387042
3133385.936196178
0
2896762.662846924
38214061.384783484
2279842.4797551255
0
12190932.354943817
2498877.337224859
21875815.731223192
1149411.042452612
12298341.066268735
0
107116767.20839792
15455461.4376278
17745138.17089064
54751831.37851767
1525819.1157538956
18767294.446062703
23690113.872584067
2523485.438870611
23524328.660105735
12809892.417581033
9387745.546615547
7242168.477462535
18987715.65243676
2228020.302869792
1504578.2062863996
3571837.6491660425
7779341.3397279335
2545584.4122715713
13234420.963532934
9721437.128958248
3341442.390345822
14910845.268595608
6137318.530521941
14058929.546732925
27376345.10198379
8220625.913258917
2071907.5782128891
9504532.240989033
55887426.32238289
4047715.4050155254
22202317.101264186
1969663.0920195465
10950858.069302881
27464136.65331106
2576662.573174842
20665897.72093997
7578401.4548378205
10097725.21551265
3643284.485186409
5561924.946095551
82583307.42293637
5215377.9112957865
9396115.352740195
2680390.238379479
20167285.998399287
6801844.092492565
0
9809308.132992866
43537635.78217339
16674715.861987453
6765567.638565148
6585158.521250647
25636161.95923251
26243622.51275536
36823610.318624
23858794.679835103
26677395.95567753
21774277.801276624
28881470.07504985
12099276.0
7217120.445163708
11343064.31260971
1728658.1009927904
20000000.0
27825370.075827993
6801844.092492565
18018839.110035475
0
16109501.844128141
19057566.187487427
19330265.48849156
34825423.10941821
8606519.277849786
13690763.909455454
8304715.169281605
0
33339600.0
