0 0 50 0 1.0 0.0
1 0 50 0 1.0 0.0
2 1 25 4 125.0 500.0
3 4 70 64 89.44271909999159 5724.334022399462
4 0 50 0 1.0 0.0
5 1 55 4 11.180339887498949 44.721359549995796
6 1 8 4 22.627416997969522 90.50966799187809
7 0 6 0 14.696938456699069 0.0
8 0 50 0 1.0 0.0
9 2 61 16 476.42523023030594 7622.803683684895
10 10 366 400 1249.358235255205 499743.294102082
11 1 11 4 36.4828726939094 145.9314907756376
12 1 14 4 52.38320341483518 209.53281365934072
13 0 50 0 1.0 0.0
14 1 4 4 8.0 32.0
15 1 9 4 27.0 108.0
16 6 54 144 396.81733833087486 57141.69671964598
17 0 50 0 1.0 0.0
18 7 104 196 1060.5960588272992 207876.82753015065
19 0 50 0 1.0 0.0
20 3 61 36 476.42523023030594 17151.308288291013
21 1 15 4 58.09475019311125 232.379000772445
22 15 197 900 2765.0267629807854 2488524.086682707
23 0 50 0 1.0 0.0
24 0 50 0 1.0 0.0
25 0 2 0 2.8284271247461903 0.0
26 7 103 196 1045.3358312044986 204885.82291608173
27 8 96 256 940.6040612287404 240794.63967455755
28 3 20 36 89.44271909999159 3219.937887599697
29 0 50 0 1.0 0.0
30 0 6 0 14.696938456699069 0.0
31 1 68 4 76.36753236814714 305.47012947258855
32 7 345 196 925.9454627568516 181485.3107003429
33 17 251 1156 3976.5878589564695 4596935.564953679
34 0 14 0 52.38320341483518 0.0
35 0 6 0 14.696938456699069 0.0
36 0 5 0 11.180339887498949 0.0
37 4 42 64 272.19110933313016 17420.23099732033
38 0 50 0 1.0 0.0
39 0 50 0 1.0 0.0
40 0 6 0 14.696938456699069 0.0
41 0 5 0 11.180339887498949 0.0
42 1 12 4 41.569219381653056 166.27687752661222
43 1 10 4 31.622776601683793 126.49110640673517
44 0 50 0 1.0 0.0
45 2 35 16 207.06279240848656 3313.004678535785
46 0 50 0 1.0 0.0
47 0 50 0 1.0 0.0
48 7 102 196 1030.1495037129318 201909.30272773464
49 1 25 4 125.0 500.0
50 1 52 4 2.8284271247461903 11.313708498984761
51 5 77 100 675.6722578291934 67567.22578291934
52 5 72 100 610.9402589451771 61094.02589451771
53 1 15 4 58.09475019311125 232.379000772445
54 12 171 576 2236.1151580363658 1288002.3310289467
55 0 2 0 2.8284271247461903 0.0
56 0 50 0 1.0 0.0
57 0 50 0 1.0 0.0
58 0 50 0 1.0 0.0
59 0 50 0 1.0 0.0
60 0 3 0 5.196152422706632 0.0
61 1 15 4 58.09475019311125 232.379000772445
62 4 23 64 110.30412503619254 7059.464002316323
63 0 50 0 1.0 0.0
64 0 50 0 1.0 0.0
65 0 9 0 27.0 0.0
66 15 209 900 3021.4779496134006 2719330.1546520605
67 0 7 0 18.520259177452132 0.0
68 3 52 36 374.9773326482549 13499.183975337177
69 15 205 900 2935.1533179716525 2641637.9861744875
70 8 93 256 896.8595207723448 229596.03731772027
71 17 215 1156 3152.518834202264 3644311.772337817
72 4 34 64 198.25236442474022 12688.151323183374
73 1 32 4 181.01933598375618 724.0773439350247
74 7 115 196 1233.2376088978149 241714.5713439717
75 0 2 0 2.8284271247461903 0.0
76 1 10 4 31.622776601683793 126.49110640673517
77 0 6 0 14.696938456699069 0.0
78 2 6 16 14.696938456699069 235.1510153071851
79 0 7 0 18.520259177452132 0.0
80 0 9 0 27.0 0.0
81 0 50 0 1.0 0.0
82 4 82 64 181.01933598375618 11585.237502960395
83 10 147 400 1782.2802809883747 712912.1123953499
84 4 51 64 364.21284985568536 23309.622390763863
85 0 50 0 1.0 0.0
86 1 24 4 117.57550765359255 470.3020306143702
87 1 16 4 64.0 256.0
88 0 50 0 1.0 0.0
89 2 15 16 58.09475019311125 929.51600308978
90 0 2 0 2.8284271247461903 0.0
91 0 50 0 1.0 0.0
92 0 50 0 1.0 0.0
93 0 14 0 52.38320341483518 0.0
94 1 25 4 125.0 500.0
95 0 2 0 2.8284271247461903 0.0
96 3 33 36 189.57056733575496 6824.5404240871785
97 5 101 100 1015.0374377332099 101503.743773321
98 0 7 0 18.520259177452132 0.0
99 0 7 0 18.520259177452132 0.0
100 0 6 0 14.696938456699069 0.0
101 13 197 676 2765.0267629807854 1869158.091775011
102 1 58 4 22.627416997969522 90.50966799187809
103 13 133 676 1533.830825091216 1036869.637761662
104 2 24 16 117.57550765359255 1881.2081224574808
105 10 139 400 1638.785831034672 655514.3324138687
106 1 57 4 18.520259177452132 74.08103670980853
107 0 50 0 1.0 0.0
108 2 70 16 89.44271909999159 1431.0835055998655
109 0 50 0 1.0 0.0
110 0 50 0 1.0 0.0
111 7 84 196 769.8727167525811 150895.0524835059
112 14 151 784 1855.5190648441207 1454726.9468377908
113 4 36 64 216.0 13824.0
114 2 22 16 103.18914671611545 1651.0263474578471
115 9 127 324 1431.21731403725 463714.40974806895
116 8 105 256 1075.929830425758 275438.03658899403
117 2 22 16 103.18914671611545 1651.0263474578471
118 9 128 324 1448.1546878700494 469202.118869896
119 12 237 576 3648.568623446735 2101575.5271053193
120 0 50 0 1.0 0.0
121 6 52 144 374.9773326482549 53996.73590134871
122 0 50 0 1.0 0.0
123 2 19 16 82.8190799272728 1325.1052788363647
124 7 80 196 715.5417527999327 140246.18354878682
125 1 7 4 18.520259177452132 74.08103670980853
126 5 48 100 332.55375505322445 33255.375505322445
127 4 61 64 476.42523023030594 30491.21473473958
128 9 181 324 1431.21731403725 463714.40974806895
129 4 51 64 364.21284985568536 23309.622390763863
130 5 51 100 364.21284985568536 36421.284985568534
131 4 54 64 396.81733833087486 25396.30965317599
132 10 380 400 1482.2280526288794 592891.2210515518
133 10 139 400 1638.785831034672 655514.3324138687
134 3 30 36 164.31676725154983 5915.403621055794
135 0 50 0 1.0 0.0
136 9 197 324 2765.0267629807854 895868.6712057744
137 14 122 784 1347.5340440968457 1056466.690571927
138 4 63 64 500.0469977912076 32003.007858637287
139 2 40 16 252.98221281347034 4047.7154050155254
140 2 14 16 52.38320341483518 838.1312546373629
141 11 152 484 1873.9818569025688 907007.2187408432
142 7 64 196 512.0 100352.0
143 16 260 1024 4192.374029115246 4292991.005814012
144 6 77 144 675.6722578291934 97296.80512740386
145 9 152 324 1873.9818569025688 607170.1216364322
146 7 57 196 430.34056281043274 84346.75031084481
147 11 128 484 1448.1546878700494 700906.868929104
148 7 74 196 636.5720697611544 124768.12567318625
149 0 50 0 1.0 0.0
150 6 90 144 853.8149682454624 122949.35542734659
151 1 14 4 52.38320341483518 209.53281365934072
152 6 84 144 769.8727167525811 110861.67121237169
153 3 21 36 96.23408959407264 3464.427225386615
154 6 364 144 1217.1869207315694 175274.91658534599
155 14 230 784 3488.1227042637133 2734688.2001427514
156 14 166 784 2138.760388636371 1676788.1446909148
157 9 97 324 955.3392067742221 309529.902994848
158 6 45 144 301.8691769624716 43469.16148259591
159 6 108 144 1122.3689233046325 161621.12495586707
160 6 66 144 536.1865347059734 77210.86099766017
161 3 48 36 332.55375505322445 11971.93518191608
162 6 82 144 742.5415813272682 106925.98771112663
163 7 79 196 702.1673589679315 137624.80235771457
164 7 114 196 1217.1869207315694 238568.6364633876
165 0 50 0 1.0 0.0
166 11 149 484 1818.7767867443217 880287.9647842518
167 9 124 324 1380.8055619818454 447381.0020821179
168 3 45 36 301.8691769624716 10867.290370648978
169 4 41 64 262.5280937347468 16801.797999023795
170 7 115 196 1233.2376088978149 241714.5713439717
171 12 159 576 2004.9137138540402 1154830.2991799272
172 13 173 676 2275.4597337681016 1538210.7800272368
173 4 55 64 407.8909167902615 26105.018674576735
174 10 162 400 2061.9233739399724 824769.349575989
175 5 59 100 453.18759912424787 45318.759912424786
176 11 110 484 1153.6897329871667 558385.8307657887
177 0 50 0 1.0 0.0
178 12 177 576 2354.8318411300625 1356383.140490916
179 9 102 324 1030.1495037129318 333768.4392029899
180 11 150 484 1837.1173070873836 889164.7766302937
181 4 90 64 252.98221281347034 16190.861620062102
182 10 120 400 1314.5341380123987 525813.6552049594
183 7 111 196 1169.4575665666541 229213.6830470642
184 8 145 256 1746.0312139248829 446983.99076477
185 5 80 100 715.5417527999327 71554.17527999327
186 7 79 196 702.1673589679315 137624.80235771457
187 6 62 144 488.18848818873226 70299.14229917745
188 9 155 324 1929.7344376882536 625233.9578109941
189 5 73 100 623.7122734081797 62371.227340817975
190 4 52 64 374.9773326482549 23998.549289488314
191 6 330 144 715.5417527999327 103038.01240319031
192 2 24 16 117.57550765359255 1881.2081224574808
193 2 16 16 64.0 1024.0
194 4 58 64 441.7148401401067 28269.749768966827
195 3 26 36 132.5745073534124 4772.682264722846
196 8 133 256 1533.830825091216 392660.6912233513
197 5 42 100 272.19110933313016 27219.110933313015
198 8 129 256 1465.1583532164707 375080.5384234165
199 13 199 676 2807.240459953511 1897694.5509285736
801's generation fitness ratios and roulette cutoffs:
4596935.564953679 59262946.99891561 296314.73499457806 0.0 0.0
4596935.564953679 59262946.99891561 296314.73499457806 0.0 0.0
4596935.564953679 59262946.99891561 296314.73499457806 8.436974961929398e-06 8.436974961929398e-06
4596935.564953679 59262946.99891561 296314.73499457806 9.659212564140972e-05 0.00010502910060333912
4596935.564953679 59262946.99891561 296314.73499457806 0.0 0.00010502910060333912
4596935.564953679 59262946.99891561 296314.73499457806 7.546259815735135e-07 0.00010578372658491264
4596935.564953679 59262946.99891561 296314.73499457806 1.5272556053200363e-06 0.00010731098219023267
4596935.564953679 59262946.99891561 296314.73499457806 0.0 0.00010731098219023267
4596935.564953679 59262946.99891561 296314.73499457806 0.0 0.00010731098219023267
4596935.564953679 59262946.99891561 296314.73499457806 0.0001286268076379053 0.00023593778982813798
4596935.564953679 59262946.99891561 296314.73499457806 0.00843264331946277 0.008668581109290908
4596935.564953679 59262946.99891561 296314.73499457806 2.4624406676621707e-06 0.00867104354995857
4596935.564953679 59262946.99891561 296314.73499457806 3.5356462050929516e-06 0.008674579196163663
4596935.564953679 59262946.99891561 296314.73499457806 0.0 0.008674579196163663
4596935.564953679 59262946.99891561 296314.73499457806 5.399663975634815e-07 0.008675119162561227
4596935.564953679 59262946.99891561 296314.73499457806 1.82238659177675e-06 0.008676941549153003
4596935.564953679 59262946.99891561 296314.73499457806 0.0009642061290116328 0.009641147678164637
4596935.564953679 59262946.99891561 296314.73499457806 0.0 0.009641147678164637
4596935.564953679 59262946.99891561 296314.73499457806 0.003507703178074394 0.013148850856239031
4596935.564953679 59262946.99891561 296314.73499457806 0.0 0.013148850856239031
4596935.564953679 59262946.99891561 296314.73499457806 0.00028941031718528686 0.013438261173424318
4596935.564953679 59262946.99891561 296314.73499457806 3.921151622390582e-06 0.013442182325046709
4596935.564953679 59262946.99891561 296314.73499457806 0.04199123082300044 0.05543341314804715
4596935.564953679 59262946.99891561 296314.73499457806 0.0 0.05543341314804715
4596935.564953679 59262946.99891561 296314.73499457806 0.0 0.05543341314804715
4596935.564953679 59262946.99891561 296314.73499457806 0.0 0.05543341314804715
4596935.564953679 59262946.99891561 296314.73499457806 0.0034572331159945643 0.05889064626404172
4596935.564953679 59262946.99891561 296314.73499457806 0.004063156691802107 0.06295380295584382
4596935.564953679 59262946.99891561 296314.73499457806 5.4333070673292966e-05 0.06300813602651711
4596935.564953679 59262946.99891561 296314.73499457806 0.0 0.06300813602651711
4596935.564953679 59262946.99891561 296314.73499457806 0.0 0.06300813602651711
4596935.564953679 59262946.99891561 296314.73499457806 5.154487667955123e-06 0.06301329051418507
4596935.564953679 59262946.99891561 296314.73499457806 0.003062374044673541 0.0660756645588586
4596935.564953679 59262946.99891561 296314.73499457806 0.07756846052623392 0.14364412508509253
4596935.564953679 59262946.99891561 296314.73499457806 0.0 0.14364412508509253
4596935.564953679 59262946.99891561 296314.73499457806 0.0 0.14364412508509253
4596935.564953679 59262946.99891561 296314.73499457806 0.0 0.14364412508509253
4596935.564953679 59262946.99891561 296314.73499457806 0.00029394810551083606 0.14393807319060337
4596935.564953679 59262946.99891561 296314.73499457806 0.0 0.14393807319060337
4596935.564953679 59262946.99891561 296314.73499457806 0.0 0.14393807319060337
4596935.564953679 59262946.99891561 296314.73499457806 0.0 0.14393807319060337
4596935.564953679 59262946.99891561 296314.73499457806 0.0 0.14393807319060337
4596935.564953679 59262946.99891561 296314.73499457806 2.8057477048796568e-06 0.14394087893830826
4596935.564953679 59262946.99891561 296314.73499457806 2.134404595320744e-06 0.14394301334290358
4596935.564953679 59262946.99891561 296314.73499457806 0.0 0.14394301334290358
4596935.564953679 59262946.99891561 296314.73499457806 5.590347504312275e-05 0.1439989168179467
4596935.564953679 59262946.99891561 296314.73499457806 0.0 0.1439989168179467
4596935.564953679 59262946.99891561 296314.73499457806 0.0 0.1439989168179467
4596935.564953679 59262946.99891561 296314.73499457806 0.0034070074633890408 0.14740592428133573
4596935.564953679 59262946.99891561 296314.73499457806 8.436974961929398e-06 0.14741436125629764
4596935.564953679 59262946.99891561 296314.73499457806 1.9090695066500454e-07 0.1474145521632483
4596935.564953679 59262946.99891561 296314.73499457806 0.001140125984355042 0.14855467814760334
4596935.564953679 59262946.99891561 296314.73499457806 0.0010308975335910245 0.14958557568119438
4596935.564953679 59262946.99891561 296314.73499457806 3.921151622390582e-06 0.14958949683281678
4596935.564953679 59262946.99891561 296314.73499457806 0.021733686835595848 0.17132318366841262
4596935.564953679 59262946.99891561 296314.73499457806 0.0 0.17132318366841262
4596935.564953679 59262946.99891561 296314.73499457806 0.0 0.17132318366841262
4596935.564953679 59262946.99891561 296314.73499457806 0.0 0.17132318366841262
4596935.564953679 59262946.99891561 296314.73499457806 0.0 0.17132318366841262
4596935.564953679 59262946.99891561 296314.73499457806 0.0 0.17132318366841262
4596935.564953679 59262946.99891561 296314.73499457806 0.0 0.17132318366841262
4596935.564953679 59262946.99891561 296314.73499457806 3.921151622390582e-06 0.17132710482003502
4596935.564953679 59262946.99891561 296314.73499457806 0.00011912104206436943 0.1714462258620994
4596935.564953679 59262946.99891561 296314.73499457806 0.0 0.1714462258620994
4596935.564953679 59262946.99891561 296314.73499457806 0.0 0.1714462258620994
4596935.564953679 59262946.99891561 296314.73499457806 0.0 0.1714462258620994
4596935.564953679 59262946.99891561 296314.73499457806 0.045885840856038064 0.21733206671813746
4596935.564953679 59262946.99891561 296314.73499457806 0.0 0.21733206671813746
4596935.564953679 59262946.99891561 296314.73499457806 0.00022778455441279665 0.21755985127255026
4596935.564953679 59262946.99891561 296314.73499457806 0.044574867095671496 0.2621347183682218
4596935.564953679 59262946.99891561 296314.73499457806 0.0038741920364156273 0.2660089104046374
4596935.564953679 59262946.99891561 296314.73499457806 0.06149393435335743 0.32750284475799485
4596935.564953679 59262946.99891561 296314.73499457806 0.00021409923005373898 0.32771694398804857
4596935.564953679 59262946.99891561 296314.73499457806 1.221804484256029e-05 0.32772916203289115
4596935.564953679 59262946.99891561 296314.73499457806 0.004078679572725173 0.3318078416056163
4596935.564953679 59262946.99891561 296314.73499457806 0.0 0.3318078416056163
4596935.564953679 59262946.99891561 296314.73499457806 2.134404595320744e-06 0.33180997601021167
4596935.564953679 59262946.99891561 296314.73499457806 0.0 0.33180997601021167
4596935.564953679 59262946.99891561 296314.73499457806 3.967926456837995e-06 0.3318139439366685
4596935.564953679 59262946.99891561 296314.73499457806 0.0 0.3318139439366685
4596935.564953679 59262946.99891561 296314.73499457806 0.0 0.3318139439366685
4596935.564953679 59262946.99891561 296314.73499457806 0.0 0.3318139439366685
4596935.564953679 59262946.99891561 296314.73499457806 0.00019548871748096465 0.3320094326541495
4596935.564953679 59262946.99891561 296314.73499457806 0.012029643284671527 0.34403907593882105
4596935.564953679 59262946.99891561 296314.73499457806 0.0003933254009658072 0.34443240133978686
4596935.564953679 59262946.99891561 296314.73499457806 0.0 0.34443240133978686
4596935.564953679 59262946.99891561 296314.73499457806 7.93585291367599e-06 0.34444033719270056
4596935.564953679 59262946.99891561 296314.73499457806 4.319731180507852e-06 0.3444446569238811
4596935.564953679 59262946.99891561 296314.73499457806 0.0 0.3444446569238811
4596935.564953679 59262946.99891561 296314.73499457806 1.5684606489562328e-05 0.34446034153037064
4596935.564953679 59262946.99891561 296314.73499457806 0.0 0.34446034153037064
4596935.564953679 59262946.99891561 296314.73499457806 0.0 0.34446034153037064
4596935.564953679 59262946.99891561 296314.73499457806 0.0 0.34446034153037064
4596935.564953679 59262946.99891561 296314.73499457806 0.0 0.34446034153037064
4596935.564953679 59262946.99891561 296314.73499457806 8.436974961929398e-06 0.3444687785053326
4596935.564953679 59262946.99891561 296314.73499457806 0.0 0.3444687785053326
4596935.564953679 59262946.99891561 296314.73499457806 0.00011515695336939712 0.344583935458702
4596935.564953679 59262946.99891561 296314.73499457806 0.0017127690895152126 0.3462967045482172
4596935.564953679 59262946.99891561 296314.73499457806 0.0 0.3462967045482172
4596935.564953679 59262946.99891561 296314.73499457806 0.0 0.3462967045482172
4596935.564953679 59262946.99891561 296314.73499457806 0.0 0.3462967045482172
4596935.564953679 59262946.99891561 296314.73499457806 0.031540080040387004 0.3778367845886042
4596935.564953679 59262946.99891561 296314.73499457806 1.5272556053200363e-06 0.3778383118442095
4596935.564953679 59262946.99891561 296314.73499457806 0.017496086345159895 0.39533439818936944
4596935.564953679 59262946.99891561 296314.73499457806 3.174341165470396e-05 0.3953661416010241
4596935.564953679 59262946.99891561 296314.73499457806 0.011061116019523351 0.4064272576205475
4596935.564953679 59262946.99891561 296314.73499457806 1.2500397037488544e-06 0.40642850766025124
4596935.564953679 59262946.99891561 296314.73499457806 0.0 0.40642850766025124
4596935.564953679 59262946.99891561 296314.73499457806 2.414803141035243e-05 0.4064526556916616
4596935.564953679 59262946.99891561 296314.73499457806 0.0 0.4064526556916616
4596935.564953679 59262946.99891561 296314.73499457806 0.0 0.4064526556916616
4596935.564953679 59262946.99891561 296314.73499457806 0.002546195559364723 0.40899885125102636
4596935.564953679 59262946.99891561 296314.73499457806 0.024546989653828878 0.43354584090485526
4596935.564953679 59262946.99891561 296314.73499457806 0.000233265483747424 0.4337791063886027
4596935.564953679 59262946.99891561 296314.73499457806 2.7859335909975205e-05 0.43380696572451266
4596935.564953679 59262946.99891561 296314.73499457806 0.007824693729060654 0.4416316594535733
4596935.564953679 59262946.99891561 296314.73499457806 0.004647727636528673 0.44627938709010195
4596935.564953679 59262946.99891561 296314.73499457806 2.7859335909975205e-05 0.44630724642601194
4596935.564953679 59262946.99891561 296314.73499457806 0.007917293057979067 0.454224539483991
4596935.564953679 59262946.99891561 296314.73499457806 0.035461880205582316 0.4896864196895733
4596935.564953679 59262946.99891561 296314.73499457806 0.0 0.4896864196895733
4596935.564953679 59262946.99891561 296314.73499457806 0.0009111382176511866 0.49059755790722454
4596935.564953679 59262946.99891561 296314.73499457806 0.0 0.49059755790722454
4596935.564953679 59262946.99891561 296314.73499457806 2.2359760118925767e-05 0.4906199176673435
4596935.564953679 59262946.99891561 296314.73499457806 0.002366507078214538 0.49298642474555804
4596935.564953679 59262946.99891561 296314.73499457806 1.2500397037488544e-06 0.4929876747852618
4596935.564953679 59262946.99891561 296314.73499457806 0.0005611495409759313 0.4935488243262377
4596935.564953679 59262946.99891561 296314.73499457806 0.0005145072305516212 0.49406333155678933
4596935.564953679 59262946.99891561 296314.73499457806 0.007824693729060654 0.50188802528585
4596935.564953679 59262946.99891561 296314.73499457806 0.0003933254009658072 0.5022813506868158
4596935.564953679 59262946.99891561 296314.73499457806 0.0006145709390090737 0.5028959216258249
4596935.564953679 59262946.99891561 296314.73499457806 0.00042853605733850344 0.5033244576831634
4596935.564953679 59262946.99891561 296314.73499457806 0.01000441677431938 0.5133288744574828
4596935.564953679 59262946.99891561 296314.73499457806 0.011061116019523351 0.5243899904770061
4596935.564953679 59262946.99891561 296314.73499457806 9.981622448110847e-05 0.5244898067014871
4596935.564953679 59262946.99891561 296314.73499457806 0.0 0.5244898067014871
4596935.564953679 59262946.99891561 296314.73499457806 0.015116843096280159 0.5396066497977673
4596935.564953679 59262946.99891561 296314.73499457806 0.017826766032935523 0.5574334158307028
4596935.564953679 59262946.99891561 296314.73499457806 0.0005400171520195051 0.5579734329827223
4596935.564953679 59262946.99891561 296314.73499457806 6.83009470502638e-05 0.5580417339297725
4596935.564953679 59262946.99891561 296314.73499457806 1.4142584820371806e-05 0.5580558765145929
4596935.564953679 59262946.99891561 296314.73499457806 0.01530479438961143 0.5733606709042043
4596935.564953679 59262946.99891561 296314.73499457806 0.001693334622759078 0.5750540055269634
4596935.564953679 59262946.99891561 296314.73499457806 0.07243971525568185 0.6474937207826452
4596935.564953679 59262946.99891561 296314.73499457806 0.0016417814174712606 0.6491355022001165
4596935.564953679 59262946.99891561 296314.73499457806 0.010245358227756412 0.6593808604278729
4596935.564953679 59262946.99891561 296314.73499457806 0.0014232628409854167 0.6608041232688583
4596935.564953679 59262946.99891561 296314.73499457806 0.011827067407598361 0.6726311906764566
4596935.564953679 59262946.99891561 296314.73499457806 0.002105331104703066 0.6747365217811596
4596935.564953679 59262946.99891561 296314.73499457806 0.0 0.6747365217811596
4596935.564953679 59262946.99891561 296314.73499457806 0.002074641266651763 0.6768111630478114
4596935.564953679 59262946.99891561 296314.73499457806 3.5356462050929516e-06 0.6768146986940166
4596935.564953679 59262946.99891561 296314.73499457806 0.0018706742885128583 0.6786853729825294
4596935.564953679 59262946.99891561 296314.73499457806 5.845857151602682e-05 0.6787438315540454
4596935.564953679 59262946.99891561 296314.73499457806 0.002957580165369656 0.681701411719415
4596935.564953679 59262946.99891561 296314.73499457806 0.04614499174657633 0.7278464034659914
4596935.564953679 59262946.99891561 296314.73499457806 0.028294039186434593 0.756140442652426
4596935.564953679 59262946.99891561 296314.73499457806 0.005222992083071936 0.761363434735498
4596935.564953679 59262946.99891561 296314.73499457806 0.000733496454089455 0.7620969311895874
4596935.564953679 59262946.99891561 296314.73499457806 0.002727186769143026 0.7648241179587305
4596935.564953679 59262946.99891561 296314.73499457806 0.00130285220205254 0.766126970160783
4596935.564953679 59262946.99891561 296314.73499457806 0.0002020138347513353 0.7663289839955344
4596935.564953679 59262946.99891561 296314.73499457806 0.0018042637621966918 0.7681332477577311
4596935.564953679 59262946.99891561 296314.73499457806 0.0023222740232650397 0.7704555217809961
4596935.564953679 59262946.99891561 296314.73499457806 0.004025595225086476 0.7744811170060826
4596935.564953679 59262946.99891561 296314.73499457806 0.0 0.7744811170060826
4596935.564953679 59262946.99891561 296314.73499457806 0.01485393503634504 0.7893350520424276
4596935.564953679 59262946.99891561 296314.73499457806 0.007549084626019426 0.796884136668447
4596935.564953679 59262946.99891561 296314.73499457806 0.00018337411352236375 0.7970675107819694
4596935.564953679 59262946.99891561 296314.73499457806 0.00028351269806631843 0.7973510234800357
4596935.564953679 59262946.99891561 296314.73499457806 0.004078679572725173 0.8014297030527608
4596935.564953679 59262946.99891561 296314.73499457806 0.019486548638916964 0.8209162516916778
4596935.564953679 59262946.99891561 296314.73499457806 0.025955691674519374 0.8468719433661972
4596935.564953679 59262946.99891561 296314.73499457806 0.0004404947778762066 0.8473124381440734
4596935.564953679 59262946.99891561 296314.73499457806 0.013917116703478827 0.8612295548475523
4596935.564953679 59262946.99891561 296314.73499457806 0.0007647064853736353 0.8619942613329259
4596935.564953679 59262946.99891561 296314.73499457806 0.00942217454653421 0.87141643587946
4596935.564953679 59262946.99891561 296314.73499457806 0.0 0.87141643587946
4596935.564953679 59262946.99891561 296314.73499457806 0.02288754119021005 0.8943039770696701
4596935.564953679 59262946.99891561 296314.73499457806 0.005631991929275761 0.8999359689989459
4596935.564953679 59262946.99891561 296314.73499457806 0.015003721914918668 0.9149396909138646
4596935.564953679 59262946.99891561 296314.73499457806 0.0002732037882010552 0.9152128947020657
4596935.564953679 59262946.99891561 296314.73499457806 0.008872553287209642 0.9240854479892753
4596935.564953679 59262946.99891561 296314.73499457806 0.0038677402095994035 0.9279531881988747
4596935.564953679 59262946.99891561 296314.73499457806 0.007542385476931292 0.935495573675806
4596935.564953679 59262946.99891561 296314.73499457806 0.0012074015705176215 0.9367029752463236
4596935.564953679 59262946.99891561 296314.73499457806 0.0023222740232650397 0.9390252492695886
4596935.564953679 59262946.99891561 296314.73499457806 0.001186224206846544 0.9402114734764352
4596935.564953679 59262946.99891561 296314.73499457806 0.010550166494798759 0.950761639971234
4596935.564953679 59262946.99891561 296314.73499457806 0.0010524489668385752 0.9518140889380725
4596935.564953679 59262946.99891561 296314.73499457806 0.0004049503189560829 0.9522190392570286
4596935.564953679 59262946.99891561 296314.73499457806 0.001738658261545375 0.953957697518574
4596935.564953679 59262946.99891561 296314.73499457806 3.174341165470396e-05 0.9539894409302286
4596935.564953679 59262946.99891561 296314.73499457806 1.7278924722031407e-05 0.9540067198549507
4596935.564953679 59262946.99891561 296314.73499457806 0.00047702234196156504 0.9544837421969122
4596935.564953679 59262946.99891561 296314.73499457806 8.05340015374223e-05 0.9545642761984496
4596935.564953679 59262946.99891561 296314.73499457806 0.006625736840770611 0.9611900130392202
4596935.564953679 59262946.99891561 296314.73499457806 0.0004592939148606813 0.9616493069540809
4596935.564953679 59262946.99891561 296314.73499457806 0.006329090222770725 0.9679783971768516
4596935.564953679 59262946.99891561 296314.73499457806 0.032021602823148455 1.0
801's generation extracting best parents:
0
0
0
0
0
0
0
0
0
7622.803683684895
499743.294102082
0
0
0
0
0
57141.69671964598
0
207876.82753015065
0
17151.308288291013
0
2488524.086682707
0
0
0
204885.82291608173
240794.63967455755
0
0
0
0
181485.3107003429
4596935.564953679
0
0
0
17420.23099732033
0
0
0
0
0
0
0
0
0
0
201909.30272773464
0
0
67567.22578291934
61094.02589451771
0
1288002.3310289467
0
0
0
0
0
0
0
0
0
0
0
2719330.1546520605
0
13499.183975337177
2641637.9861744875
229596.03731772027
3644311.772337817
12688.151323183374
0
241714.5713439717
0
0
0
0
0
0
0
11585.237502960395
712912.1123953499
23309.622390763863
0
0
0
0
0
0
0
0
0
0
0
0
101503.743773321
0
0
0
1869158.091775011
0
1036869.637761662
0
655514.3324138687
0
0
0
0
0
150895.0524835059
1454726.9468377908
13824.0
0
463714.40974806895
275438.03658899403
0
469202.118869896
2101575.5271053193
0
53996.73590134871
0
0
140246.18354878682
0
33255.375505322445
30491.21473473958
463714.40974806895
23309.622390763863
36421.284985568534
25396.30965317599
592891.2210515518
655514.3324138687
0
0
895868.6712057744
1056466.690571927
32003.007858637287
0
0
907007.2187408432
100352.0
4292991.005814012
97296.80512740386
607170.1216364322
84346.75031084481
700906.868929104
124768.12567318625
0
122949.35542734659
0
110861.67121237169
0
175274.91658534599
2734688.2001427514
1676788.1446909148
309529.902994848
43469.16148259591
161621.12495586707
77210.86099766017
11971.93518191608
106925.98771112663
137624.80235771457
238568.6364633876
0
880287.9647842518
447381.0020821179
10867.290370648978
16801.797999023795
241714.5713439717
1154830.2991799272
1538210.7800272368
26105.018674576735
824769.349575989
45318.759912424786
558385.8307657887
0
1356383.140490916
333768.4392029899
889164.7766302937
16190.861620062102
525813.6552049594
229213.6830470642
446983.99076477
71554.17527999327
137624.80235771457
70299.14229917745
625233.9578109941
62371.227340817975
23998.549289488314
103038.01240319031
0
0
28269.749768966827
0
392660.6912233513
27219.110933313015
375080.5384234165
1897694.5509285736
