0 2 19 16 82.8190799272728 1325.1052788363647
1 6 82 144 742.5415813272682 106925.98771112663
2 0 5 0 11.180339887498949 0.0
3 1 17 4 70.09279563550022 280.3711825420009
4 0 50 0 1.0 0.0
5 2 74 16 117.57550765359255 1881.2081224574808
6 4 55 64 407.8909167902615 26105.018674576735
7 6 78 144 688.877347573572 99198.33805059438
8 5 56 100 419.06562731868144 41906.56273186814
9 0 50 0 1.0 0.0
10 0 50 0 1.0 0.0
11 2 22 16 103.18914671611545 1651.0263474578471
12 0 50 0 1.0 0.0
13 0 5 0 11.180339887498949 0.0
14 0 50 0 1.0 0.0
15 0 5 0 11.180339887498949 0.0
16 0 6 0 14.696938456699069 0.0
17 0 2 0 2.8284271247461903 0.0
18 1 9 4 27.0 108.0
19 1 15 4 58.09475019311125 232.379000772445
20 0 50 0 1.0 0.0
21 7 113 196 1201.2064768390153 235436.469460447
22 1 14 4 52.38320341483518 209.53281365934072
23 0 50 0 1.0 0.0
24 6 93 144 896.8595207723448 129147.77099121765
25 6 88 144 825.5131737289236 118873.897016965
26 0 50 0 1.0 0.0
27 0 5 0 11.180339887498949 0.0
28 4 98 64 332.55375505322445 21283.440323406365
29 0 13 0 46.87216658103186 0.0
30 0 6 0 14.696938456699069 0.0
31 0 50 0 1.0 0.0
32 6 365 144 1233.2376088978149 177586.21568128534
33 2 23 16 110.30412503619254 1764.8660005790807
34 0 50 0 1.0 0.0
35 0 50 0 1.0 0.0
36 1 57 4 18.520259177452132 74.08103670980853
37 1 8 4 22.627416997969522 90.50966799187809
38 2 15 16 58.09475019311125 929.51600308978
39 1 46 4 311.9871792237623 1247.9487168950493
40 1 21 4 96.23408959407264 384.93635837629057
41 0 6 0 14.696938456699069 0.0
42 0 50 0 1.0 0.0
43 0 50 0 1.0 0.0
44 1 9 4 27.0 108.0
45 3 39 36 243.55492193753753 8767.977189751351
46 1 51 4 1.0 4.0
47 3 70 36 89.44271909999159 3219.937887599697
48 0 5 0 11.180339887498949 0.0
49 0 2 0 2.8284271247461903 0.0
50 1 15 4 58.09475019311125 232.379000772445
51 4 92 64 272.19110933313016 17420.23099732033
52 0 6 0 14.696938456699069 0.0
53 0 50 0 1.0 0.0
54 0 50 0 1.0 0.0
55 0 50 0 1.0 0.0
56 10 117 400 1265.5484976878602 506219.3990751441
57 0 50 0 1.0 0.0
58 5 59 100 453.18759912424787 45318.759912424786
59 0 50 0 1.0 0.0
60 0 50 0 1.0 0.0
61 0 50 0 1.0 0.0
62 2 23 16 110.30412503619254 1764.8660005790807
63 5 83 100 756.1659870689768 75616.59870689768
64 1 11 4 36.4828726939094 145.9314907756376
65 1 10 4 31.622776601683793 126.49110640673517
66 0 6 0 14.696938456699069 0.0
67 1 57 4 18.520259177452132 74.08103670980853
68 0 4 0 8.0 0.0
69 3 43 36 281.96985654498604 10150.914835619498
70 8 111 256 1169.4575665666541 299381.13704106346
71 3 32 36 181.01933598375618 6516.696095415223
72 0 2 0 2.8284271247461903 0.0
73 0 5 0 11.180339887498949 0.0
74 9 77 324 675.6722578291934 218917.81153665867
75 1 21 4 96.23408959407264 384.93635837629057
76 0 13 0 46.87216658103186 0.0
77 0 50 0 1.0 0.0
78 10 95 400 925.9454627568516 370378.18510274065
79 1 23 4 110.30412503619254 441.2165001447702
80 0 50 0 1.0 0.0
81 0 50 0 1.0 0.0
82 1 10 4 31.622776601683793 126.49110640673517
83 0 50 0 1.0 0.0
84 0 2 0 2.8284271247461903 0.0
85 1 7 4 18.520259177452132 74.08103670980853
86 0 50 0 1.0 0.0
87 0 9 0 27.0 0.0
88 0 50 0 1.0 0.0
89 1 20 4 89.44271909999159 357.77087639996637
90 0 50 0 1.0 0.0
91 0 50 0 1.0 0.0
92 0 2 0 2.8284271247461903 0.0
93 7 109 196 1137.99340947125 223046.708256365
94 0 50 0 1.0 0.0
95 0 50 0 1.0 0.0
96 2 22 16 103.18914671611545 1651.0263474578471
97 2 19 16 82.8190799272728 1325.1052788363647
98 7 130 196 1482.2280526288794 290516.69831526035
99 0 50 0 1.0 0.0
100 0 50 0 1.0 0.0
101 6 87 144 811.4819776187269 116853.40477709667
102 0 50 0 1.0 0.0
103 5 69 100 573.1570465413472 57315.70465413472
104 0 50 0 1.0 0.0
105 4 67 64 548.4186357154541 35098.79268578906
106 4 44 64 291.8629815512752 18679.230819281613
107 0 50 0 1.0 0.0
108 6 107 144 1106.8166063083802 159381.59130840676
109 1 58 4 22.627416997969522 90.50966799187809
110 0 50 0 1.0 0.0
111 7 71 196 598.2566338955214 117258.3002435222
112 4 39 64 243.55492193753753 15587.515004002402
113 2 41 16 262.5280937347468 4200.449499755949
114 8 128 256 1448.1546878700494 370727.60009473265
115 10 107 400 1106.8166063083802 442726.64252335206
116 8 119 256 1298.13674164165 332323.0058602624
117 4 53 64 385.84582413186746 24694.132744439517
118 1 12 4 41.569219381653056 166.27687752661222
119 0 50 0 1.0 0.0
120 2 59 16 453.18759912424787 7251.001585987966
121 1 26 4 132.5745073534124 530.2980294136496
122 8 119 256 1298.13674164165 332323.0058602624
123 6 76 144 662.5526394181824 95407.58007621826
124 7 117 196 1265.5484976878602 248047.50554682058
125 5 90 100 853.8149682454624 85381.49682454624
126 3 47 36 322.21576621884907 11599.767583878567
127 8 91 256 868.0846732894205 222229.67636209165
128 0 50 0 1.0 0.0
129 7 86 196 797.5311906126306 156316.1133600756
130 6 48 144 332.55375505322445 47887.74072766432
131 2 30 16 164.31676725154983 2629.0682760247973
132 6 54 144 396.81733833087486 57141.69671964598
133 2 38 16 234.2477321128211 3747.9637138051376
134 6 106 144 1091.336794944622 157152.49847202556
135 4 47 64 322.21576621884907 20621.80903800634
136 8 71 256 598.2566338955214 153153.69827725348
137 2 36 16 216.0 3456.0
138 5 38 100 234.2477321128211 23424.77321128211
139 6 302 144 374.9773326482549 53996.73590134871
140 0 50 0 1.0 0.0
141 0 50 0 1.0 0.0
142 3 52 36 374.9773326482549 13499.183975337177
143 0 50 0 1.0 0.0
144 3 45 36 301.8691769624716 10867.290370648978
145 4 58 64 441.7148401401067 28269.749768966827
146 0 50 0 1.0 0.0
147 1 6 4 14.696938456699069 58.787753826796276
148 7 84 196 769.8727167525811 150895.0524835059
149 7 79 196 702.1673589679315 137624.80235771457
150 8 64 256 512.0 131072.0
151 7 106 196 1091.336794944622 213902.01180914592
152 8 88 256 825.5131737289236 211331.37247460443
153 7 91 196 868.0846732894205 170144.5959647264
154 3 38 36 234.2477321128211 8432.91835606156
155 8 134 256 1551.1621449738902 397097.5091133159
156 1 11 4 36.4828726939094 145.9314907756376
157 6 89 144 839.6243207530378 120905.90218843744
158 2 20 16 89.44271909999159 1431.0835055998655
159 7 91 196 868.0846732894205 170144.5959647264
160 3 26 36 132.5745073534124 4772.682264722846
161 7 84 196 769.8727167525811 150895.0524835059
162 7 43 196 281.96985654498604 55266.091882817265
163 7 314 196 512.0 100352.0
164 0 50 0 1.0 0.0
165 4 32 64 181.01933598375618 11585.237502960395
166 5 67 100 548.4186357154541 54841.863571545415
167 2 24 16 117.57550765359255 1881.2081224574808
168 7 91 196 868.0846732894205 170144.5959647264
169 5 60 100 464.75800154489 46475.800154489
170 5 72 100 103.18914671611545 10318.914671611545
171 10 133 400 1533.830825091216 613532.3300364864
172 6 47 144 322.21576621884907 46399.07033551427
173 8 89 256 839.6243207530378 214943.82611277766
174 6 105 144 1075.929830425758 154933.89558130913
175 6 91 144 868.0846732894205 125004.19295367655
176 2 23 16 110.30412503619254 1764.8660005790807
177 0 50 0 1.0 0.0
178 4 58 64 441.7148401401067 28269.749768966827
179 5 82 100 742.5415813272682 74254.15813272682
180 4 62 64 488.18848818873226 31244.063244078865
181 4 51 64 364.21284985568536 23309.622390763863
182 1 8 4 22.627416997969522 90.50966799187809
183 8 102 256 1030.1495037129318 263718.27295051055
184 5 56 100 419.06562731868144 41906.56273186814
185 6 55 144 407.8909167902615 58736.292017797656
186 2 24 16 117.57550765359255 1881.2081224574808
187 4 51 64 364.21284985568536 23309.622390763863
188 0 50 0 1.0 0.0
189 4 33 64 189.57056733575496 12132.516309488317
190 10 127 400 1431.21731403725 572486.9256149
191 8 99 256 985.0375627355537 252169.61606030175
192 4 60 64 464.75800154489 29744.51209887296
193 5 44 100 291.8629815512752 29186.29815512752
194 8 113 256 1201.2064768390153 307508.8580707879
195 6 102 144 1030.1495037129318 148341.52853466218
196 3 45 36 301.8691769624716 10867.290370648978
197 8 114 256 1217.1869207315694 311599.8517072818
198 5 89 100 839.6243207530378 83962.43207530378
199 5 80 100 715.5417527999327 71554.17527999327
601's generation fitness ratios and roulette cutoffs:
613532.3300364864 12331540.679501198 61657.70339750599 0.00010745658740266704 0.00010745658740266704
613532.3300364864 12331540.679501198 61657.70339750599 0.008670935002377311 0.008778391589779978
613532.3300364864 12331540.679501198 61657.70339750599 0.0 0.008778391589779978
613532.3300364864 12331540.679501198 61657.70339750599 2.273610328416333e-05 0.008801127693064141
613532.3300364864 12331540.679501198 61657.70339750599 0.0 0.008801127693064141
613532.3300364864 12331540.679501198 61657.70339750599 0.00015255256186963122 0.008953680254933772
613532.3300364864 12331540.679501198 61657.70339750599 0.0021169308323307308 0.011070611087264502
613532.3300364864 12331540.679501198 61657.70339750599 0.008044277728856089 0.01911488881612059
613532.3300364864 12331540.679501198 61657.70339750599 0.0033983233580480096 0.0225132121741686
613532.3300364864 12331540.679501198 61657.70339750599 0.0 0.0225132121741686
613532.3300364864 12331540.679501198 61657.70339750599 0.0 0.0225132121741686
613532.3300364864 12331540.679501198 61657.70339750599 0.00013388646158402244 0.02264709863575262
613532.3300364864 12331540.679501198 61657.70339750599 0.0 0.02264709863575262
613532.3300364864 12331540.679501198 61657.70339750599 0.0 0.02264709863575262
613532.3300364864 12331540.679501198 61657.70339750599 0.0 0.02264709863575262
613532.3300364864 12331540.679501198 61657.70339750599 0.0 0.02264709863575262
613532.3300364864 12331540.679501198 61657.70339750599 0.0 0.02264709863575262
613532.3300364864 12331540.679501198 61657.70339750599 0.0 0.02264709863575262
613532.3300364864 12331540.679501198 61657.70339750599 8.758029739100574e-06 0.022655856665491723
613532.3300364864 12331540.679501198 61657.70339750599 1.8844279625069896e-05 0.022674700945116793
613532.3300364864 12331540.679501198 61657.70339750599 0.0 0.022674700945116793
613532.3300364864 12331540.679501198 61657.70339750599 0.019092218529661472 0.041766919474778265
613532.3300364864 12331540.679501198 61657.70339750599 1.6991616790240048e-05 0.0417839110915685
613532.3300364864 12331540.679501198 61657.70339750599 0.0 0.0417839110915685
613532.3300364864 12331540.679501198 61657.70339750599 0.010472963139626246 0.05225687423119475
613532.3300364864 12331540.679501198 61657.70339750599 0.009639825234049616 0.06189669946524437
613532.3300364864 12331540.679501198 61657.70339750599 0.0 0.06189669946524437
613532.3300364864 12331540.679501198 61657.70339750599 0.0 0.06189669946524437
613532.3300364864 12331540.679501198 61657.70339750599 0.0017259352157663454 0.06362263468101072
613532.3300364864 12331540.679501198 61657.70339750599 0.0 0.06362263468101072
613532.3300364864 12331540.679501198 61657.70339750599 0.0 0.06362263468101072
613532.3300364864 12331540.679501198 61657.70339750599 0.0 0.06362263468101072
613532.3300364864 12331540.679501198 61657.70339750599 0.014400975538805793 0.0780236102198165
613532.3300364864 12331540.679501198 61657.70339750599 0.00014311804554258408 0.07816672826535909
613532.3300364864 12331540.679501198 61657.70339750599 0.0 0.07816672826535909
613532.3300364864 12331540.679501198 61657.70339750599 0.0 0.07816672826535909
613532.3300364864 12331540.679501198 61657.70339750599 6.007443727850968e-06 0.07817273570908694
613532.3300364864 12331540.679501198 61657.70339750599 7.33968855508322e-06 0.07818007539764202
613532.3300364864 12331540.679501198 61657.70339750599 7.537711850027958e-05 0.0782554525161423
613532.3300364864 12331540.679501198 61657.70339750599 0.00010119974051332635 0.07835665225665563
613532.3300364864 12331540.679501198 61657.70339750599 3.121559328074657e-05 0.07838786784993637
613532.3300364864 12331540.679501198 61657.70339750599 0.0 0.07838786784993637
613532.3300364864 12331540.679501198 61657.70339750599 0.0 0.07838786784993637
613532.3300364864 12331540.679501198 61657.70339750599 0.0 0.07838786784993637
613532.3300364864 12331540.679501198 61657.70339750599 8.758029739100574e-06 0.07839662587967547
613532.3300364864 12331540.679501198 61657.70339750599 0.0007110204164777575 0.07910764629615323
613532.3300364864 12331540.679501198 61657.70339750599 3.243714718185398e-07 0.07910797066762505
613532.3300364864 12331540.679501198 61657.70339750599 0.00026111399794124846 0.0793690846655663
613532.3300364864 12331540.679501198 61657.70339750599 0.0 0.0793690846655663
613532.3300364864 12331540.679501198 61657.70339750599 0.0 0.0793690846655663
613532.3300364864 12331540.679501198 61657.70339750599 1.8844279625069896e-05 0.07938792894519137
613532.3300364864 12331540.679501198 61657.70339750599 0.0014126564920049361 0.0808005854371963
613532.3300364864 12331540.679501198 61657.70339750599 0.0 0.0808005854371963
613532.3300364864 12331540.679501198 61657.70339750599 0.0 0.0808005854371963
613532.3300364864 12331540.679501198 61657.70339750599 0.0 0.0808005854371963
613532.3300364864 12331540.679501198 61657.70339750599 0.0 0.0808005854371963
613532.3300364864 12331540.679501198 61657.70339750599 0.04105078288527531 0.12185136832247162
613532.3300364864 12331540.679501198 61657.70339750599 0.0 0.12185136832247162
613532.3300364864 12331540.679501198 61657.70339750599 0.0036750282134460667 0.12552639653591768
613532.3300364864 12331540.679501198 61657.70339750599 0.0 0.12552639653591768
613532.3300364864 12331540.679501198 61657.70339750599 0.0 0.12552639653591768
613532.3300364864 12331540.679501198 61657.70339750599 0.0 0.12552639653591768
613532.3300364864 12331540.679501198 61657.70339750599 0.00014311804554258408 0.12566951458146028
613532.3300364864 12331540.679501198 61657.70339750599 0.006131966854117074 0.13180148143557735
613532.3300364864 12331540.679501198 61657.70339750599 1.1834003111891808e-05 0.13181331543868924
613532.3300364864 12331540.679501198 61657.70339750599 1.0257526589277055e-05 0.13182357296527852
613532.3300364864 12331540.679501198 61657.70339750599 0.0 0.13182357296527852
613532.3300364864 12331540.679501198 61657.70339750599 6.007443727850968e-06 0.13182958040900639
613532.3300364864 12331540.679501198 61657.70339750599 0.0 0.13182958040900639
613532.3300364864 12331540.679501198 61657.70339750599 0.000823166796383637 0.13265274720539003
613532.3300364864 12331540.679501198 61657.70339750599 0.02427767501417943 0.15693042221956946
613532.3300364864 12331540.679501198 61657.70339750599 0.0005284575759659918 0.15745887979553544
613532.3300364864 12331540.679501198 61657.70339750599 0.0 0.15745887979553544
613532.3300364864 12331540.679501198 61657.70339750599 0.0 0.15745887979553544
613532.3300364864 12331540.679501198 61657.70339750599 0.01775267318385992 0.17521155297939536
613532.3300364864 12331540.679501198 61657.70339750599 3.121559328074657e-05 0.17524276857267612
613532.3300364864 12331540.679501198 61657.70339750599 0.0 0.17524276857267612
613532.3300364864 12331540.679501198 61657.70339750599 0.0 0.17524276857267612
613532.3300364864 12331540.679501198 61657.70339750599 0.03003502925781389 0.20527779783049002
613532.3300364864 12331540.679501198 61657.70339750599 3.577951138564602e-05 0.20531357734187566
613532.3300364864 12331540.679501198 61657.70339750599 0.0 0.20531357734187566
613532.3300364864 12331540.679501198 61657.70339750599 0.0 0.20531357734187566
613532.3300364864 12331540.679501198 61657.70339750599 1.0257526589277055e-05 0.20532383486846495
613532.3300364864 12331540.679501198 61657.70339750599 0.0 0.20532383486846495
613532.3300364864 12331540.679501198 61657.70339750599 0.0 0.20532383486846495
613532.3300364864 12331540.679501198 61657.70339750599 6.007443727850968e-06 0.2053298423121928
613532.3300364864 12331540.679501198 61657.70339750599 0.0 0.2053298423121928
613532.3300364864 12331540.679501198 61657.70339750599 0.0 0.2053298423121928
613532.3300364864 12331540.679501198 61657.70339750599 0.0 0.2053298423121928
613532.3300364864 12331540.679501198 61657.70339750599 2.9012666437916492e-05 0.20535885497863074
613532.3300364864 12331540.679501198 61657.70339750599 0.0 0.20535885497863074
613532.3300364864 12331540.679501198 61657.70339750599 0.0 0.20535885497863074
613532.3300364864 12331540.679501198 61657.70339750599 0.0 0.20535885497863074
613532.3300364864 12331540.679501198 61657.70339750599 0.018087497260349392 0.22344635223898013
613532.3300364864 12331540.679501198 61657.70339750599 0.0 0.22344635223898013
613532.3300364864 12331540.679501198 61657.70339750599 0.0 0.22344635223898013
613532.3300364864 12331540.679501198 61657.70339750599 0.00013388646158402244 0.22358023870056415
613532.3300364864 12331540.679501198 61657.70339750599 0.00010745658740266704 0.2236876952879668
613532.3300364864 12331540.679501198 61657.70339750599 0.023558832255095925 0.24724652754306273
613532.3300364864 12331540.679501198 61657.70339750599 0.0 0.24724652754306273
613532.3300364864 12331540.679501198 61657.70339750599 0.0 0.24724652754306273
613532.3300364864 12331540.679501198 61657.70339750599 0.009475977723638609 0.2567225052667013
613532.3300364864 12331540.679501198 61657.70339750599 0.0 0.2567225052667013
613532.3300364864 12331540.679501198 61657.70339750599 0.004647894869244603 0.2613704001359459
613532.3300364864 12331540.679501198 61657.70339750599 0.0 0.2613704001359459
613532.3300364864 12331540.679501198 61657.70339750599 0.0028462617606357997 0.2642166618965817
613532.3300364864 12331540.679501198 61657.70339750599 0.0015147523983221514 0.2657314142949039
613532.3300364864 12331540.679501198 61657.70339750599 0.0 0.2657314142949039
613532.3300364864 12331540.679501198 61657.70339750599 0.012924710338372223 0.2786561246332761
613532.3300364864 12331540.679501198 61657.70339750599 7.33968855508322e-06 0.2786634643218312
613532.3300364864 12331540.679501198 61657.70339750599 0.0 0.2786634643218312
613532.3300364864 12331540.679501198 61657.70339750599 0.009508811858232885 0.2881722761800641
613532.3300364864 12331540.679501198 61657.70339750599 0.0012640362959604578 0.2894363124760245
613532.3300364864 12331540.679501198 61657.70339750599 0.0003406264966338216 0.2897769389726583
613532.3300364864 12331540.679501198 61657.70339750599 0.030063364321620867 0.3198403032942792
613532.3300364864 12331540.679501198 61657.70339750599 0.03590197316214506 0.35574227645642426
613532.3300364864 12331540.679501198 61657.70339750599 0.026949025632513633 0.38269130208893787
613532.3300364864 12331540.679501198 61657.70339750599 0.002002518045899061 0.38469382013483694
613532.3300364864 12331540.679501198 61657.70339750599 1.3483868873174573e-05 0.3847073040037101
613532.3300364864 12331540.679501198 61657.70339750599 0.0 0.3847073040037101
613532.3300364864 12331540.679501198 61657.70339750599 0.0005880045141513707 0.3852953085178615
613532.3300364864 12331540.679501198 61657.70339750599 4.300338807584421e-05 0.3853383119059373
613532.3300364864 12331540.679501198 61657.70339750599 0.026949025632513633 0.4122873375384509
613532.3300364864 12331540.679501198 61657.70339750599 0.007736874292992028 0.42002421183144295
613532.3300364864 12331540.679501198 61657.70339750599 0.0201148836137849 0.44013909544522783
613532.3300364864 12331540.679501198 61657.70339750599 0.006923830447762011 0.44706292589298985
613532.3300364864 12331540.679501198 61657.70339750599 0.0009406584209839195 0.44800358431397375
613532.3300364864 12331540.679501198 61657.70339750599 0.01802124180083236 0.4660248261148061
613532.3300364864 12331540.679501198 61657.70339750599 0.0 0.4660248261148061
613532.3300364864 12331540.679501198 61657.70339750599 0.012676121939890359 0.4787009480546965
613532.3300364864 12331540.679501198 61657.70339750599 0.003883354235474277 0.48258430229017074
613532.3300364864 12331540.679501198 61657.70339750599 0.00021319868655139863 0.48279750097672214
613532.3300364864 12331540.679501198 61657.70339750599 0.0046337840667900485 0.4874312850435122
613532.3300364864 12331540.679501198 61657.70339750599 0.0003039331265423632 0.48773521817005455
613532.3300364864 12331540.679501198 61657.70339750599 0.01274394680733294 0.5004791649773875
613532.3300364864 12331540.679501198 61657.70339750599 0.0016722816373047457 0.5021514466146922
613532.3300364864 12331540.679501198 61657.70339750599 0.012419672631161319 0.5145711192458535
613532.3300364864 12331540.679501198 61657.70339750599 0.0002802569516512184 0.5148513761975048
613532.3300364864 12331540.679501198 61657.70339750599 0.0018995820408897702 0.5167509582383946
613532.3300364864 12331540.679501198 61657.70339750599 0.0043787501744293675 0.5211297084128239
613532.3300364864 12331540.679501198 61657.70339750599 0.0 0.5211297084128239
613532.3300364864 12331540.679501198 61657.70339750599 0.0 0.5211297084128239
613532.3300364864 12331540.679501198 61657.70339750599 0.0010946875436073419 0.5222243959564312
613532.3300364864 12331540.679501198 61657.70339750599 0.0 0.5222243959564312
613532.3300364864 12331540.679501198 61657.70339750599 0.0008812597430517135 0.523105655699483
613532.3300364864 12331540.679501198 61657.70339750599 0.002292475085125399 0.5253981307846084
613532.3300364864 12331540.679501198 61657.70339750599 0.0 0.5253981307846084
613532.3300364864 12331540.679501198 61657.70339750599 4.767267558425976e-06 0.5254028980521668
613532.3300364864 12331540.679501198 61657.70339750599 0.012236512566052654 0.5376394106182194
613532.3300364864 12331540.679501198 61657.70339750599 0.01116038992487688 0.5487998005430963
613532.3300364864 12331540.679501198 61657.70339750599 0.010629004388549912 0.5594288049316463
613532.3300364864 12331540.679501198 61657.70339750599 0.017345927598869836 0.5767747325305161
613532.3300364864 12331540.679501198 61657.70339750599 0.017137467082754872 0.593912199613271
613532.3300364864 12331540.679501198 61657.70339750599 0.013797513253762272 0.6077097128670332
613532.3300364864 12331540.679501198 61657.70339750599 0.0006838495347203173 0.6083935624017536
613532.3300364864 12331540.679501198 61657.70339750599 0.032201775871640574 0.6405953382733941
613532.3300364864 12331540.679501198 61657.70339750599 1.1834003111891808e-05 0.640607172276506
613532.3300364864 12331540.679501198 61657.70339750599 0.009804606361102966 0.6504117786376089
613532.3300364864 12331540.679501198 61657.70339750599 0.00011605066575166597 0.6505278293033606
613532.3300364864 12331540.679501198 61657.70339750599 0.013797513253762272 0.6643253425571229
613532.3300364864 12331540.679501198 61657.70339750599 0.00038703049268259786 0.6647123730498056
613532.3300364864 12331540.679501198 61657.70339750599 0.012236512566052654 0.6769488856158582
613532.3300364864 12331540.679501198 61657.70339750599 0.004481685891422023 0.6814305715072803
613532.3300364864 12331540.679501198 61657.70339750599 0.008137831484983527 0.6895684029922637
613532.3300364864 12331540.679501198 61657.70339750599 0.0 0.6895684029922637
613532.3300364864 12331540.679501198 61657.70339750599 0.0009394801350506521 0.6905078831273144
613532.3300364864 12331540.679501198 61657.70339750599 0.004447284000993437 0.6949551671283078
613532.3300364864 12331540.679501198 61657.70339750599 0.00015255256186963122 0.6951077196901775
613532.3300364864 12331540.679501198 61657.70339750599 0.013797513253762272 0.7089052329439398
613532.3300364864 12331540.679501198 61657.70339750599 0.003768855925013979 0.7126740888689538
613532.3300364864 12331540.679501198 61657.70339750599 0.0008367903849001402 0.7135108792538539
613532.3300364864 12331540.679501198 61657.70339750599 0.0497530962255483 0.7632639754794022
613532.3300364864 12331540.679501198 61657.70339750599 0.003762633683935678 0.7670266091633379
613532.3300364864 12331540.679501198 61657.70339750599 0.017430411308627495 0.7844570204719654
613532.3300364864 12331540.679501198 61657.70339750599 0.0125640339360723 0.7970210544080377
613532.3300364864 12331540.679501198 61657.70339750599 0.0101369485129682 0.8071580029210059
613532.3300364864 12331540.679501198 61657.70339750599 0.00014311804554258408 0.8073011209665485
613532.3300364864 12331540.679501198 61657.70339750599 0.0 0.8073011209665485
613532.3300364864 12331540.679501198 61657.70339750599 0.002292475085125399 0.8095935960516739
613532.3300364864 12331540.679501198 61657.70339750599 0.006021482640539799 0.8156150786922137
613532.3300364864 12331540.679501198 61657.70339750599 0.0025336706950183506 0.818148749387232
613532.3300364864 12331540.679501198 61657.70339750599 0.0018902441306066161 0.8200389935178386
613532.3300364864 12331540.679501198 61657.70339750599 7.33968855508322e-06 0.8200463332063936
613532.3300364864 12331540.679501198 61657.70339750599 0.02138567108560013 0.8414320042919937
613532.3300364864 12331540.679501198 61657.70339750599 0.0033983233580480096 0.8448303276500417
613532.3300364864 12331540.679501198 61657.70339750599 0.004763094372744144 0.8495934220227859
613532.3300364864 12331540.679501198 61657.70339750599 0.00015255256186963122 0.8497459745846555
613532.3300364864 12331540.679501198 61657.70339750599 0.0018902441306066161 0.8516362187152621
613532.3300364864 12331540.679501198 61657.70339750599 0.0 0.8516362187152621
613532.3300364864 12331540.679501198 61657.70339750599 0.000983860543042791 0.8526200792583049
613532.3300364864 12331540.679501198 61657.70339750599 0.046424606664644 0.8990446859229488
613532.3300364864 12331540.679501198 61657.70339750599 0.020449157377349043 0.9194938433002979
613532.3300364864 12331540.679501198 61657.70339750599 0.0024120677920089467 0.9219059110923069
613532.3300364864 12331540.679501198 61657.70339750599 0.0023668006223783616 0.9242727117146853
613532.3300364864 12331540.679501198 61657.70339750599 0.024936775222414984 0.9492094869371003
613532.3300364864 12331540.679501198 61657.70339750599 0.012029439985650073 0.9612389269227504
613532.3300364864 12331540.679501198 61657.70339750599 0.0008812597430517135 0.9621201866658021
613532.3300364864 12331540.679501198 61657.70339750599 0.025268525629182432 0.9873887122949846
613532.3300364864 12331540.679501198 61657.70339750599 0.006808754417432615 0.9941974667124172
613532.3300364864 12331540.679501198 61657.70339750599 0.005802533287583299 1.0000000000000004
601's generation extracting best parents:
0
106925.98771112663
0
0
0
0
26105.018674576735
99198.33805059438
41906.56273186814
0
0
0
0
0
0
0
0
0
0
0
0
235436.469460447
0
0
129147.77099121765
118873.897016965
0
0
21283.440323406365
0
0
0
177586.21568128534
0
0
0
0
0
0
0
0
0
0
0
0
8767.977189751351
0
3219.937887599697
0
0
0
17420.23099732033
0
0
0
0
506219.3990751441
0
45318.759912424786
0
0
0
0
75616.59870689768
0
0
0
0
0
10150.914835619498
299381.13704106346
6516.696095415223
0
0
218917.81153665867
0
0
0
370378.18510274065
0
0
0
0
0
0
0
0
0
0
0
0
0
0
223046.708256365
0
0
0
0
290516.69831526035
0
0
116853.40477709667
0
57315.70465413472
0
35098.79268578906
18679.230819281613
0
159381.59130840676
0
0
117258.3002435222
15587.515004002402
4200.449499755949
370727.60009473265
442726.64252335206
332323.0058602624
24694.132744439517
0
0
7251.001585987966
0
332323.0058602624
95407.58007621826
248047.50554682058
85381.49682454624
11599.767583878567
222229.67636209165
0
156316.1133600756
47887.74072766432
2629.0682760247973
57141.69671964598
3747.9637138051376
157152.49847202556
20621.80903800634
153153.69827725348
3456.0
23424.77321128211
53996.73590134871
0
0
13499.183975337177
0
10867.290370648978
28269.749768966827
0
0
150895.0524835059
137624.80235771457
131072.0
213902.01180914592
211331.37247460443
170144.5959647264
8432.91835606156
397097.5091133159
0
120905.90218843744
0
170144.5959647264
4772.682264722846
150895.0524835059
55266.091882817265
100352.0
0
11585.237502960395
54841.863571545415
0
170144.5959647264
46475.800154489
10318.914671611545
613532.3300364864
46399.07033551427
214943.82611277766
154933.89558130913
125004.19295367655
0
0
28269.749768966827
74254.15813272682
31244.063244078865
23309.622390763863
0
263718.27295051055
41906.56273186814
58736.292017797656
0
23309.622390763863
0
12132.516309488317
572486.9256149
252169.61606030175
29744.51209887296
29186.29815512752
307508.8580707879
148341.52853466218
10867.290370648978
311599.8517072818
83962.43207530378
71554.17527999327
