0 0 12 0 41.569219381653056 0.0
1 1 13 4 46.87216658103186 187.48866632412745
2 0 14 0 52.38320341483518 0.0
3 0 10 0 31.622776601683793 0.0
4 0 5 0 11.180339887498949 0.0
5 1 21 4 96.23408959407264 384.93635837629057
6 1 20 4 89.44271909999159 357.77087639996637
7 0 50 0 1.0 0.0
8 0 50 0 1.0 0.0
9 1 14 4 52.38320341483518 209.53281365934072
10 1 11 4 36.4828726939094 145.9314907756376
11 0 50 0 1.0 0.0
12 1 13 4 46.87216658103186 187.48866632412745
13 0 14 0 52.38320341483518 0.0
14 0 6 0 14.696938456699069 0.0
15 0 50 0 1.0 0.0
16 1 5 4 11.180339887498949 44.721359549995796
17 0 50 0 1.0 0.0
18 0 50 0 1.0 0.0
19 0 5 0 11.180339887498949 0.0
20 0 9 0 27.0 0.0
21 1 11 4 36.4828726939094 145.9314907756376
22 0 5 0 11.180339887498949 0.0
23 0 12 0 41.569219381653056 0.0
24 0 9 0 27.0 0.0
25 1 56 4 14.696938456699069 58.787753826796276
26 1 20 4 89.44271909999159 357.77087639996637
27 0 9 0 27.0 0.0
28 1 9 4 27.0 108.0
29 0 17 0 70.09279563550022 0.0
30 1 14 4 52.38320341483518 209.53281365934072
31 1 12 4 41.569219381653056 166.27687752661222
32 0 50 0 1.0 0.0
33 0 50 0 1.0 0.0
34 0 2 0 2.8284271247461903 0.0
35 0 9 0 27.0 0.0
36 0 50 0 1.0 0.0
37 0 6 0 14.696938456699069 0.0
38 0 50 0 1.0 0.0
39 1 11 4 36.4828726939094 145.9314907756376
40 0 50 0 1.0 0.0
41 0 9 0 27.0 0.0
42 1 51 4 1.0 4.0
43 1 14 4 52.38320341483518 209.53281365934072
44 0 50 0 1.0 0.0
45 1 22 4 103.18914671611545 412.7565868644618
46 0 9 0 27.0 0.0
47 0 50 0 1.0 0.0
48 2 9 16 27.0 432.0
49 0 50 0 1.0 0.0
50 1 21 4 96.23408959407264 384.93635837629057
51 0 14 0 52.38320341483518 0.0
52 0 50 0 1.0 0.0
53 0 5 0 11.180339887498949 0.0
54 1 13 4 46.87216658103186 187.48866632412745
55 0 50 0 1.0 0.0
56 1 14 4 52.38320341483518 209.53281365934072
57 0 50 0 1.0 0.0
58 1 51 4 1.0 4.0
59 0 50 0 1.0 0.0
60 0 50 0 1.0 0.0
61 0 9 0 27.0 0.0
62 0 50 0 1.0 0.0
63 0 50 0 1.0 0.0
64 1 11 4 36.4828726939094 145.9314907756376
65 1 53 4 5.196152422706632 20.784609690826528
66 0 50 0 1.0 0.0
67 1 17 4 70.09279563550022 280.3711825420009
68 0 9 0 27.0 0.0
69 1 10 4 31.622776601683793 126.49110640673517
70 1 55 4 11.180339887498949 44.721359549995796
71 0 9 0 27.0 0.0
72 3 17 36 70.09279563550022 2523.340642878008
73 0 50 0 1.0 0.0
74 0 14 0 52.38320341483518 0.0
75 0 50 0 1.0 0.0
76 0 50 0 1.0 0.0
77 2 14 16 52.38320341483518 838.1312546373629
78 1 9 4 27.0 108.0
79 0 6 0 14.696938456699069 0.0
80 1 10 4 31.622776601683793 126.49110640673517
81 1 9 4 27.0 108.0
82 0 10 0 31.622776601683793 0.0
83 0 9 0 27.0 0.0
84 2 31 16 172.60069524773067 2761.6111239636907
85 0 2 0 2.8284271247461903 0.0
86 1 10 4 31.622776601683793 126.49110640673517
87 0 9 0 27.0 0.0
88 0 14 0 52.38320341483518 0.0
89 0 50 0 1.0 0.0
90 0 50 0 1.0 0.0
91 1 17 4 70.09279563550022 280.3711825420009
92 1 21 4 96.23408959407264 384.93635837629057
93 0 50 0 1.0 0.0
94 0 50 0 1.0 0.0
95 0 13 0 46.87216658103186 0.0
96 1 12 4 41.569219381653056 166.27687752661222
97 1 12 4 41.569219381653056 166.27687752661222
98 1 11 4 36.4828726939094 145.9314907756376
99 0 50 0 1.0 0.0
100 0 11 0 36.4828726939094 0.0
101 0 9 0 27.0 0.0
102 2 17 16 70.09279563550022 1121.4847301680036
103 0 50 0 1.0 0.0
104 0 50 0 1.0 0.0
105 0 14 0 52.38320341483518 0.0
106 0 50 0 1.0 0.0
107 1 13 4 46.87216658103186 187.48866632412745
108 1 14 4 52.38320341483518 209.53281365934072
109 1 14 4 52.38320341483518 209.53281365934072
110 0 50 0 1.0 0.0
111 1 12 4 41.569219381653056 166.27687752661222
112 1 13 4 46.87216658103186 187.48866632412745
113 0 50 0 1.0 0.0
114 0 5 0 11.180339887498949 0.0
115 0 5 0 11.180339887498949 0.0
116 0 12 0 41.569219381653056 0.0
117 0 50 0 1.0 0.0
118 1 8 4 22.627416997969522 90.50966799187809
119 0 9 0 27.0 0.0
120 0 9 0 27.0 0.0
121 0 50 0 1.0 0.0
122 1 55 4 11.180339887498949 44.721359549995796
123 0 10 0 31.622776601683793 0.0
124 1 13 4 46.87216658103186 187.48866632412745
125 0 50 0 1.0 0.0
126 0 6 0 14.696938456699069 0.0
127 0 23 0 110.30412503619254 0.0
128 0 14 0 52.38320341483518 0.0
129 0 9 0 27.0 0.0
130 0 14 0 52.38320341483518 0.0
131 0 50 0 1.0 0.0
132 0 50 0 1.0 0.0
133 0 50 0 1.0 0.0
134 1 12 4 41.569219381653056 166.27687752661222
135 1 14 4 52.38320341483518 209.53281365934072
136 1 10 4 31.622776601683793 126.49110640673517
137 0 50 0 1.0 0.0
138 0 9 0 27.0 0.0
139 0 9 0 27.0 0.0
140 1 12 4 41.569219381653056 166.27687752661222
141 2 18 16 76.36753236814714 1221.8805178903542
142 0 50 0 1.0 0.0
143 0 50 0 1.0 0.0
144 1 9 4 27.0 108.0
145 0 5 0 11.180339887498949 0.0
146 0 6 0 14.696938456699069 0.0
147 0 9 0 27.0 0.0
148 1 55 4 11.180339887498949 44.721359549995796
149 1 11 4 36.4828726939094 145.9314907756376
150 1 11 4 36.4828726939094 145.9314907756376
151 1 14 4 52.38320341483518 209.53281365934072
152 1 23 4 110.30412503619254 441.2165001447702
153 0 50 0 1.0 0.0
154 0 13 0 46.87216658103186 0.0
155 0 14 0 52.38320341483518 0.0
156 0 50 0 1.0 0.0
157 0 50 0 1.0 0.0
158 1 14 4 52.38320341483518 209.53281365934072
159 0 13 0 46.87216658103186 0.0
160 1 54 4 8.0 32.0
161 1 13 4 46.87216658103186 187.48866632412745
162 0 2 0 2.8284271247461903 0.0
163 1 19 4 82.8190799272728 331.2763197090912
164 0 9 0 27.0 0.0
165 1 2 4 2.8284271247461903 11.313708498984761
166 1 8 4 22.627416997969522 90.50966799187809
167 0 50 0 1.0 0.0
168 0 14 0 52.38320341483518 0.0
169 0 6 0 14.696938456699069 0.0
170 0 21 0 96.23408959407264 0.0
171 1 23 4 110.30412503619254 441.2165001447702
172 1 14 4 52.38320341483518 209.53281365934072
173 0 11 0 36.4828726939094 0.0
174 0 50 0 1.0 0.0
175 1 14 4 52.38320341483518 209.53281365934072
176 0 9 0 27.0 0.0
177 2 10 16 31.622776601683793 505.9644256269407
178 0 50 0 1.0 0.0
179 1 14 4 52.38320341483518 209.53281365934072
180 0 50 0 1.0 0.0
181 1 13 4 46.87216658103186 187.48866632412745
182 1 9 4 27.0 108.0
183 1 15 4 58.09475019311125 232.379000772445
184 1 25 4 125.0 500.0
185 1 16 4 64.0 256.0
186 1 12 4 41.569219381653056 166.27687752661222
187 1 14 4 52.38320341483518 209.53281365934072
188 1 14 4 52.38320341483518 209.53281365934072
189 0 50 0 1.0 0.0
190 0 50 0 1.0 0.0
191 1 14 4 52.38320341483518 209.53281365934072
192 0 14 0 52.38320341483518 0.0
193 0 14 0 52.38320341483518 0.0
194 1 56 4 14.696938456699069 58.787753826796276
195 1 16 4 64.0 256.0
196 0 14 0 52.38320341483518 0.0
197 2 22 16 103.18914671611545 1651.0263474578471
198 1 13 4 46.87216658103186 187.48866632412745
199 1 55 4 11.180339887498949 44.721359549995796
101's generation fitness ratios and roulette cutoffs:
2761.6111239636907 25013.490308397646 125.06745154198823 0.0 0.0
2761.6111239636907 25013.490308397646 125.06745154198823 0.007495501987628767 0.007495501987628767
2761.6111239636907 25013.490308397646 125.06745154198823 0.0 0.007495501987628767
2761.6111239636907 25013.490308397646 125.06745154198823 0.0 0.007495501987628767
2761.6111239636907 25013.490308397646 125.06745154198823 0.0 0.007495501987628767
2761.6111239636907 25013.490308397646 125.06745154198823 0.015389150159786294 0.02288465214741506
2761.6111239636907 25013.490308397646 125.06745154198823 0.014303116917667977 0.03718776906508304
2761.6111239636907 25013.490308397646 125.06745154198823 0.0 0.03718776906508304
2761.6111239636907 25013.490308397646 125.06745154198823 0.0 0.03718776906508304
2761.6111239636907 25013.490308397646 125.06745154198823 0.008376792325899251 0.04556456139098229
2761.6111239636907 25013.490308397646 125.06745154198823 0.00583411147250589 0.05139867286348818
2761.6111239636907 25013.490308397646 125.06745154198823 0.0 0.05139867286348818
2761.6111239636907 25013.490308397646 125.06745154198823 0.007495501987628767 0.05889417485111695
2761.6111239636907 25013.490308397646 125.06745154198823 0.0 0.05889417485111695
2761.6111239636907 25013.490308397646 125.06745154198823 0.0 0.05889417485111695
2761.6111239636907 25013.490308397646 125.06745154198823 0.0 0.05889417485111695
2761.6111239636907 25013.490308397646 125.06745154198823 0.0017878896147084972 0.06068206446582545
2761.6111239636907 25013.490308397646 125.06745154198823 0.0 0.06068206446582545
2761.6111239636907 25013.490308397646 125.06745154198823 0.0 0.06068206446582545
2761.6111239636907 25013.490308397646 125.06745154198823 0.0 0.06068206446582545
2761.6111239636907 25013.490308397646 125.06745154198823 0.0 0.06068206446582545
2761.6111239636907 25013.490308397646 125.06745154198823 0.00583411147250589 0.06651617593833134
2761.6111239636907 25013.490308397646 125.06745154198823 0.0 0.06651617593833134
2761.6111239636907 25013.490308397646 125.06745154198823 0.0 0.06651617593833134
2761.6111239636907 25013.490308397646 125.06745154198823 0.0 0.06651617593833134
2761.6111239636907 25013.490308397646 125.06745154198823 0.002350241933532154 0.0688664178718635
2761.6111239636907 25013.490308397646 125.06745154198823 0.014303116917667977 0.08316953478953147
2761.6111239636907 25013.490308397646 125.06745154198823 0.0 0.08316953478953147
2761.6111239636907 25013.490308397646 125.06745154198823 0.004317670131934436 0.0874872049214659
2761.6111239636907 25013.490308397646 125.06745154198823 0.0 0.0874872049214659
2761.6111239636907 25013.490308397646 125.06745154198823 0.008376792325899251 0.09586399724736515
2761.6111239636907 25013.490308397646 125.06745154198823 0.006647488034518276 0.10251148528188342
2761.6111239636907 25013.490308397646 125.06745154198823 0.0 0.10251148528188342
2761.6111239636907 25013.490308397646 125.06745154198823 0.0 0.10251148528188342
2761.6111239636907 25013.490308397646 125.06745154198823 0.0 0.10251148528188342
2761.6111239636907 25013.490308397646 125.06745154198823 0.0 0.10251148528188342
2761.6111239636907 25013.490308397646 125.06745154198823 0.0 0.10251148528188342
2761.6111239636907 25013.490308397646 125.06745154198823 0.0 0.10251148528188342
2761.6111239636907 25013.490308397646 125.06745154198823 0.0 0.10251148528188342
2761.6111239636907 25013.490308397646 125.06745154198823 0.00583411147250589 0.1083455967543893
2761.6111239636907 25013.490308397646 125.06745154198823 0.0 0.1083455967543893
2761.6111239636907 25013.490308397646 125.06745154198823 0.0 0.1083455967543893
2761.6111239636907 25013.490308397646 125.06745154198823 0.0001599137085901643 0.10850551046297947
2761.6111239636907 25013.490308397646 125.06745154198823 0.008376792325899251 0.11688230278887872
2761.6111239636907 25013.490308397646 125.06745154198823 0.0 0.11688230278887872
2761.6111239636907 25013.490308397646 125.06745154198823 0.016501359137628593 0.1333836619265073
2761.6111239636907 25013.490308397646 125.06745154198823 0.0 0.1333836619265073
2761.6111239636907 25013.490308397646 125.06745154198823 0.0 0.1333836619265073
2761.6111239636907 25013.490308397646 125.06745154198823 0.017270680527737742 0.15065434245424505
2761.6111239636907 25013.490308397646 125.06745154198823 0.0 0.15065434245424505
2761.6111239636907 25013.490308397646 125.06745154198823 0.015389150159786294 0.16604349261403134
2761.6111239636907 25013.490308397646 125.06745154198823 0.0 0.16604349261403134
2761.6111239636907 25013.490308397646 125.06745154198823 0.0 0.16604349261403134
2761.6111239636907 25013.490308397646 125.06745154198823 0.0 0.16604349261403134
2761.6111239636907 25013.490308397646 125.06745154198823 0.007495501987628767 0.1735389946016601
2761.6111239636907 25013.490308397646 125.06745154198823 0.0 0.1735389946016601
2761.6111239636907 25013.490308397646 125.06745154198823 0.008376792325899251 0.18191578692755936
2761.6111239636907 25013.490308397646 125.06745154198823 0.0 0.18191578692755936
2761.6111239636907 25013.490308397646 125.06745154198823 0.0001599137085901643 0.18207570063614953
2761.6111239636907 25013.490308397646 125.06745154198823 0.0 0.18207570063614953
2761.6111239636907 25013.490308397646 125.06745154198823 0.0 0.18207570063614953
2761.6111239636907 25013.490308397646 125.06745154198823 0.0 0.18207570063614953
2761.6111239636907 25013.490308397646 125.06745154198823 0.0 0.18207570063614953
2761.6111239636907 25013.490308397646 125.06745154198823 0.0 0.18207570063614953
2761.6111239636907 25013.490308397646 125.06745154198823 0.00583411147250589 0.18790981210865543
2761.6111239636907 25013.490308397646 125.06745154198823 0.0008309360043147845 0.1887407481129702
2761.6111239636907 25013.490308397646 125.06745154198823 0.0 0.1887407481129702
2761.6111239636907 25013.490308397646 125.06745154198823 0.011208798895525323 0.19994954700849552
2761.6111239636907 25013.490308397646 125.06745154198823 0.0 0.19994954700849552
2761.6111239636907 25013.490308397646 125.06745154198823 0.005056915482293528 0.20500646249078905
2761.6111239636907 25013.490308397646 125.06745154198823 0.0017878896147084972 0.20679435210549754
2761.6111239636907 25013.490308397646 125.06745154198823 0.0 0.20679435210549754
2761.6111239636907 25013.490308397646 125.06745154198823 0.10087919005972791 0.30767354216522547
2761.6111239636907 25013.490308397646 125.06745154198823 0.0 0.30767354216522547
2761.6111239636907 25013.490308397646 125.06745154198823 0.0 0.30767354216522547
2761.6111239636907 25013.490308397646 125.06745154198823 0.0 0.30767354216522547
2761.6111239636907 25013.490308397646 125.06745154198823 0.0 0.30767354216522547
2761.6111239636907 25013.490308397646 125.06745154198823 0.033507169303597005 0.34118071146882245
2761.6111239636907 25013.490308397646 125.06745154198823 0.004317670131934436 0.3454983816007569
2761.6111239636907 25013.490308397646 125.06745154198823 0.0 0.3454983816007569
2761.6111239636907 25013.490308397646 125.06745154198823 0.005056915482293528 0.35055529708305044
2761.6111239636907 25013.490308397646 125.06745154198823 0.004317670131934436 0.3548729672149849
2761.6111239636907 25013.490308397646 125.06745154198823 0.0 0.3548729672149849
2761.6111239636907 25013.490308397646 125.06745154198823 0.0 0.3548729672149849
2761.6111239636907 25013.490308397646 125.06745154198823 0.11040486912922143 0.46527783634420633
2761.6111239636907 25013.490308397646 125.06745154198823 0.0 0.46527783634420633
2761.6111239636907 25013.490308397646 125.06745154198823 0.005056915482293528 0.47033475182649986
2761.6111239636907 25013.490308397646 125.06745154198823 0.0 0.47033475182649986
2761.6111239636907 25013.490308397646 125.06745154198823 0.0 0.47033475182649986
2761.6111239636907 25013.490308397646 125.06745154198823 0.0 0.47033475182649986
2761.6111239636907 25013.490308397646 125.06745154198823 0.0 0.47033475182649986
2761.6111239636907 25013.490308397646 125.06745154198823 0.011208798895525323 0.4815435507220252
2761.6111239636907 25013.490308397646 125.06745154198823 0.015389150159786294 0.4969327008818115
2761.6111239636907 25013.490308397646 125.06745154198823 0.0 0.4969327008818115
2761.6111239636907 25013.490308397646 125.06745154198823 0.0 0.4969327008818115
2761.6111239636907 25013.490308397646 125.06745154198823 0.0 0.4969327008818115
2761.6111239636907 25013.490308397646 125.06745154198823 0.006647488034518276 0.5035801889163298
2761.6111239636907 25013.490308397646 125.06745154198823 0.006647488034518276 0.5102276769508481
2761.6111239636907 25013.490308397646 125.06745154198823 0.00583411147250589 0.516061788423354
2761.6111239636907 25013.490308397646 125.06745154198823 0.0 0.516061788423354
2761.6111239636907 25013.490308397646 125.06745154198823 0.0 0.516061788423354
2761.6111239636907 25013.490308397646 125.06745154198823 0.0 0.516061788423354
2761.6111239636907 25013.490308397646 125.06745154198823 0.04483519558210129 0.5608969840054553
2761.6111239636907 25013.490308397646 125.06745154198823 0.0 0.5608969840054553
2761.6111239636907 25013.490308397646 125.06745154198823 0.0 0.5608969840054553
2761.6111239636907 25013.490308397646 125.06745154198823 0.0 0.5608969840054553
2761.6111239636907 25013.490308397646 125.06745154198823 0.0 0.5608969840054553
2761.6111239636907 25013.490308397646 125.06745154198823 0.007495501987628767 0.568392485993084
2761.6111239636907 25013.490308397646 125.06745154198823 0.008376792325899251 0.5767692783189833
2761.6111239636907 25013.490308397646 125.06745154198823 0.008376792325899251 0.5851460706448826
2761.6111239636907 25013.490308397646 125.06745154198823 0.0 0.5851460706448826
2761.6111239636907 25013.490308397646 125.06745154198823 0.006647488034518276 0.5917935586794009
2761.6111239636907 25013.490308397646 125.06745154198823 0.007495501987628767 0.5992890606670296
2761.6111239636907 25013.490308397646 125.06745154198823 0.0 0.5992890606670296
2761.6111239636907 25013.490308397646 125.06745154198823 0.0 0.5992890606670296
2761.6111239636907 25013.490308397646 125.06745154198823 0.0 0.5992890606670296
2761.6111239636907 25013.490308397646 125.06745154198823 0.0 0.5992890606670296
2761.6111239636907 25013.490308397646 125.06745154198823 0.0 0.5992890606670296
2761.6111239636907 25013.490308397646 125.06745154198823 0.0036184341679614284 0.6029074948349911
2761.6111239636907 25013.490308397646 125.06745154198823 0.0 0.6029074948349911
2761.6111239636907 25013.490308397646 125.06745154198823 0.0 0.6029074948349911
2761.6111239636907 25013.490308397646 125.06745154198823 0.0 0.6029074948349911
2761.6111239636907 25013.490308397646 125.06745154198823 0.0017878896147084972 0.6046953844496996
2761.6111239636907 25013.490308397646 125.06745154198823 0.0 0.6046953844496996
2761.6111239636907 25013.490308397646 125.06745154198823 0.007495501987628767 0.6121908864373283
2761.6111239636907 25013.490308397646 125.06745154198823 0.0 0.6121908864373283
2761.6111239636907 25013.490308397646 125.06745154198823 0.0 0.6121908864373283
2761.6111239636907 25013.490308397646 125.06745154198823 0.0 0.6121908864373283
2761.6111239636907 25013.490308397646 125.06745154198823 0.0 0.6121908864373283
2761.6111239636907 25013.490308397646 125.06745154198823 0.0 0.6121908864373283
2761.6111239636907 25013.490308397646 125.06745154198823 0.0 0.6121908864373283
2761.6111239636907 25013.490308397646 125.06745154198823 0.0 0.6121908864373283
2761.6111239636907 25013.490308397646 125.06745154198823 0.0 0.6121908864373283
2761.6111239636907 25013.490308397646 125.06745154198823 0.0 0.6121908864373283
2761.6111239636907 25013.490308397646 125.06745154198823 0.006647488034518276 0.6188383744718466
2761.6111239636907 25013.490308397646 125.06745154198823 0.008376792325899251 0.6272151667977459
2761.6111239636907 25013.490308397646 125.06745154198823 0.005056915482293528 0.6322720822800394
2761.6111239636907 25013.490308397646 125.06745154198823 0.0 0.6322720822800394
2761.6111239636907 25013.490308397646 125.06745154198823 0.0 0.6322720822800394
2761.6111239636907 25013.490308397646 125.06745154198823 0.0 0.6322720822800394
2761.6111239636907 25013.490308397646 125.06745154198823 0.006647488034518276 0.6389195703145577
2761.6111239636907 25013.490308397646 125.06745154198823 0.04884886126747928 0.6877684315820369
2761.6111239636907 25013.490308397646 125.06745154198823 0.0 0.6877684315820369
2761.6111239636907 25013.490308397646 125.06745154198823 0.0 0.6877684315820369
2761.6111239636907 25013.490308397646 125.06745154198823 0.004317670131934436 0.6920861017139713
2761.6111239636907 25013.490308397646 125.06745154198823 0.0 0.6920861017139713
2761.6111239636907 25013.490308397646 125.06745154198823 0.0 0.6920861017139713
2761.6111239636907 25013.490308397646 125.06745154198823 0.0 0.6920861017139713
2761.6111239636907 25013.490308397646 125.06745154198823 0.0017878896147084972 0.6938739913286799
2761.6111239636907 25013.490308397646 125.06745154198823 0.00583411147250589 0.6997081028011858
2761.6111239636907 25013.490308397646 125.06745154198823 0.00583411147250589 0.7055422142736917
2761.6111239636907 25013.490308397646 125.06745154198823 0.008376792325899251 0.713919006599591
2761.6111239636907 25013.490308397646 125.06745154198823 0.01763914170733074 0.7315581483069217
2761.6111239636907 25013.490308397646 125.06745154198823 0.0 0.7315581483069217
2761.6111239636907 25013.490308397646 125.06745154198823 0.0 0.7315581483069217
2761.6111239636907 25013.490308397646 125.06745154198823 0.0 0.7315581483069217
2761.6111239636907 25013.490308397646 125.06745154198823 0.0 0.7315581483069217
2761.6111239636907 25013.490308397646 125.06745154198823 0.0 0.7315581483069217
2761.6111239636907 25013.490308397646 125.06745154198823 0.008376792325899251 0.739934940632821
2761.6111239636907 25013.490308397646 125.06745154198823 0.0 0.739934940632821
2761.6111239636907 25013.490308397646 125.06745154198823 0.0012793096687213144 0.7412142503015423
2761.6111239636907 25013.490308397646 125.06745154198823 0.007495501987628767 0.748709752289171
2761.6111239636907 25013.490308397646 125.06745154198823 0.0 0.748709752289171
2761.6111239636907 25013.490308397646 125.06745154198823 0.013243906213195426 0.7619536585023664
2761.6111239636907 25013.490308397646 125.06745154198823 0.0 0.7619536585023664
2761.6111239636907 25013.490308397646 125.06745154198823 0.00045230427099517855 0.7624059627733616
2761.6111239636907 25013.490308397646 125.06745154198823 0.0036184341679614284 0.7660243969413231
2761.6111239636907 25013.490308397646 125.06745154198823 0.0 0.7660243969413231
2761.6111239636907 25013.490308397646 125.06745154198823 0.0 0.7660243969413231
2761.6111239636907 25013.490308397646 125.06745154198823 0.0 0.7660243969413231
2761.6111239636907 25013.490308397646 125.06745154198823 0.0 0.7660243969413231
2761.6111239636907 25013.490308397646 125.06745154198823 0.01763914170733074 0.7836635386486538
2761.6111239636907 25013.490308397646 125.06745154198823 0.008376792325899251 0.7920403309745531
2761.6111239636907 25013.490308397646 125.06745154198823 0.0 0.7920403309745531
2761.6111239636907 25013.490308397646 125.06745154198823 0.0 0.7920403309745531
2761.6111239636907 25013.490308397646 125.06745154198823 0.008376792325899251 0.8004171233004523
2761.6111239636907 25013.490308397646 125.06745154198823 0.0 0.8004171233004523
2761.6111239636907 25013.490308397646 125.06745154198823 0.020227661929174114 0.8206447852296265
2761.6111239636907 25013.490308397646 125.06745154198823 0.0 0.8206447852296265
2761.6111239636907 25013.490308397646 125.06745154198823 0.008376792325899251 0.8290215775555257
2761.6111239636907 25013.490308397646 125.06745154198823 0.0 0.8290215775555257
2761.6111239636907 25013.490308397646 125.06745154198823 0.007495501987628767 0.8365170795431545
2761.6111239636907 25013.490308397646 125.06745154198823 0.004317670131934436 0.8408347496750889
2761.6111239636907 25013.490308397646 125.06745154198823 0.009290146952999585 0.8501248966280884
2761.6111239636907 25013.490308397646 125.06745154198823 0.019989213573770537 0.870114110201859
2761.6111239636907 25013.490308397646 125.06745154198823 0.010234477349770515 0.8803485875516296
2761.6111239636907 25013.490308397646 125.06745154198823 0.006647488034518276 0.8869960755861479
2761.6111239636907 25013.490308397646 125.06745154198823 0.008376792325899251 0.8953728679120472
2761.6111239636907 25013.490308397646 125.06745154198823 0.008376792325899251 0.9037496602379465
2761.6111239636907 25013.490308397646 125.06745154198823 0.0 0.9037496602379465
2761.6111239636907 25013.490308397646 125.06745154198823 0.0 0.9037496602379465
2761.6111239636907 25013.490308397646 125.06745154198823 0.008376792325899251 0.9121264525638457
2761.6111239636907 25013.490308397646 125.06745154198823 0.0 0.9121264525638457
2761.6111239636907 25013.490308397646 125.06745154198823 0.0 0.9121264525638457
2761.6111239636907 25013.490308397646 125.06745154198823 0.002350241933532154 0.9144766944973779
2761.6111239636907 25013.490308397646 125.06745154198823 0.010234477349770515 0.9247111718471485
2761.6111239636907 25013.490308397646 125.06745154198823 0.0 0.9247111718471485
2761.6111239636907 25013.490308397646 125.06745154198823 0.06600543655051437 0.9907166083976628
2761.6111239636907 25013.490308397646 125.06745154198823 0.007495501987628767 0.9982121103852916
2761.6111239636907 25013.490308397646 125.06745154198823 0.0017878896147084972 1.0
101's generation extracting best parents:
0
187.48866632412745
0
0
0
384.93635837629057
357.77087639996637
0
0
209.53281365934072
145.9314907756376
0
187.48866632412745
0
0
0
44.721359549995796
0
0
0
0
145.9314907756376
0
0
0
58.787753826796276
357.77087639996637
0
108.0
0
209.53281365934072
166.27687752661222
0
0
0
0
0
0
0
145.9314907756376
0
0
4.0
209.53281365934072
0
412.7565868644618
0
0
432.0
0
384.93635837629057
0
0
0
187.48866632412745
0
209.53281365934072
0
4.0
0
0
0
0
0
145.9314907756376
20.784609690826528
0
280.3711825420009
0
126.49110640673517
44.721359549995796
0
2523.340642878008
0
0
0
0
838.1312546373629
108.0
0
126.49110640673517
108.0
0
0
2761.6111239636907
0
126.49110640673517
0
0
0
0
280.3711825420009
384.93635837629057
0
0
0
166.27687752661222
166.27687752661222
145.9314907756376
0
0
0
1121.4847301680036
0
0
0
0
187.48866632412745
209.53281365934072
209.53281365934072
0
166.27687752661222
187.48866632412745
0
0
0
0
0
90.50966799187809
0
0
0
44.721359549995796
0
187.48866632412745
0
0
0
0
0
0
0
0
0
166.27687752661222
209.53281365934072
126.49110640673517
0
0
0
166.27687752661222
1221.8805178903542
0
0
108.0
0
0
0
44.721359549995796
145.9314907756376
145.9314907756376
209.53281365934072
441.2165001447702
0
0
0
0
0
209.53281365934072
0
32.0
187.48866632412745
0
331.2763197090912
0
11.313708498984761
90.50966799187809
0
0
0
0
441.2165001447702
209.53281365934072
0
0
209.53281365934072
0
505.9644256269407
0
209.53281365934072
0
187.48866632412745
108.0
232.379000772445
500.0
256.0
166.27687752661222
209.53281365934072
209.53281365934072
0
0
209.53281365934072
0
0
58.787753826796276
256.0
0
1651.0263474578471
187.48866632412745
44.721359549995796
