0 0 6 0 14.696938456699069 0.0
1 0 5 0 11.180339887498949 0.0
2 0 2 0 2.8284271247461903 0.0
3 0 5 0 11.180339887498949 0.0
4 0 2 0 2.8284271247461903 0.0
5 0 6 0 14.696938456699069 0.0
6 0 5 0 11.180339887498949 0.0
7 0 6 0 14.696938456699069 0.0
8 0 6 0 14.696938456699069 0.0
9 0 6 0 14.696938456699069 0.0
10 0 9 0 27.0 0.0
11 0 9 0 27.0 0.0
12 0 50 0 1.0 0.0
13 0 5 0 11.180339887498949 0.0
14 0 5 0 11.180339887498949 0.0
15 0 50 0 1.0 0.0
16 0 2 0 2.8284271247461903 0.0
17 0 6 0 14.696938456699069 0.0
18 0 9 0 27.0 0.0
19 0 5 0 11.180339887498949 0.0
20 0 2 0 2.8284271247461903 0.0
21 0 5 0 11.180339887498949 0.0
22 0 2 0 2.8284271247461903 0.0
23 0 6 0 14.696938456699069 0.0
24 0 6 0 14.696938456699069 0.0
25 0 9 0 27.0 0.0
26 0 6 0 14.696938456699069 0.0
27 0 2 0 2.8284271247461903 0.0
28 0 9 0 27.0 0.0
29 0 6 0 14.696938456699069 0.0
30 0 9 0 27.0 0.0
31 0 9 0 27.0 0.0
32 0 6 0 14.696938456699069 0.0
33 0 3 0 5.196152422706632 0.0
34 0 6 0 14.696938456699069 0.0
35 0 3 0 5.196152422706632 0.0
36 0 2 0 2.8284271247461903 0.0
37 0 14 0 52.38320341483518 0.0
38 0 5 0 11.180339887498949 0.0
39 0 6 0 14.696938456699069 0.0
40 0 50 0 1.0 0.0
41 0 2 0 2.8284271247461903 0.0
42 1 11 4 36.4828726939094 145.9314907756376
43 0 2 0 2.8284271247461903 0.0
44 0 5 0 11.180339887498949 0.0
45 0 9 0 27.0 0.0
46 0 9 0 27.0 0.0
47 0 5 0 11.180339887498949 0.0
48 0 9 0 27.0 0.0
49 0 5 0 11.180339887498949 0.0
50 0 2 0 2.8284271247461903 0.0
51 0 6 0 14.696938456699069 0.0
52 0 6 0 14.696938456699069 0.0
53 0 5 0 11.180339887498949 0.0
54 0 9 0 27.0 0.0
55 0 6 0 14.696938456699069 0.0
56 0 2 0 2.8284271247461903 0.0
57 0 10 0 31.622776601683793 0.0
58 0 3 0 5.196152422706632 0.0
59 0 6 0 14.696938456699069 0.0
60 0 2 0 2.8284271247461903 0.0
61 0 9 0 27.0 0.0
62 0 9 0 27.0 0.0
63 0 6 0 14.696938456699069 0.0
64 0 50 0 1.0 0.0
65 0 2 0 2.8284271247461903 0.0
66 0 5 0 11.180339887498949 0.0
67 0 9 0 27.0 0.0
68 1 11 4 36.4828726939094 145.9314907756376
69 0 6 0 14.696938456699069 0.0
70 0 5 0 11.180339887498949 0.0
71 0 7 0 18.520259177452132 0.0
72 0 9 0 27.0 0.0
73 0 5 0 11.180339887498949 0.0
74 0 2 0 2.8284271247461903 0.0
75 0 2 0 2.8284271247461903 0.0
76 0 5 0 11.180339887498949 0.0
77 0 50 0 1.0 0.0
78 0 9 0 27.0 0.0
79 0 50 0 1.0 0.0
80 0 6 0 14.696938456699069 0.0
81 0 50 0 1.0 0.0
82 0 2 0 2.8284271247461903 0.0
83 0 9 0 27.0 0.0
84 1 9 4 27.0 108.0
85 0 10 0 31.622776601683793 0.0
86 0 2 0 2.8284271247461903 0.0
87 0 10 0 31.622776601683793 0.0
88 0 11 0 36.4828726939094 0.0
89 0 6 0 14.696938456699069 0.0
90 0 5 0 11.180339887498949 0.0
91 0 5 0 11.180339887498949 0.0
92 0 2 0 2.8284271247461903 0.0
93 0 50 0 1.0 0.0
94 0 5 0 11.180339887498949 0.0
95 0 2 0 2.8284271247461903 0.0
96 0 5 0 11.180339887498949 0.0
97 0 6 0 14.696938456699069 0.0
98 0 5 0 11.180339887498949 0.0
99 0 5 0 11.180339887498949 0.0
100 0 5 0 11.180339887498949 0.0
101 0 2 0 2.8284271247461903 0.0
102 0 5 0 11.180339887498949 0.0
103 0 5 0 11.180339887498949 0.0
104 0 5 0 11.180339887498949 0.0
105 0 9 0 27.0 0.0
106 0 9 0 27.0 0.0
107 0 6 0 14.696938456699069 0.0
108 0 9 0 27.0 0.0
109 0 5 0 11.180339887498949 0.0
110 1 53 4 5.196152422706632 20.784609690826528
111 0 2 0 2.8284271247461903 0.0
112 0 6 0 14.696938456699069 0.0
113 0 6 0 14.696938456699069 0.0
114 1 9 4 27.0 108.0
115 0 50 0 1.0 0.0
116 0 9 0 27.0 0.0
117 0 6 0 14.696938456699069 0.0
118 0 6 0 14.696938456699069 0.0
119 0 2 0 2.8284271247461903 0.0
120 0 6 0 14.696938456699069 0.0
121 0 6 0 14.696938456699069 0.0
122 0 5 0 11.180339887498949 0.0
123 0 9 0 27.0 0.0
124 0 50 0 1.0 0.0
125 0 2 0 2.8284271247461903 0.0
126 0 9 0 27.0 0.0
127 1 9 4 27.0 108.0
128 0 5 0 11.180339887498949 0.0
129 0 8 0 22.627416997969522 0.0
130 0 9 0 27.0 0.0
131 0 2 0 2.8284271247461903 0.0
132 0 9 0 27.0 0.0
133 0 6 0 14.696938456699069 0.0
134 0 9 0 27.0 0.0
135 0 6 0 14.696938456699069 0.0
136 0 2 0 2.8284271247461903 0.0
137 0 2 0 2.8284271247461903 0.0
138 1 2 4 2.8284271247461903 11.313708498984761
139 0 2 0 2.8284271247461903 0.0
140 0 6 0 14.696938456699069 0.0
141 0 2 0 2.8284271247461903 0.0
142 0 2 0 2.8284271247461903 0.0
143 0 7 0 18.520259177452132 0.0
144 0 9 0 27.0 0.0
145 0 9 0 27.0 0.0
146 0 2 0 2.8284271247461903 0.0
147 0 7 0 18.520259177452132 0.0
148 0 9 0 27.0 0.0
149 0 6 0 14.696938456699069 0.0
150 0 6 0 14.696938456699069 0.0
151 0 5 0 11.180339887498949 0.0
152 0 5 0 11.180339887498949 0.0
153 0 9 0 27.0 0.0
154 0 5 0 11.180339887498949 0.0
155 0 9 0 27.0 0.0
156 0 12 0 41.569219381653056 0.0
157 0 5 0 11.180339887498949 0.0
158 0 2 0 2.8284271247461903 0.0
159 0 5 0 11.180339887498949 0.0
160 0 50 0 1.0 0.0
161 0 5 0 11.180339887498949 0.0
162 0 6 0 14.696938456699069 0.0
163 0 6 0 14.696938456699069 0.0
164 0 2 0 2.8284271247461903 0.0
165 0 6 0 14.696938456699069 0.0
166 0 2 0 2.8284271247461903 0.0
167 0 2 0 2.8284271247461903 0.0
168 0 6 0 14.696938456699069 0.0
169 0 11 0 36.4828726939094 0.0
170 0 2 0 2.8284271247461903 0.0
171 0 6 0 14.696938456699069 0.0
172 1 9 4 27.0 108.0
173 0 6 0 14.696938456699069 0.0
174 0 5 0 11.180339887498949 0.0
175 1 6 4 14.696938456699069 58.787753826796276
176 0 9 0 27.0 0.0
177 1 6 4 14.696938456699069 58.787753826796276
178 0 10 0 31.622776601683793 0.0
179 0 6 0 14.696938456699069 0.0
180 0 9 0 27.0 0.0
181 0 50 0 1.0 0.0
182 0 2 0 2.8284271247461903 0.0
183 0 2 0 2.8284271247461903 0.0
184 1 9 4 27.0 108.0
185 0 5 0 11.180339887498949 0.0
186 0 14 0 52.38320341483518 0.0
187 0 6 0 14.696938456699069 0.0
188 0 7 0 18.520259177452132 0.0
189 0 5 0 11.180339887498949 0.0
190 0 2 0 2.8284271247461903 0.0
191 0 6 0 14.696938456699069 0.0
192 0 6 0 14.696938456699069 0.0
193 0 6 0 14.696938456699069 0.0
194 0 6 0 14.696938456699069 0.0
195 0 9 0 27.0 0.0
196 0 6 0 14.696938456699069 0.0
197 0 5 0 11.180339887498949 0.0
198 0 9 0 27.0 0.0
199 0 9 0 27.0 0.0
1's generation fitness ratios and roulette cutoffs:
145.9314907756376 981.5368073946789 4.907684036973395 0.0 0.0
145.9314907756376 981.5368073946789 4.907684036973395 0.0 0.0
145.9314907756376 981.5368073946789 4.907684036973395 0.0 0.0
145.9314907756376 981.5368073946789 4.907684036973395 0.0 0.0
145.9314907756376 981.5368073946789 4.907684036973395 0.0 0.0
145.9314907756376 981.5368073946789 4.907684036973395 0.0 0.0
145.9314907756376 981.5368073946789 4.907684036973395 0.0 0.0
145.9314907756376 981.5368073946789 4.907684036973395 0.0 0.0
145.9314907756376 981.5368073946789 4.907684036973395 0.0 0.0
145.9314907756376 981.5368073946789 4.907684036973395 0.0 0.0
145.9314907756376 981.5368073946789 4.907684036973395 0.0 0.0
145.9314907756376 981.5368073946789 4.907684036973395 0.0 0.0
145.9314907756376 981.5368073946789 4.907684036973395 0.0 0.0
145.9314907756376 981.5368073946789 4.907684036973395 0.0 0.0
145.9314907756376 981.5368073946789 4.907684036973395 0.0 0.0
145.9314907756376 981.5368073946789 4.907684036973395 0.0 0.0
145.9314907756376 981.5368073946789 4.907684036973395 0.0 0.0
145.9314907756376 981.5368073946789 4.907684036973395 0.0 0.0
145.9314907756376 981.5368073946789 4.907684036973395 0.0 0.0
145.9314907756376 981.5368073946789 4.907684036973395 0.0 0.0
145.9314907756376 981.5368073946789 4.907684036973395 0.0 0.0
145.9314907756376 981.5368073946789 4.907684036973395 0.0 0.0
145.9314907756376 981.5368073946789 4.907684036973395 0.0 0.0
145.9314907756376 981.5368073946789 4.907684036973395 0.0 0.0
145.9314907756376 981.5368073946789 4.907684036973395 0.0 0.0
145.9314907756376 981.5368073946789 4.907684036973395 0.0 0.0
145.9314907756376 981.5368073946789 4.907684036973395 0.0 0.0
145.9314907756376 981.5368073946789 4.907684036973395 0.0 0.0
145.9314907756376 981.5368073946789 4.907684036973395 0.0 0.0
145.9314907756376 981.5368073946789 4.907684036973395 0.0 0.0
145.9314907756376 981.5368073946789 4.907684036973395 0.0 0.0
145.9314907756376 981.5368073946789 4.907684036973395 0.0 0.0
145.9314907756376 981.5368073946789 4.907684036973395 0.0 0.0
145.9314907756376 981.5368073946789 4.907684036973395 0.0 0.0
145.9314907756376 981.5368073946789 4.907684036973395 0.0 0.0
145.9314907756376 981.5368073946789 4.907684036973395 0.0 0.0
145.9314907756376 981.5368073946789 4.907684036973395 0.0 0.0
145.9314907756376 981.5368073946789 4.907684036973395 0.0 0.0
145.9314907756376 981.5368073946789 4.907684036973395 0.0 0.0
145.9314907756376 981.5368073946789 4.907684036973395 0.0 0.0
145.9314907756376 981.5368073946789 4.907684036973395 0.0 0.0
145.9314907756376 981.5368073946789 4.907684036973395 0.0 0.0
145.9314907756376 981.5368073946789 4.907684036973395 0.14867653426363878 0.14867653426363878
145.9314907756376 981.5368073946789 4.907684036973395 0.0 0.14867653426363878
145.9314907756376 981.5368073946789 4.907684036973395 0.0 0.14867653426363878
145.9314907756376 981.5368073946789 4.907684036973395 0.0 0.14867653426363878
145.9314907756376 981.5368073946789 4.907684036973395 0.0 0.14867653426363878
145.9314907756376 981.5368073946789 4.907684036973395 0.0 0.14867653426363878
145.9314907756376 981.5368073946789 4.907684036973395 0.0 0.14867653426363878
145.9314907756376 981.5368073946789 4.907684036973395 0.0 0.14867653426363878
145.9314907756376 981.5368073946789 4.907684036973395 0.0 0.14867653426363878
145.9314907756376 981.5368073946789 4.907684036973395 0.0 0.14867653426363878
145.9314907756376 981.5368073946789 4.907684036973395 0.0 0.14867653426363878
145.9314907756376 981.5368073946789 4.907684036973395 0.0 0.14867653426363878
145.9314907756376 981.5368073946789 4.907684036973395 0.0 0.14867653426363878
145.9314907756376 981.5368073946789 4.907684036973395 0.0 0.14867653426363878
145.9314907756376 981.5368073946789 4.907684036973395 0.0 0.14867653426363878
145.9314907756376 981.5368073946789 4.907684036973395 0.0 0.14867653426363878
145.9314907756376 981.5368073946789 4.907684036973395 0.0 0.14867653426363878
145.9314907756376 981.5368073946789 4.907684036973395 0.0 0.14867653426363878
145.9314907756376 981.5368073946789 4.907684036973395 0.0 0.14867653426363878
145.9314907756376 981.5368073946789 4.907684036973395 0.0 0.14867653426363878
145.9314907756376 981.5368073946789 4.907684036973395 0.0 0.14867653426363878
145.9314907756376 981.5368073946789 4.907684036973395 0.0 0.14867653426363878
145.9314907756376 981.5368073946789 4.907684036973395 0.0 0.14867653426363878
145.9314907756376 981.5368073946789 4.907684036973395 0.0 0.14867653426363878
145.9314907756376 981.5368073946789 4.907684036973395 0.0 0.14867653426363878
145.9314907756376 981.5368073946789 4.907684036973395 0.0 0.14867653426363878
145.9314907756376 981.5368073946789 4.907684036973395 0.14867653426363878 0.29735306852727755
145.9314907756376 981.5368073946789 4.907684036973395 0.0 0.29735306852727755
145.9314907756376 981.5368073946789 4.907684036973395 0.0 0.29735306852727755
145.9314907756376 981.5368073946789 4.907684036973395 0.0 0.29735306852727755
145.9314907756376 981.5368073946789 4.907684036973395 0.0 0.29735306852727755
145.9314907756376 981.5368073946789 4.907684036973395 0.0 0.29735306852727755
145.9314907756376 981.5368073946789 4.907684036973395 0.0 0.29735306852727755
145.9314907756376 981.5368073946789 4.907684036973395 0.0 0.29735306852727755
145.9314907756376 981.5368073946789 4.907684036973395 0.0 0.29735306852727755
145.9314907756376 981.5368073946789 4.907684036973395 0.0 0.29735306852727755
145.9314907756376 981.5368073946789 4.907684036973395 0.0 0.29735306852727755
145.9314907756376 981.5368073946789 4.907684036973395 0.0 0.29735306852727755
145.9314907756376 981.5368073946789 4.907684036973395 0.0 0.29735306852727755
145.9314907756376 981.5368073946789 4.907684036973395 0.0 0.29735306852727755
145.9314907756376 981.5368073946789 4.907684036973395 0.0 0.29735306852727755
145.9314907756376 981.5368073946789 4.907684036973395 0.0 0.29735306852727755
145.9314907756376 981.5368073946789 4.907684036973395 0.11003153339370683 0.40738460192098436
145.9314907756376 981.5368073946789 4.907684036973395 0.0 0.40738460192098436
145.9314907756376 981.5368073946789 4.907684036973395 0.0 0.40738460192098436
145.9314907756376 981.5368073946789 4.907684036973395 0.0 0.40738460192098436
145.9314907756376 981.5368073946789 4.907684036973395 0.0 0.40738460192098436
145.9314907756376 981.5368073946789 4.907684036973395 0.0 0.40738460192098436
145.9314907756376 981.5368073946789 4.907684036973395 0.0 0.40738460192098436
145.9314907756376 981.5368073946789 4.907684036973395 0.0 0.40738460192098436
145.9314907756376 981.5368073946789 4.907684036973395 0.0 0.40738460192098436
145.9314907756376 981.5368073946789 4.907684036973395 0.0 0.40738460192098436
145.9314907756376 981.5368073946789 4.907684036973395 0.0 0.40738460192098436
145.9314907756376 981.5368073946789 4.907684036973395 0.0 0.40738460192098436
145.9314907756376 981.5368073946789 4.907684036973395 0.0 0.40738460192098436
145.9314907756376 981.5368073946789 4.907684036973395 0.0 0.40738460192098436
145.9314907756376 981.5368073946789 4.907684036973395 0.0 0.40738460192098436
145.9314907756376 981.5368073946789 4.907684036973395 0.0 0.40738460192098436
145.9314907756376 981.5368073946789 4.907684036973395 0.0 0.40738460192098436
145.9314907756376 981.5368073946789 4.907684036973395 0.0 0.40738460192098436
145.9314907756376 981.5368073946789 4.907684036973395 0.0 0.40738460192098436
145.9314907756376 981.5368073946789 4.907684036973395 0.0 0.40738460192098436
145.9314907756376 981.5368073946789 4.907684036973395 0.0 0.40738460192098436
145.9314907756376 981.5368073946789 4.907684036973395 0.0 0.40738460192098436
145.9314907756376 981.5368073946789 4.907684036973395 0.0 0.40738460192098436
145.9314907756376 981.5368073946789 4.907684036973395 0.0 0.40738460192098436
145.9314907756376 981.5368073946789 4.907684036973395 0.0 0.40738460192098436
145.9314907756376 981.5368073946789 4.907684036973395 0.0 0.40738460192098436
145.9314907756376 981.5368073946789 4.907684036973395 0.021175578474734644 0.428560180395719
145.9314907756376 981.5368073946789 4.907684036973395 0.0 0.428560180395719
145.9314907756376 981.5368073946789 4.907684036973395 0.0 0.428560180395719
145.9314907756376 981.5368073946789 4.907684036973395 0.0 0.428560180395719
145.9314907756376 981.5368073946789 4.907684036973395 0.11003153339370683 0.5385917137894258
145.9314907756376 981.5368073946789 4.907684036973395 0.0 0.5385917137894258
145.9314907756376 981.5368073946789 4.907684036973395 0.0 0.5385917137894258
145.9314907756376 981.5368073946789 4.907684036973395 0.0 0.5385917137894258
145.9314907756376 981.5368073946789 4.907684036973395 0.0 0.5385917137894258
145.9314907756376 981.5368073946789 4.907684036973395 0.0 0.5385917137894258
145.9314907756376 981.5368073946789 4.907684036973395 0.0 0.5385917137894258
145.9314907756376 981.5368073946789 4.907684036973395 0.0 0.5385917137894258
145.9314907756376 981.5368073946789 4.907684036973395 0.0 0.5385917137894258
145.9314907756376 981.5368073946789 4.907684036973395 0.0 0.5385917137894258
145.9314907756376 981.5368073946789 4.907684036973395 0.0 0.5385917137894258
145.9314907756376 981.5368073946789 4.907684036973395 0.0 0.5385917137894258
145.9314907756376 981.5368073946789 4.907684036973395 0.0 0.5385917137894258
145.9314907756376 981.5368073946789 4.907684036973395 0.11003153339370683 0.6486232471831327
145.9314907756376 981.5368073946789 4.907684036973395 0.0 0.6486232471831327
145.9314907756376 981.5368073946789 4.907684036973395 0.0 0.6486232471831327
145.9314907756376 981.5368073946789 4.907684036973395 0.0 0.6486232471831327
145.9314907756376 981.5368073946789 4.907684036973395 0.0 0.6486232471831327
145.9314907756376 981.5368073946789 4.907684036973395 0.0 0.6486232471831327
145.9314907756376 981.5368073946789 4.907684036973395 0.0 0.6486232471831327
145.9314907756376 981.5368073946789 4.907684036973395 0.0 0.6486232471831327
145.9314907756376 981.5368073946789 4.907684036973395 0.0 0.6486232471831327
145.9314907756376 981.5368073946789 4.907684036973395 0.0 0.6486232471831327
145.9314907756376 981.5368073946789 4.907684036973395 0.0 0.6486232471831327
145.9314907756376 981.5368073946789 4.907684036973395 0.011526524949191727 0.6601497721323244
145.9314907756376 981.5368073946789 4.907684036973395 0.0 0.6601497721323244
145.9314907756376 981.5368073946789 4.907684036973395 0.0 0.6601497721323244
145.9314907756376 981.5368073946789 4.907684036973395 0.0 0.6601497721323244
145.9314907756376 981.5368073946789 4.907684036973395 0.0 0.6601497721323244
145.9314907756376 981.5368073946789 4.907684036973395 0.0 0.6601497721323244
145.9314907756376 981.5368073946789 4.907684036973395 0.0 0.6601497721323244
145.9314907756376 981.5368073946789 4.907684036973395 0.0 0.6601497721323244
145.9314907756376 981.5368073946789 4.907684036973395 0.0 0.6601497721323244
145.9314907756376 981.5368073946789 4.907684036973395 0.0 0.6601497721323244
145.9314907756376 981.5368073946789 4.907684036973395 0.0 0.6601497721323244
145.9314907756376 981.5368073946789 4.907684036973395 0.0 0.6601497721323244
145.9314907756376 981.5368073946789 4.907684036973395 0.0 0.6601497721323244
145.9314907756376 981.5368073946789 4.907684036973395 0.0 0.6601497721323244
145.9314907756376 981.5368073946789 4.907684036973395 0.0 0.6601497721323244
145.9314907756376 981.5368073946789 4.907684036973395 0.0 0.6601497721323244
145.9314907756376 981.5368073946789 4.907684036973395 0.0 0.6601497721323244
145.9314907756376 981.5368073946789 4.907684036973395 0.0 0.6601497721323244
145.9314907756376 981.5368073946789 4.907684036973395 0.0 0.6601497721323244
145.9314907756376 981.5368073946789 4.907684036973395 0.0 0.6601497721323244
145.9314907756376 981.5368073946789 4.907684036973395 0.0 0.6601497721323244
145.9314907756376 981.5368073946789 4.907684036973395 0.0 0.6601497721323244
145.9314907756376 981.5368073946789 4.907684036973395 0.0 0.6601497721323244
145.9314907756376 981.5368073946789 4.907684036973395 0.0 0.6601497721323244
145.9314907756376 981.5368073946789 4.907684036973395 0.0 0.6601497721323244
145.9314907756376 981.5368073946789 4.907684036973395 0.0 0.6601497721323244
145.9314907756376 981.5368073946789 4.907684036973395 0.0 0.6601497721323244
145.9314907756376 981.5368073946789 4.907684036973395 0.0 0.6601497721323244
145.9314907756376 981.5368073946789 4.907684036973395 0.0 0.6601497721323244
145.9314907756376 981.5368073946789 4.907684036973395 0.0 0.6601497721323244
145.9314907756376 981.5368073946789 4.907684036973395 0.0 0.6601497721323244
145.9314907756376 981.5368073946789 4.907684036973395 0.0 0.6601497721323244
145.9314907756376 981.5368073946789 4.907684036973395 0.0 0.6601497721323244
145.9314907756376 981.5368073946789 4.907684036973395 0.0 0.6601497721323244
145.9314907756376 981.5368073946789 4.907684036973395 0.11003153339370683 0.7701813055260313
145.9314907756376 981.5368073946789 4.907684036973395 0.0 0.7701813055260313
145.9314907756376 981.5368073946789 4.907684036973395 0.0 0.7701813055260313
145.9314907756376 981.5368073946789 4.907684036973395 0.059893580540131025 0.8300748860661623
145.9314907756376 981.5368073946789 4.907684036973395 0.0 0.8300748860661623
145.9314907756376 981.5368073946789 4.907684036973395 0.059893580540131025 0.8899684666062934
145.9314907756376 981.5368073946789 4.907684036973395 0.0 0.8899684666062934
145.9314907756376 981.5368073946789 4.907684036973395 0.0 0.8899684666062934
145.9314907756376 981.5368073946789 4.907684036973395 0.0 0.8899684666062934
145.9314907756376 981.5368073946789 4.907684036973395 0.0 0.8899684666062934
145.9314907756376 981.5368073946789 4.907684036973395 0.0 0.8899684666062934
145.9314907756376 981.5368073946789 4.907684036973395 0.0 0.8899684666062934
145.9314907756376 981.5368073946789 4.907684036973395 0.11003153339370683 1.0000000000000002
145.9314907756376 981.5368073946789 4.907684036973395 0.0 1.0000000000000002
145.9314907756376 981.5368073946789 4.907684036973395 0.0 1.0000000000000002
145.9314907756376 981.5368073946789 4.907684036973395 0.0 1.0000000000000002
145.9314907756376 981.5368073946789 4.907684036973395 0.0 1.0000000000000002
145.9314907756376 981.5368073946789 4.907684036973395 0.0 1.0000000000000002
145.9314907756376 981.5368073946789 4.907684036973395 0.0 1.0000000000000002
145.9314907756376 981.5368073946789 4.907684036973395 0.0 1.0000000000000002
145.9314907756376 981.5368073946789 4.907684036973395 0.0 1.0000000000000002
145.9314907756376 981.5368073946789 4.907684036973395 0.0 1.0000000000000002
145.9314907756376 981.5368073946789 4.907684036973395 0.0 1.0000000000000002
145.9314907756376 981.5368073946789 4.907684036973395 0.0 1.0000000000000002
145.9314907756376 981.5368073946789 4.907684036973395 0.0 1.0000000000000002
145.9314907756376 981.5368073946789 4.907684036973395 0.0 1.0000000000000002
145.9314907756376 981.5368073946789 4.907684036973395 0.0 1.0000000000000002
145.9314907756376 981.5368073946789 4.907684036973395 0.0 1.0000000000000002
1's generation extracting best parents:
0
0
0
0
0
0
0
0
0
0
0
0
0
0
0
0
0
0
0
0
0
0
0
0
0
0
0
0
0
0
0
0
0
0
0
0
0
0
0
0
0
0
145.9314907756376
0
0
0
0
0
0
0
0
0
0
0
0
0
0
0
0
0
0
0
0
0
0
0
0
0
145.9314907756376
0
0
0
0
0
0
0
0
0
0
0
0
0
0
0
108.0
0
0
0
0
0
0
0
0
0
0
0
0
0
0
0
0
0
0
0
0
0
0
0
0
0
20.784609690826528
0
0
0
108.0
0
0
0
0
0
0
0
0
0
0
0
0
108.0
0
0
0
0
0
0
0
0
0
0
11.313708498984761
0
0
0
0
0
0
0
0
0
0
0
0
0
0
0
0
0
0
0
0
0
0
0
0
0
0
0
0
0
0
0
0
0
108.0
0
0
58.787753826796276
0
58.787753826796276
0
0
0
0
0
0
108.0
0
0
0
0
0
0
0
0
0
0
0
0
0
0
0
