0 1 53 4 5.196152422706632 20.784609690826528
1 2 12 16 41.569219381653056 665.1075101064489
2 5 101 100 364.21284985568536 36421.284985568534
3 0 50 0 1.0 0.0
4 1 51 4 1.0 4.0
5 0 50 0 1.0 0.0
6 17 233 1156 3556.5906427363834 4111418.7830032595
7 7 83 196 756.1659870689768 148208.53346551946
8 0 3 0 5.196152422706632 0.0
9 1 14 4 52.38320341483518 209.53281365934072
10 0 50 0 1.0 0.0
11 1 24 4 117.57550765359255 470.3020306143702
12 1 25 4 125.0 500.0
13 1 51 4 1.0 4.0
14 0 50 0 1.0 0.0
15 0 50 0 1.0 0.0
16 11 163 484 2081.044689573004 1007225.6297533339
17 0 50 0 1.0 0.0
18 0 50 0 1.0 0.0
19 26 433 2704 9010.146336214524 24363435.693124074
20 0 2 0 2.8284271247461903 0.0
21 13 426 676 2334.9038524102016 1578395.0042292962
22 1 12 4 41.569219381653056 166.27687752661222
23 11 211 484 3064.9520387764633 1483436.7867678083
24 1 51 4 1.0 4.0
25 0 50 0 1.0 0.0
26 2 73 16 110.30412503619254 1764.8660005790807
27 0 50 0 1.0 0.0
28 0 2 0 2.8284271247461903 0.0
29 0 14 0 52.38320341483518 0.0
30 2 83 16 189.57056733575496 3033.1290773720793
31 0 50 0 1.0 0.0
32 2 20 16 89.44271909999159 1431.0835055998655
33 1 8 4 22.627416997969522 90.50966799187809
34 12 485 576 3602.4817834376345 2075029.5072600774
35 2 22 16 103.18914671611545 1651.0263474578471
36 1 54 4 8.0 32.0
37 0 50 0 1.0 0.0
38 5 116 100 536.1865347059734 53618.65347059734
39 0 50 0 1.0 0.0
40 19 332 1444 6049.327896551815 8735229.48262082
41 4 90 64 252.98221281347034 16190.861620062102
42 1 55 4 11.180339887498949 44.721359549995796
43 23 313 2116 5537.535282054643 11717424.656827625
44 3 75 36 649.519052838329 23382.685902179845
45 0 50 0 1.0 0.0
46 0 50 0 1.0 0.0
47 1 22 4 103.18914671611545 412.7565868644618
48 1 51 4 1.0 4.0
49 1 22 4 103.18914671611545 412.7565868644618
50 19 271 1444 4461.2230385848225 6442006.067716484
51 0 50 0 1.0 0.0
52 29 506 3364 11382.188541752417 38289682.254455134
53 0 50 0 1.0 0.0
54 4 84 64 198.25236442474022 12688.151323183374
55 3 98 36 332.55375505322445 11971.93518191608
56 0 9 0 27.0 0.0
57 1 53 4 5.196152422706632 20.784609690826528
58 0 2 0 2.8284271247461903 0.0
59 1 3 4 5.196152422706632 20.784609690826528
60 19 387 1444 7613.186126714622 10993440.766975915
61 0 50 0 1.0 0.0
62 5 77 100 675.6722578291934 67567.22578291934
63 7 94 196 911.3638131942698 178627.3073860769
64 0 50 0 1.0 0.0
65 0 50 0 1.0 0.0
66 0 50 0 1.0 0.0
67 15 245 900 3834.8565814121393 3451370.9232709254
68 0 50 0 1.0 0.0
69 2 70 16 89.44271909999159 1431.0835055998655
70 1 14 4 52.38320341483518 209.53281365934072
71 0 50 0 1.0 0.0
72 0 50 0 1.0 0.0
73 1 15 4 58.09475019311125 232.379000772445
74 5 68 100 560.7423650840018 56074.23650840018
75 0 50 0 1.0 0.0
76 0 50 0 1.0 0.0
77 4 47 64 322.21576621884907 20621.80903800634
78 0 50 0 1.0 0.0
79 22 291 1936 4964.088133786507 9610474.627010677
80 0 50 0 1.0 0.0
81 0 7 0 18.520259177452132 0.0
82 1 62 4 41.569219381653056 166.27687752661222
83 0 9 0 27.0 0.0
84 0 6 0 14.696938456699069 0.0
85 7 107 196 1106.8166063083802 216936.05483644252
86 0 50 0 1.0 0.0
87 4 106 64 419.06562731868144 26820.200148395612
88 1 17 4 70.09279563550022 280.3711825420009
89 0 50 0 1.0 0.0
90 1 13 4 46.87216658103186 187.48866632412745
91 0 2 0 2.8284271247461903 0.0
92 0 50 0 1.0 0.0
93 4 73 64 623.7122734081797 39917.5854981235
94 3 38 36 234.2477321128211 8432.91835606156
95 1 61 4 36.4828726939094 145.9314907756376
96 0 50 0 1.0 0.0
97 0 50 0 1.0 0.0
98 14 460 784 3043.189116699782 2385860.267492629
99 1 30 4 164.31676725154983 657.2670690061993
100 0 50 0 1.0 0.0
101 5 77 100 675.6722578291934 67567.22578291934
102 27 455 2916 9705.481698504202 28301184.632838253
103 0 50 0 1.0 0.0
104 9 333 324 756.1659870689768 244997.7798103485
105 20 291 1600 4964.088133786507 7942541.014058411
106 3 103 36 385.84582413186746 13890.44966874723
107 0 50 0 1.0 0.0
108 20 273 1600 4510.7002782273175 7217120.445163708
109 16 270 1024 4436.552715791846 4543029.98097085
110 10 136 400 1586.0189153979218 634407.5661591687
111 13 160 676 2023.8577025077627 1368127.8068952477
112 11 151 484 1855.5190648441207 898071.2273845545
113 10 182 400 2455.3142365082317 982125.6946032927
114 25 427 2500 8823.518742542568 22058796.85635642
115 28 439 3136 9198.071482653308 28845152.169600774
116 32 494 4096 10979.698720821078 44972845.960483134
117 0 50 0 1.0 0.0
118 26 484 2704 10648.0 28792192.0
119 20 322 1600 5778.083419266288 9244933.47082606
120 31 535 3844 12374.585851655804 47567908.01376491
121 24 347 2304 6463.8937955384135 14892811.304920506
122 13 172 676 2255.7588523598884 1524892.9841952845
123 19 272 1444 4485.938920672014 6477695.8014503885
124 16 249 1024 3929.1537256768156 4023453.415093059
125 21 380 1764 7407.563702054813 13066942.37042469
126 25 409 2500 8271.513102208084 20678782.75552021
127 19 366 1444 7001.992287913491 10110876.86374708
128 15 143 900 1710.0312862634999 1539028.1576371498
129 11 447 484 2765.0267629807854 1338272.9532827002
130 15 175 900 2315.032397181517 2083529.1574633652
131 21 363 1764 6916.078874622527 12199963.134834139
132 23 391 2116 7731.524493914509 16359905.8291231
133 27 474 2916 10319.710461054612 30092275.704435248
134 30 645 3600 16380.96837796838 58971486.160686165
135 20 320 1600 5724.334022399462 9158934.435839139
136 25 383 2500 7495.457757869095 18738644.394672737
137 17 292 1156 4989.698187265438 5768091.104478846
138 17 318 1156 5670.7523310403885 6555389.694682689
139 19 338 1444 6214.054393067379 8973094.543589296
140 27 449 2916 9514.139425087275 27743230.56355449
141 21 345 1764 6408.090589247315 11303871.799432263
142 15 244 900 3811.4018418424475 3430261.6576582026
143 11 206 484 2956.656219447909 1431021.610212788
144 20 281 1600 4710.418346601499 7536669.354562399
145 0 50 0 1.0 0.0
146 19 263 1444 4265.143256679663 6158866.862645433
147 17 278 1156 4635.186296148193 5358275.358347311
148 21 335 1764 6131.506747937247 10815977.903361304
149 9 117 324 1265.5484976878602 410037.7132508667
150 21 363 1764 6916.078874622527 12199963.134834139
151 20 318 1600 5670.7523310403885 9073203.729664622
152 27 488 2916 10780.272352774766 31435274.180691216
153 32 535 4096 12374.585851655804 50686303.64838217
154 3 89 36 243.55492193753753 8767.977189751351
155 20 308 1600 5405.378062633547 8648604.900213676
156 18 350 1296 6547.900426854398 8486078.9532033
157 11 165 484 2119.4633754797464 1025820.2737321972
158 29 471 3364 10221.893709093241 34386450.437389664
159 24 354 2304 6660.47025366828 15345723.464451717
160 17 237 1156 3648.568623446735 4217745.328704425
161 19 295 1444 5066.791391008712 7316446.7686165795
162 27 481 2916 10549.15356794089 30761331.804115634
163 12 143 576 1710.0312862634999 984978.0208877759
164 25 438 2500 9166.660896967882 22916652.242419705
165 19 363 1444 6916.078874622527 9986817.89495493
166 17 270 1156 4436.552715791846 5128654.939455374
167 18 234 1296 3579.511698542135 4639047.161310607
168 14 167 784 2158.1156132144542 1691962.640760132
169 18 343 1296 6352.448897866082 8232773.771634443
170 18 293 1296 5015.352131206741 6499896.362043937
171 21 401 1764 8030.018742194815 14164953.061231654
172 25 387 2500 7613.186126714622 19032965.316786557
173 3 18 36 76.36753236814714 2749.231165253297
174 23 412 2116 8362.686649635989 17695444.950629752
175 23 514 2116 11653.186002119764 24658141.580485422
176 15 302 900 5248.200453488796 4723380.408139916
177 17 390 1156 7701.882886671285 8903376.616992004
178 32 551 4096 12933.837442924663 52976998.16621942
179 18 204 1296 2913.702798845483 3776158.827303746
180 25 454 2500 9673.503191708782 24183757.979271956
181 15 275 900 4560.359086738675 4104323.1780648073
182 24 437 2304 9135.286147680323 21047699.284255464
183 27 404 2916 8120.299501865679 23678793.34744032
184 28 417 3136 8515.380966228111 26704234.710091356
185 17 292 1156 4989.698187265438 5768091.104478846
186 26 410 2704 8301.8672598398 22448249.07060682
187 29 614 3364 15214.320359450829 51180973.689192586
188 23 475 2116 10352.3849909091 21905646.640763655
189 22 429 1936 8885.583211022224 17202489.096539024
190 30 455 3600 9705.481698504202 34939734.11461513
191 25 506 2500 11382.188541752417 28455471.354381043
192 21 340 1764 6269.290230959164 11059027.967411965
193 22 413 1936 8393.15179178835 16249141.868902246
194 20 362 1600 6887.519727739442 11020031.564383106
195 23 354 2116 6660.47025366828 14093555.05676208
196 19 327 1444 5913.187211648215 8538642.333620023
197 18 296 1296 5092.576558089235 6599979.219283649
198 16 559 1024 5431.724311855306 5562085.695339833
199 19 319 1444 5697.522180737868 8227222.028985482
2901's generation fitness ratios and roulette cutoffs:
58971486.160686165 1460189173.6282778 7300945.8681413885 1.4234189696928744e-08 1.4234189696928744e-08
58971486.160686165 1460189173.6282778 7300945.8681413885 4.554940703017198e-07 4.6972825999864856e-07
58971486.160686165 1460189173.6282778 7300945.8681413885 2.4942853736594233e-05 2.5412581996592883e-05
58971486.160686165 1460189173.6282778 7300945.8681413885 0.0 2.5412581996592883e-05
58971486.160686165 1460189173.6282778 7300945.8681413885 2.7393710844060024e-09 2.5415321367677288e-05
58971486.160686165 1460189173.6282778 7300945.8681413885 0.0 2.5415321367677288e-05
58971486.160686165 1460189173.6282778 7300945.8681413885 0.0028156754325107114 0.0028410907538783886
58971486.160686165 1460189173.6282778 7300945.8681413885 0.00010149954275941583 0.0029425902966378043
58971486.160686165 1460189173.6282778 7300945.8681413885 0.0 0.0029425902966378043
58971486.160686165 1460189173.6282778 7300945.8681413885 1.4349703274315726e-07 0.0029427337936705476
58971486.160686165 1460189173.6282778 7300945.8681413885 0.0 0.0029427337936705476
58971486.160686165 1460189173.6282778 7300945.8681413885 3.2208294590060807e-07 0.0029430558766164482
58971486.160686165 1460189173.6282778 7300945.8681413885 3.424213855507503e-07 0.002943398298001999
58971486.160686165 1460189173.6282778 7300945.8681413885 2.7393710844060024e-09 0.0029434010373730834
58971486.160686165 1460189173.6282778 7300945.8681413885 0.0 0.0029434010373730834
58971486.160686165 1460189173.6282778 7300945.8681413885 0.0 0.0029434010373730834
58971486.160686165 1460189173.6282778 7300945.8681413885 0.0006897911914047273 0.0036331922287778104
58971486.160686165 1460189173.6282778 7300945.8681413885 0.0 0.0036331922287778104
58971486.160686165 1460189173.6282778 7300945.8681413885 0.0 0.0036331922287778104
58971486.160686165 1460189173.6282778 7300945.8681413885 0.0166851228136323 0.02031831504241011
58971486.160686165 1460189173.6282778 7300945.8681413885 0.0 0.02031831504241011
58971486.160686165 1460189173.6282778 7300945.8681413885 0.001080952408589156 0.021399267450999265
58971486.160686165 1460189173.6282778 7300945.8681413885 1.1387351757542995e-07 0.02139938132451684
58971486.160686165 1460189173.6282778 7300945.8681413885 0.0010159209598039718 0.02241530228432081
58971486.160686165 1460189173.6282778 7300945.8681413885 2.7393710844060024e-09 0.022415305023691896
58971486.160686165 1460189173.6282778 7300945.8681413885 0.0 0.022415305023691896
58971486.160686165 1460189173.6282778 7300945.8681413885 1.2086557224594002e-06 0.022416513679414354
58971486.160686165 1460189173.6282778 7300945.8681413885 0.0 0.022416513679414354
58971486.160686165 1460189173.6282778 7300945.8681413885 0.0 0.022416513679414354
58971486.160686165 1460189173.6282778 7300945.8681413885 0.0 0.022416513679414354
58971486.160686165 1460189173.6282778 7300945.8681413885 2.0772165224560326e-06 0.02241859089593681
58971486.160686165 1460189173.6282778 7300945.8681413885 0.0 0.02241859089593681
58971486.160686165 1460189173.6282778 7300945.8681413885 9.800671936526618e-07 0.02241957096313046
58971486.160686165 1460189173.6282778 7300945.8681413885 6.198489183903458e-08 0.022419632948022298
58971486.160686165 1460189173.6282778 7300945.8681413885 0.0014210689578693727 0.02384070190589167
58971486.160686165 1460189173.6282778 7300945.8681413885 1.130693458954621e-06 0.023841832599350625
58971486.160686165 1460189173.6282778 7300945.8681413885 2.191496867524802e-08 0.0238418545143193
58971486.160686165 1460189173.6282778 7300945.8681413885 0.0 0.0238418545143193
58971486.160686165 1460189173.6282778 7300945.8681413885 3.6720347225534974e-05 0.023878574861544835
58971486.160686165 1460189173.6282778 7300945.8681413885 0.0 0.023878574861544835
58971486.160686165 1460189173.6282778 7300945.8681413885 0.00598225876508557 0.029860833626630404
58971486.160686165 1460189173.6282778 7300945.8681413885 1.1088194538404262e-05 0.02987192182116881
58971486.160686165 1460189173.6282778 7300945.8681413885 3.062709980164568e-08 0.02987195244826861
58971486.160686165 1460189173.6282778 7300945.8681413885 0.00802459357215488 0.03789654602042349
58971486.160686165 1460189173.6282778 7300945.8681413885 1.601346340904484e-05 0.037912559483832535
58971486.160686165 1460189173.6282778 7300945.8681413885 0.0 0.037912559483832535
58971486.160686165 1460189173.6282778 7300945.8681413885 0.0 0.037912559483832535
58971486.160686165 1460189173.6282778 7300945.8681413885 2.8267336473865524e-07 0.03791284215719727
58971486.160686165 1460189173.6282778 7300945.8681413885 2.7393710844060024e-09 0.037912844896568355
58971486.160686165 1460189173.6282778 7300945.8681413885 2.8267336473865524e-07 0.03791312756993309
58971486.160686165 1460189173.6282778 7300945.8681413885 0.004411761286867638 0.04232488885680073
58971486.160686165 1460189173.6282778 7300945.8681413885 0.0 0.04232488885680073
58971486.160686165 1460189173.6282778 7300945.8681413885 0.026222412099737007 0.06854730095653774
58971486.160686165 1460189173.6282778 7300945.8681413885 0.0 0.06854730095653774
58971486.160686165 1460189173.6282778 7300945.8681413885 8.689388712324074e-06 0.06855599034525006
58971486.160686165 1460189173.6282778 7300945.8681413885 8.198893265430957e-06 0.0685641892385155
58971486.160686165 1460189173.6282778 7300945.8681413885 0.0 0.0685641892385155
58971486.160686165 1460189173.6282778 7300945.8681413885 1.4234189696928744e-08 0.0685642034727052
58971486.160686165 1460189173.6282778 7300945.8681413885 0.0 0.0685642034727052
58971486.160686165 1460189173.6282778 7300945.8681413885 1.4234189696928744e-08 0.0685642177068949
58971486.160686165 1460189173.6282778 7300945.8681413885 0.0075287784387959925 0.0760929961456909
58971486.160686165 1460189173.6282778 7300945.8681413885 0.0 0.0760929961456909
58971486.160686165 1460189173.6282778 7300945.8681413885 4.627292614081524e-05 0.07613926907183172
58971486.160686165 1460189173.6282778 7300945.8681413885 0.00012233162018468046 0.0762616006920164
58971486.160686165 1460189173.6282778 7300945.8681413885 0.0 0.0762616006920164
58971486.160686165 1460189173.6282778 7300945.8681413885 0.0 0.0762616006920164
58971486.160686165 1460189173.6282778 7300945.8681413885 0.0 0.0762616006920164
58971486.160686165 1460189173.6282778 7300945.8681413885 0.0023636464271920054 0.0786252471192084
58971486.160686165 1460189173.6282778 7300945.8681413885 0.0 0.0786252471192084
58971486.160686165 1460189173.6282778 7300945.8681413885 9.800671936526618e-07 0.07862622718640205
58971486.160686165 1460189173.6282778 7300945.8681413885 1.4349703274315726e-07 0.0786263706834348
58971486.160686165 1460189173.6282778 7300945.8681413885 0.0 0.0786263706834348
58971486.160686165 1460189173.6282778 7300945.8681413885 0.0 0.0786263706834348
58971486.160686165 1460189173.6282778 7300945.8681413885 1.59143078834799e-07 0.07862652982651364
58971486.160686165 1460189173.6282778 7300945.8681413885 3.8402035517813716e-05 0.07866493186203145
58971486.160686165 1460189173.6282778 7300945.8681413885 0.0 0.07866493186203145
58971486.160686165 1460189173.6282778 7300945.8681413885 0.0 0.07866493186203145
58971486.160686165 1460189173.6282778 7300945.8681413885 1.4122696846714233e-05 0.07867905455887816
58971486.160686165 1460189173.6282778 7300945.8681413885 0.0 0.07867905455887816
58971486.160686165 1460189173.6282778 7300945.8681413885 0.006581664075162653 0.08526071863404082
58971486.160686165 1460189173.6282778 7300945.8681413885 0.0 0.08526071863404082
58971486.160686165 1460189173.6282778 7300945.8681413885 0.0 0.08526071863404082
58971486.160686165 1460189173.6282778 7300945.8681413885 1.1387351757542995e-07 0.08526083250755839
58971486.160686165 1460189173.6282778 7300945.8681413885 0.0 0.08526083250755839
58971486.160686165 1460189173.6282778 7300945.8681413885 0.0 0.08526083250755839
58971486.160686165 1460189173.6282778 7300945.8681413885 0.00014856708894601638 0.08540939959650441
58971486.160686165 1460189173.6282778 7300945.8681413885 0.0 0.08540939959650441
58971486.160686165 1460189173.6282778 7300945.8681413885 1.836762019112413e-05 0.08542776721669554
58971486.160686165 1460189173.6282778 7300945.8681413885 1.9201017758906858e-07 0.08542795922687313
58971486.160686165 1460189173.6282778 7300945.8681413885 0.0 0.08542795922687313
58971486.160686165 1460189173.6282778 7300945.8681413885 1.2840025779554006e-07 0.08542808762713093
58971486.160686165 1460189173.6282778 7300945.8681413885 0.0 0.08542808762713093
58971486.160686165 1460189173.6282778 7300945.8681413885 0.0 0.08542808762713093
58971486.160686165 1460189173.6282778 7300945.8681413885 2.7337269868215976e-05 0.08545542489699914
58971486.160686165 1460189173.6282778 7300945.8681413885 5.77522317543791e-06 0.08546120012017458
58971486.160686165 1460189173.6282778 7300945.8681413885 9.994012653376074e-08 0.08546130006030112
58971486.160686165 1460189173.6282778 7300945.8681413885 0.0 0.08546130006030112
58971486.160686165 1460189173.6282778 7300945.8681413885 0.0 0.08546130006030112
58971486.160686165 1460189173.6282778 7300945.8681413885 0.0016339391570506197 0.08709523921735174
58971486.160686165 1460189173.6282778 7300945.8681413885 4.501246008919668e-07 0.08709568934195264
58971486.160686165 1460189173.6282778 7300945.8681413885 0.0 0.08709568934195264
58971486.160686165 1460189173.6282778 7300945.8681413885 4.627292614081524e-05 0.08714196226809345
58971486.160686165 1460189173.6282778 7300945.8681413885 0.019381861709408154 0.10652382397750161
58971486.160686165 1460189173.6282778 7300945.8681413885 0.0 0.10652382397750161
58971486.160686165 1460189173.6282778 7300945.8681413885 0.00016778495843903436 0.10669160893594065
58971486.160686165 1460189173.6282778 7300945.8681413885 0.005439391797655085 0.11213100073359573
58971486.160686165 1460189173.6282778 7300945.8681413885 9.512774042990775e-06 0.11214051350763872
58971486.160686165 1460189173.6282778 7300945.8681413885 0.0 0.11214051350763872
58971486.160686165 1460189173.6282778 7300945.8681413885 0.00494259276503921 0.11708310627267793
58971486.160686165 1460189173.6282778 7300945.8681413885 0.0031112612413652747 0.12019436751404321
58971486.160686165 1460189173.6282778 7300945.8681413885 0.0004344694356162037 0.12062883694965941
58971486.160686165 1460189173.6282778 7300945.8681413885 0.0009369524384951601 0.12156578938815457
58971486.160686165 1460189173.6282778 7300945.8681413885 0.0006150375880085642 0.12218082697616313
58971486.160686165 1460189173.6282778 7300945.8681413885 0.0006726016822621051 0.12285342865842523
58971486.160686165 1460189173.6282778 7300945.8681413885 0.015106807566272201 0.13796023622469744
58971486.160686165 1460189173.6282778 7300945.8681413885 0.01975439394467386 0.1577146301693713
58971486.160686165 1460189173.6282778 7300945.8681413885 0.030799328451898197 0.1885139586212695
58971486.160686165 1460189173.6282778 7300945.8681413885 0.0 0.1885139586212695
58971486.160686165 1460189173.6282778 7300945.8681413885 0.019718124555366458 0.20823208317663594
58971486.160686165 1460189173.6282778 7300945.8681413885 0.006331325856809533 0.21456340903344548
58971486.160686165 1460189173.6282778 7300945.8681413885 0.03257653793964804 0.24713994697309352
58971486.160686165 1460189173.6282778 7300945.8681413885 0.010199234163553514 0.25733918113664705
58971486.160686165 1460189173.6282778 7300945.8681413885 0.0010443119369295355 0.2583834930735766
58971486.160686165 1460189173.6282778 7300945.8681413885 0.00443620314301784 0.26281969621659446
58971486.160686165 1460189173.6282778 7300945.8681413885 0.002755432986190127 0.2655751292027846
58971486.160686165 1460189173.6282778 7300945.8681413885 0.008948801022785256 0.27452393022556987
58971486.160686165 1460189173.6282778 7300945.8681413885 0.014161714885296385 0.28868564511086625
58971486.160686165 1460189173.6282778 7300945.8681413885 0.0069243609296346 0.29561000604050086
58971486.160686165 1460189173.6282778 7300945.8681413885 0.0010539923082794628 0.2966639983487803
58971486.160686165 1460189173.6282778 7300945.8681413885 0.0009165065578163134 0.29758050490659665
58971486.160686165 1460189173.6282778 7300945.8681413885 0.001426889881867986 0.29900739478846466
58971486.160686165 1460189173.6282778 7300945.8681413885 0.008355056560595962 0.30736245134906065
58971486.160686165 1460189173.6282778 7300945.8681413885 0.011203963242976258 0.3185664145920369
58971486.160686165 1460189173.6282778 7300945.8681413885 0.020608477482175796 0.3391748920742127
58971486.160686165 1460189173.6282778 7300945.8681413885 0.04038619599825811 0.3795610880724708
58971486.160686165 1460189173.6282778 7300945.8681413885 0.006272430039377035 0.38583351811184785
58971486.160686165 1460189173.6282778 7300945.8681413885 0.012833025153933279 0.3986665432657811
58971486.160686165 1460189173.6282778 7300945.8681413885 0.003950235495957208 0.4026167787617383
58971486.160686165 1460189173.6282778 7300945.8681413885 0.0044894112441567135 0.407106190005895
58971486.160686165 1460189173.6282778 7300945.8681413885 0.006145158932587449 0.4132513489384824
58971486.160686165 1460189173.6282778 7300945.8681413885 0.018999750898452506 0.43225109983693494
58971486.160686165 1460189173.6282778 7300945.8681413885 0.007741374887299297 0.43999247472423425
58971486.160686165 1460189173.6282778 7300945.8681413885 0.0023491898992338708 0.44234166462346813
58971486.160686165 1460189173.6282778 7300945.8681413885 0.0009800248050442573 0.4433216894285124
58971486.160686165 1460189173.6282778 7300945.8681413885 0.005161433525654272 0.4484831229541667
58971486.160686165 1460189173.6282778 7300945.8681413885 0.0 0.4484831229541667
58971486.160686165 1460189173.6282778 7300945.8681413885 0.004217855449059304 0.452700978403226
58971486.160686165 1460189173.6282778 7300945.8681413885 0.0036695761447354583 0.45637055454796144
58971486.160686165 1460189173.6282778 7300945.8681413885 0.007407244279510554 0.463777798827472
58971486.160686165 1460189173.6282778 7300945.8681413885 0.00028081136379884603 0.46405861019127087
58971486.160686165 1460189173.6282778 7300945.8681413885 0.008355056560595962 0.47241366675186686
58971486.160686165 1460189173.6282778 7300945.8681413885 0.00621371798499199 0.47862738473685884
58971486.160686165 1460189173.6282778 7300945.8681413885 0.021528220280240026 0.5001556050170989
58971486.160686165 1460189173.6282778 7300945.8681413885 0.03471214864745015 0.534867753664549
58971486.160686165 1460189173.6282778 7300945.8681413885 6.004685795584064e-06 0.5348737583503446
58971486.160686165 1460189173.6282778 7300945.8681413885 0.005922934546024351 0.5407966928963689
58971486.160686165 1460189173.6282778 7300945.8681413885 0.005811629826097869 0.5466083227224667
58971486.160686165 1460189173.6282778 7300945.8681413885 0.0007025255989148579 0.5473108483213815
58971486.160686165 1460189173.6282778 7300945.8681413885 0.023549312005886346 0.5708601603272679
58971486.160686165 1460189173.6282778 7300945.8681413885 0.010509407781952435 0.5813695681092204
58971486.160686165 1460189173.6282778 7300945.8681413885 0.002888492398710348 0.5842580605079307
58971486.160686165 1460189173.6282778 7300945.8681413885 0.005010615679635998 0.5892686761875667
58971486.160686165 1460189173.6282778 7300945.8681413885 0.021066675715503275 0.61033535190307
58971486.160686165 1460189173.6282778 7300945.8681413885 0.0006745550772988562 0.6110099069803688
58971486.160686165 1460189173.6282778 7300945.8681413885 0.015694303626068128 0.626704210606437
58971486.160686165 1460189173.6282778 7300945.8681413885 0.006839400041666989 0.6335436106481039
58971486.160686165 1460189173.6282778 7300945.8681413885 0.0035123222607600173 0.637055932908864
58971486.160686165 1460189173.6282778 7300945.8681413885 0.003177017913222506 0.6402329508220865
58971486.160686165 1460189173.6282778 7300945.8681413885 0.0011587283834983816 0.6413916792055849
58971486.160686165 1460189173.6282778 7300945.8681413885 0.005638155603617885 0.6470298348092028
58971486.160686165 1460189173.6282778 7300945.8681413885 0.004451407036454733 0.6514812418456576
58971486.160686165 1460189173.6282778 7300945.8681413885 0.009700765706976571 0.6611820075526341
58971486.160686165 1460189173.6282778 7300945.8681413885 0.013034588709826857 0.674216596262461
58971486.160686165 1460189173.6282778 7300945.8681413885 1.8827910896106756e-06 0.6742184790535506
58971486.160686165 1460189173.6282778 7300945.8681413885 0.012118597555863336 0.6863370766094139
58971486.160686165 1460189173.6282778 7300945.8681413885 0.01688695001019277 0.7032240266196067
58971486.160686165 1460189173.6282778 7300945.8681413885 0.0032347729276770774 0.7064587995472837
58971486.160686165 1460189173.6282778 7300945.8681413885 0.006097413114541108 0.7125562126618249
58971486.160686165 1460189173.6282778 7300945.8681413885 0.03628091422879282 0.7488371268906178
58971486.160686165 1460189173.6282778 7300945.8681413885 0.0025860750754100902 0.7514232019660279
58971486.160686165 1460189173.6282778 7300945.8681413885 0.016562071830172633 0.7679852737962005
58971486.160686165 1460189173.6282778 7300945.8681413885 0.0028108160587620203 0.7707960898549625
58971486.160686165 1460189173.6282778 7300945.8681413885 0.014414364703140583 0.7852104545581031
58971486.160686165 1460189173.6282778 7300945.8681413885 0.01621625045240081 0.801426705010504
58971486.160686165 1460189173.6282778 7300945.8681413885 0.018288202099003843 0.8197149071095078
58971486.160686165 1460189173.6282778 7300945.8681413885 0.003950235495957208 0.823665142605465
58971486.160686165 1460189173.6282778 7300945.8681413885 0.01537352109989106 0.8390386637053561
58971486.160686165 1460189173.6282778 7300945.8681413885 0.03505091984897964 0.8740895835543357
58971486.160686165 1460189173.6282778 7300945.8681413885 0.01500192374823086 0.8890915073025666
58971486.160686165 1460189173.6282778 7300945.8681413885 0.011781000302717136 0.9008725076052837
58971486.160686165 1460189173.6282778 7300945.8681413885 0.023928224332602662 0.9248007319378864
58971486.160686165 1460189173.6282778 7300945.8681413885 0.019487523855333685 0.9442882557932201
58971486.160686165 1460189173.6282778 7300945.8681413885 0.007573695358891406 0.9518619511521115
58971486.160686165 1460189173.6282778 7300945.8681413885 0.01112810734552043 0.9629900584976319
58971486.160686165 1460189173.6282778 7300945.8681413885 0.007546988954178132 0.97053704745181
58971486.160686165 1460189173.6282778 7300945.8681413885 0.009651869299744511 0.9801889167515545
58971486.160686165 1460189173.6282778 7300945.8681413885 0.0058476274772009205 0.9860365442287554
58971486.160686165 1460189173.6282778 7300945.8681413885 0.004519948057746533 0.990556492286502
58971486.160686165 1460189173.6282778 7300945.8681413885 0.0038091541807005486 0.9943656464672026
58971486.160686165 1460189173.6282778 7300945.8681413885 0.005634353532797728 1.0000000000000002
2901's generation extracting best parents:
0
0
0
0
0
0
4111418.7830032595
0
0
0
0
0
0
0
0
0
1007225.6297533339
0
0
24363435.693124074
0
1578395.0042292962
0
1483436.7867678083
0
0
0
0
0
0
0
0
0
0
2075029.5072600774
0
0
0
0
0
8735229.48262082
0
0
11717424.656827625
0
0
0
0
0
0
6442006.067716484
0
38289682.254455134
0
0
0
0
0
0
0
10993440.766975915
0
0
0
0
0
0
3451370.9232709254
0
0
0
0
0
0
0
0
0
0
0
9610474.627010677
0
0
0
0
0
0
0
0
0
0
0
0
0
0
0
0
0
0
2385860.267492629
0
0
0
28301184.632838253
0
0
7942541.014058411
0
0
7217120.445163708
4543029.98097085
0
1368127.8068952477
0
0
22058796.85635642
28845152.169600774
44972845.960483134
0
28792192.0
9244933.47082606
47567908.01376491
14892811.304920506
1524892.9841952845
6477695.8014503885
4023453.415093059
13066942.37042469
20678782.75552021
10110876.86374708
1539028.1576371498
1338272.9532827002
2083529.1574633652
12199963.134834139
16359905.8291231
30092275.704435248
58971486.160686165
9158934.435839139
18738644.394672737
5768091.104478846
6555389.694682689
8973094.543589296
27743230.56355449
11303871.799432263
3430261.6576582026
1431021.610212788
7536669.354562399
0
6158866.862645433
5358275.358347311
10815977.903361304
0
12199963.134834139
9073203.729664622
31435274.180691216
50686303.64838217
0
8648604.900213676
8486078.9532033
1025820.2737321972
34386450.437389664
15345723.464451717
4217745.328704425
7316446.7686165795
30761331.804115634
984978.0208877759
22916652.242419705
9986817.89495493
5128654.939455374
4639047.161310607
1691962.640760132
8232773.771634443
6499896.362043937
14164953.061231654
19032965.316786557
0
17695444.950629752
24658141.580485422
4723380.408139916
8903376.616992004
52976998.16621942
3776158.827303746
24183757.979271956
4104323.1780648073
21047699.284255464
23678793.34744032
26704234.710091356
5768091.104478846
22448249.07060682
51180973.689192586
21905646.640763655
17202489.096539024
34939734.11461513
28455471.354381043
11059027.967411965
16249141.868902246
11020031.564383106
14093555.05676208
8538642.333620023
6599979.219283649
5562085.695339833
8227222.028985482
