0 1 42 4 272.19110933313016 1088.7644373325206
1 1 18 4 76.36753236814714 305.47012947258855
2 0 50 0 1.0 0.0
3 20 335 1600 6131.506747937247 9810410.796699597
4 1 28 4 148.16207341961706 592.6482936784682
5 0 50 0 1.0 0.0
6 0 50 0 1.0 0.0
7 1 52 4 2.8284271247461903 11.313708498984761
8 1 36 4 216.0 864.0
9 1 17 4 70.09279563550022 280.3711825420009
10 3 72 36 103.18914671611545 3714.809281780156
11 0 50 0 1.0 0.0
12 0 50 0 1.0 0.0
13 0 50 0 1.0 0.0
14 7 94 196 911.3638131942698 178627.3073860769
15 0 6 0 14.696938456699069 0.0
16 3 84 36 198.25236442474022 7137.085119290648
17 0 50 0 1.0 0.0
18 0 50 0 1.0 0.0
19 1 12 4 41.569219381653056 166.27687752661222
20 0 50 0 1.0 0.0
21 0 50 0 1.0 0.0
22 1 15 4 58.09475019311125 232.379000772445
23 0 9 0 27.0 0.0
24 21 371 1764 7145.964665459801 12605481.669871088
25 11 163 484 2081.044689573004 1007225.6297533339
26 1 61 4 36.4828726939094 145.9314907756376
27 0 50 0 1.0 0.0
28 2 33 16 189.57056733575496 3033.1290773720793
29 14 241 784 3741.3261017986656 2933199.663810154
30 0 5 0 11.180339887498949 0.0
31 1 55 4 11.180339887498949 44.721359549995796
32 6 84 144 769.8727167525811 110861.67121237169
33 14 240 784 3718.06401235912 2914962.1856895504
34 0 50 0 1.0 0.0
35 2 68 16 76.36753236814714 1221.8805178903542
36 0 6 0 14.696938456699069 0.0
37 28 371 3136 7145.964665459801 22409745.190881934
38 0 50 0 1.0 0.0
39 0 50 0 1.0 0.0
40 0 5 0 11.180339887498949 0.0
41 0 50 0 1.0 0.0
42 6 307 144 430.34056281043274 61969.04104470232
43 3 69 36 573.1570465413472 20633.6536754885
44 1 17 4 70.09279563550022 280.3711825420009
45 1 44 4 291.8629815512752 1167.4519262051008
46 2 78 16 148.16207341961706 2370.593174713873
47 0 13 0 46.87216658103186 0.0
48 0 50 0 1.0 0.0
49 13 223 676 3330.1001486441814 2251147.7004834665
50 1 21 4 96.23408959407264 384.93635837629057
51 0 5 0 11.180339887498949 0.0
52 3 102 36 374.9773326482549 13499.183975337177
53 1 51 4 1.0 4.0
54 10 191 400 2639.672517567283 1055869.0070269133
55 0 50 0 1.0 0.0
56 0 11 0 36.4828726939094 0.0
57 25 519 2500 11823.635608390508 29559089.02097627
58 0 50 0 1.0 0.0
59 5 115 100 524.0467536394058 52404.67536394058
60 0 50 0 1.0 0.0
61 1 34 4 198.25236442474022 793.0094576989609
62 1 40 4 252.98221281347034 1011.9288512538814
63 20 349 1600 6519.858050602023 10431772.880963236
64 0 50 0 1.0 0.0
65 5 105 100 1075.929830425758 107592.9830425758
66 19 280 1444 4685.296148590823 6765567.638565148
67 0 50 0 1.0 0.0
68 18 301 1296 5222.154823442139 6767912.651181012
69 12 245 576 3834.8565814121393 2208877.3908933923
70 2 30 16 164.31676725154983 2629.0682760247973
71 2 6 16 14.696938456699069 235.1510153071851
72 1 63 4 46.87216658103186 187.48866632412745
73 17 227 1156 3420.0998523434955 3953635.429309081
74 0 50 0 1.0 0.0
75 3 100 36 353.5533905932738 12727.922061357856
76 0 50 0 1.0 0.0
77 0 50 0 1.0 0.0
78 0 50 0 1.0 0.0
79 28 381 3136 7436.823313754335 23321877.911933593
80 1 42 4 272.19110933313016 1088.7644373325206
81 0 50 0 1.0 0.0
82 7 83 196 756.1659870689768 148208.53346551946
83 2 71 16 96.23408959407264 1539.7454335051623
84 0 50 0 1.0 0.0
85 25 366 2500 7001.992287913491 17504980.719783727
86 17 212 1156 3086.7665930549397 3568302.18157151
87 0 50 0 1.0 0.0
88 0 50 0 1.0 0.0
89 0 6 0 14.696938456699069 0.0
90 5 104 100 1060.5960588272992 106059.60588272993
91 0 50 0 1.0 0.0
92 20 371 1600 7145.964665459801 11433543.464735681
93 1 44 4 291.8629815512752 1167.4519262051008
94 2 40 16 252.98221281347034 4047.7154050155254
95 0 7 0 18.520259177452132 0.0
96 2 8 16 22.627416997969522 362.03867196751236
97 0 50 0 1.0 0.0
98 0 50 0 1.0 0.0
99 0 50 0 1.0 0.0
100 14 192 784 2660.4300404257956 2085777.1516938237
101 2 23 16 110.30412503619254 1764.8660005790807
102 1 54 4 8.0 32.0
103 22 277 1936 4610.198802654827 8925344.881939745
104 31 480 3844 10516.27310409919 40424553.81215728
105 19 274 1444 4535.5070278856365 6549272.148266859
106 0 50 0 1.0 0.0
107 26 478 2704 10450.614910138063 28258462.71701332
108 13 176 676 2334.9038524102016 1578395.0042292962
109 34 470 4624 10189.357192679036 47115587.65894786
110 21 277 1764 4610.198802654827 8132390.687883114
111 0 50 0 1.0 0.0
112 15 216 900 3174.538706646999 2857084.835982299
113 4 63 64 500.0469977912076 32003.007858637287
114 31 389 3844 7672.279257169932 29492241.46456122
115 0 50 0 1.0 0.0
116 23 338 2116 6214.054393067379 13148939.095730575
117 19 334 1444 6104.07273875402 8814281.034760805
118 16 253 1024 4024.2113513084773 4120792.423739881
119 3 51 36 364.21284985568536 13111.662594804673
120 12 205 576 2935.1533179716525 1690648.311151672
121 13 196 676 2744.0 1854944.0
122 6 61 144 476.42523023030594 68605.23315316405
123 21 338 1764 6214.054393067379 10961591.949370857
124 12 194 576 2702.1073257737194 1556413.8196456623
125 28 459 3136 9833.746946103505 30838630.42298059
126 21 329 1764 5967.519501434411 10526704.400530301
127 19 366 1444 7001.992287913491 10110876.86374708
128 25 476 2500 10385.0939331332 25962734.832833
129 40 605 6400 14881.0323902611 95238607.29767103
130 26 377 2704 7320.015915283245 19793323.034925893
131 18 355 1296 6688.712506902954 8668571.40894623
132 0 50 0 1.0 0.0
133 13 166 676 2138.760388636371 1445802.0227181867
134 21 320 1764 5724.334022399462 10097725.21551265
135 22 217 1936 3196.609610196403 6188636.205340236
136 22 292 1936 4989.698187265438 9660055.690545887
137 25 339 2500 6241.651944797947 15604129.861994868
138 26 417 2704 8515.380966228111 23025590.13268081
139 0 50 0 1.0 0.0
140 21 375 1764 7261.843774138907 12809892.417581033
141 20 231 1600 3510.8960394748233 5617433.663159717
142 20 220 1600 3263.127334322092 5221003.734915347
143 32 370 4096 7117.0921028183975 29151609.253144156
144 27 392 2916 7761.204030303546 22631670.952365138
145 27 407 2916 8210.91608774563 23943031.311866257
146 4 45 64 301.8691769624716 19319.627325598183
147 25 468 2500 10124.387981502881 25310969.953757204
148 23 354 2116 6660.47025366828 14093555.05676208
149 22 348 1936 6491.855820949815 12568232.869358841
150 10 117 400 1265.5484976878602 506219.3990751441
151 26 439 2704 9198.071482653308 24871585.289094545
152 27 481 2916 10549.15356794089 30761331.804115634
153 16 302 1024 5248.200453488796 5374157.264372527
154 34 501 4624 11213.897672085295 51853062.8357224
155 19 272 1444 4485.938920672014 6477695.8014503885
156 18 302 1296 5248.200453488796 6801667.787721479
157 19 304 1444 5300.421115345459 7653808.090558843
158 24 493 2304 10946.376432409037 25220451.300270423
159 12 208 576 2999.818661186039 1727895.5488431586
160 18 243 1296 3787.995116153135 4909241.670534463
161 16 328 1024 5940.332650618146 6082900.634232981
162 26 277 2704 4610.198802654827 12465977.562378652
163 23 373 2116 7203.826552603831 15243296.985309707
164 26 401 2704 8030.018742194815 21713170.67889478
165 6 95 144 925.9454627568516 133336.14663698664
166 21 270 1764 4436.552715791846 7826078.990656816
167 11 190 484 2618.969262897142 1267581.1232422167
168 15 222 900 3307.7255025167974 2976952.952265118
169 20 422 1600 6944.677386315364 11111483.818104582
170 25 396 2500 7880.30050188443 19700751.254711073
171 29 430 3364 8916.66978193092 29995677.146415614
172 31 557 3844 13145.672025423424 50531963.26572764
173 28 525 3136 12029.26119925908 37723763.12087647
174 19 321 1444 5751.187790361222 8304715.169281605
175 23 347 2116 6463.8937955384135 13677599.271359283
176 20 320 1600 5724.334022399462 9158934.435839139
177 29 416 3364 8484.768470618394 28542761.135160275
178 0 50 0 1.0 0.0
179 19 314 1444 5564.094176054176 8034551.990222231
180 20 340 1600 6269.290230959164 10030864.369534662
181 23 363 2116 6916.078874622527 14634422.898701267
182 24 384 2304 7524.832489829923 17337214.056568142
183 22 301 1936 5222.154823442139 10110091.73818398
184 18 299 1296 5170.1933232713845 6700570.546959714
185 11 157 484 1967.204361524242 952126.9109777331
186 15 243 900 3787.995116153135 3409195.6045378214
187 30 411 3600 8332.258457345164 29996130.44644259
188 24 423 2304 8699.825687908926 20044398.384942167
189 35 561 4900 13287.531034770907 65108902.07037745
190 17 337 1156 6186.497635981121 7151591.267194175
191 18 244 1296 3811.4018418424475 4939576.787027812
192 21 366 1764 7001.992287913491 12351514.395879399
193 23 312 2116 5511.018780588576 11661315.739725428
194 35 486 4900 10714.068134933621 52498933.86117474
195 32 473 4096 10287.07037985062 42135840.27586814
196 19 384 1444 7524.832489829923 10865858.11531441
197 27 443 2916 9324.07137467319 27188992.128547024
198 16 292 1024 4989.698187265438 5109450.943759808
199 31 520 3844 11857.824421031035 45581477.074443296
3801's generation fitness ratios and roulette cutoffs:
95238607.29767103 1656019718.2930763 8280098.591465381 6.574586191852549e-07 6.574586191852549e-07
95238607.29767103 1656019718.2930763 8280098.591465381 1.8446044216638222e-07 8.419190613516371e-07
95238607.29767103 1656019718.2930763 8280098.591465381 0.0 8.419190613516371e-07
95238607.29767103 1656019718.2930763 8280098.591465381 0.005924090569894643 0.0059249324889559946
95238607.29767103 1656019718.2930763 8280098.591465381 3.5787514311081624e-07 0.005925290364099106
95238607.29767103 1656019718.2930763 8280098.591465381 0.0 0.005925290364099106
95238607.29767103 1656019718.2930763 8280098.591465381 0.0 0.005925290364099106
95238607.29767103 1656019718.2930763 8280098.591465381 6.831868228384526e-09 0.005925297195967334
95238607.29767103 1656019718.2930763 8280098.591465381 5.217329180660713e-07 0.0059258189288854
95238607.29767103 1656019718.2930763 8280098.591465381 1.6930425371443665e-07 0.005925988233139115
95238607.29767103 1656019718.2930763 8280098.591465381 2.243215609539453e-06 0.0059282314487486545
95238607.29767103 1656019718.2930763 8280098.591465381 0.0 0.0059282314487486545
95238607.29767103 1656019718.2930763 8280098.591465381 0.0 0.0059282314487486545
95238607.29767103 1656019718.2930763 8280098.591465381 0.0 0.0059282314487486545
95238607.29767103 1656019718.2930763 8280098.591465381 0.00010786544713984141 0.006036096895888496
95238607.29767103 1656019718.2930763 8280098.591465381 0.0 0.006036096895888496
95238607.29767103 1656019718.2930763 8280098.591465381 4.309782691867412e-06 0.006040406678580363
95238607.29767103 1656019718.2930763 8280098.591465381 0.0 0.006040406678580363
95238607.29767103 1656019718.2930763 8280098.591465381 0.0 0.006040406678580363
95238607.29767103 1656019718.2930763 8280098.591465381 1.0040754689684508e-07 0.0060405070861272595
95238607.29767103 1656019718.2930763 8280098.591465381 0.0 0.0060405070861272595
95238607.29767103 1656019718.2930763 8280098.591465381 0.0 0.0060405070861272595
95238607.29767103 1656019718.2930763 8280098.591465381 1.4032381269708978e-07 0.006040647409939957
95238607.29767103 1656019718.2930763 8280098.591465381 0.0 0.006040647409939957
95238607.29767103 1656019718.2930763 8280098.591465381 0.007611915202835898 0.013652562612775854
95238607.29767103 1656019718.2930763 8280098.591465381 0.0006082207950950731 0.014260783407870927
95238607.29767103 1656019718.2930763 8280098.591465381 8.812183162049233e-08 0.014260871529702547
95238607.29767103 1656019718.2930763 8280098.591465381 0.0 0.014260871529702547
95238607.29767103 1656019718.2930763 8280098.591465381 1.8315778754726684e-06 0.01426270310757802
95238607.29767103 1656019718.2930763 8280098.591465381 0.0017712347452200127 0.01603393785279803
95238607.29767103 1656019718.2930763 8280098.591465381 0.0 0.01603393785279803
95238607.29767103 1656019718.2930763 8280098.591465381 2.7005330344793137e-08 0.016033964858128375
95238607.29767103 1656019718.2930763 8280098.591465381 6.694465650846302e-05 0.016100909514636837
95238607.29767103 1656019718.2930763 8280098.591465381 0.0017602219064722943 0.017861131421109133
95238607.29767103 1656019718.2930763 8280098.591465381 0.0 0.017861131421109133
95238607.29767103 1656019718.2930763 8280098.591465381 7.378417686655289e-07 0.0178618692628778
95238607.29767103 1656019718.2930763 8280098.591465381 0.0 0.0178618692628778
95238607.29767103 1656019718.2930763 8280098.591465381 0.013532293693930485 0.03139416295680828
95238607.29767103 1656019718.2930763 8280098.591465381 0.0 0.03139416295680828
95238607.29767103 1656019718.2930763 8280098.591465381 0.0 0.03139416295680828
95238607.29767103 1656019718.2930763 8280098.591465381 0.0 0.03139416295680828
95238607.29767103 1656019718.2930763 8280098.591465381 0.0 0.03139416295680828
95238607.29767103 1656019718.2930763 8280098.591465381 3.7420472932880416e-05 0.031431583429741165
95238607.29767103 1656019718.2930763 8280098.591465381 1.2459787433422837e-05 0.03144404321717459
95238607.29767103 1656019718.2930763 8280098.591465381 1.6930425371443665e-07 0.0314442125214283
95238607.29767103 1656019718.2930763 8280098.591465381 7.049746529639386e-07 0.03144491749608127
95238607.29767103 1656019718.2930763 8280098.591465381 1.431500572443265e-06 0.03144634899665371
95238607.29767103 1656019718.2930763 8280098.591465381 0.0 0.03144634899665371
95238607.29767103 1656019718.2930763 8280098.591465381 0.0 0.03144634899665371
95238607.29767103 1656019718.2930763 8280098.591465381 0.0013593725217256542 0.03280572151837936
95238607.29767103 1656019718.2930763 8280098.591465381 2.324467239877188e-07 0.03280595396510335
95238607.29767103 1656019718.2930763 8280098.591465381 0.0 0.03280595396510335
95238607.29767103 1656019718.2930763 8280098.591465381 8.151584082133581e-06 0.032814105549185485
95238607.29767103 1656019718.2930763 8280098.591465381 2.4154301762318116e-09 0.03281410796461566
95238607.29767103 1656019718.2930763 8280098.591465381 0.0006375944654301813 0.03345170243004584
95238607.29767103 1656019718.2930763 8280098.591465381 0.0 0.03345170243004584
95238607.29767103 1656019718.2930763 8280098.591465381 0.0 0.03345170243004584
95238607.29767103 1656019718.2930763 8280098.591465381 0.01784947890079713 0.051301181330842965
95238607.29767103 1656019718.2930763 8280098.591465381 0.0 0.051301181330842965
95238607.29767103 1656019718.2930763 8280098.591465381 3.1644958562423464e-05 0.05133282628940539
95238607.29767103 1656019718.2930763 8280098.591465381 0.0 0.05133282628940539
95238607.29767103 1656019718.2930763 8280098.591465381 4.788647435408235e-07 0.051333305154148925
95238607.29767103 1656019718.2930763 8280098.591465381 6.110608708795542e-07 0.05133391621501981
95238607.29767103 1656019718.2930763 8280098.591465381 0.006299304752068816 0.05763322096708862
95238607.29767103 1656019718.2930763 8280098.591465381 0.0 0.05763322096708862
95238607.29767103 1656019718.2930763 8280098.591465381 6.49708344979588e-05 0.057698191801586585
95238607.29767103 1656019718.2930763 8280098.591465381 0.0040854390583819145 0.0617836308599685
95238607.29767103 1656019718.2930763 8280098.591465381 0.0 0.0617836308599685
95238607.29767103 1656019718.2930763 8280098.591465381 0.004086855111940914 0.0658704859719094
95238607.29767103 1656019718.2930763 8280098.591465381 0.0013338472763900226 0.06720433324829943
95238607.29767103 1656019718.2930763 8280098.591465381 1.5875827123210103e-06 0.06720592083101175
95238607.29767103 1656019718.2930763 8280098.591465381 1.4199771458613088e-07 0.06720606282872633
95238607.29767103 1656019718.2930763 8280098.591465381 1.1321644558518862e-07 0.06720617604517191
95238607.29767103 1656019718.2930763 8280098.591465381 0.0023874325804430917 0.069593608625615
95238607.29767103 1656019718.2930763 8280098.591465381 0.0 0.069593608625615
95238607.29767103 1656019718.2930763 8280098.591465381 7.685851756932592e-06 0.06960129447737194
95238607.29767103 1656019718.2930763 8280098.591465381 0.0 0.06960129447737194
95238607.29767103 1656019718.2930763 8280098.591465381 0.0 0.06960129447737194
95238607.29767103 1656019718.2930763 8280098.591465381 0.0 0.06960129447737194
95238607.29767103 1656019718.2930763 8280098.591465381 0.014083091918719638 0.08368438639609158
95238607.29767103 1656019718.2930763 8280098.591465381 6.574586191852549e-07 0.08368504385471076
95238607.29767103 1656019718.2930763 8280098.591465381 0.0 0.08368504385471076
95238607.29767103 1656019718.2930763 8280098.591465381 8.94968410269195e-05 0.08377454069573768
95238607.29767103 1656019718.2930763 8280098.591465381 9.297868959508752e-07 0.08377547048263363
95238607.29767103 1656019718.2930763 8280098.591465381 0.0 0.08377547048263363
95238607.29767103 1656019718.2930763 8280098.591465381 0.010570514666230418 0.09434598514886405
95238607.29767103 1656019718.2930763 8280098.591465381 0.0021547461918204076 0.09650073134068446
95238607.29767103 1656019718.2930763 8280098.591465381 0.0 0.09650073134068446
95238607.29767103 1656019718.2930763 8280098.591465381 0.0 0.09650073134068446
95238607.29767103 1656019718.2930763 8280098.591465381 0.0 0.09650073134068446
95238607.29767103 1656019718.2930763 8280098.591465381 6.40448931320997e-05 0.09656477623381655
95238607.29767103 1656019718.2930763 8280098.591465381 0.0 0.09656477623381655
95238607.29767103 1656019718.2930763 8280098.591465381 0.006904231476495146 0.1034690077103117
95238607.29767103 1656019718.2930763 8280098.591465381 7.049746529639386e-07 0.10346971268496466
95238607.29767103 1656019718.2930763 8280098.591465381 2.444243483518217e-06 0.10347215692844818
95238607.29767103 1656019718.2930763 8280098.591465381 0.0 0.10347215692844818
95238607.29767103 1656019718.2930763 8280098.591465381 2.1861978330830484e-07 0.10347237554823148
95238607.29767103 1656019718.2930763 8280098.591465381 0.0 0.10347237554823148
95238607.29767103 1656019718.2930763 8280098.591465381 0.0 0.10347237554823148
95238607.29767103 1656019718.2930763 8280098.591465381 0.0 0.10347237554823148
95238607.29767103 1656019718.2930763 8280098.591465381 0.0012595122682740247 0.1047318878165055
95238607.29767103 1656019718.2930763 8280098.591465381 1.0657276487010654e-06 0.1047329535441542
95238607.29767103 1656019718.2930763 8280098.591465381 1.9323441409854493e-08 0.10473297286759561
95238607.29767103 1656019718.2930763 8280098.591465381 0.005389636840278354 0.11012260970787396
95238607.29767103 1656019718.2930763 8280098.591465381 0.024410671784647852 0.1345332814925218
95238607.29767103 1656019718.2930763 8280098.591465381 0.003954827394819578 0.1384881088873414
95238607.29767103 1656019718.2930763 8280098.591465381 0.0 0.1384881088873414
95238607.29767103 1656019718.2930763 8280098.591465381 0.01706408589514889 0.15555219478249027
95238607.29767103 1656019718.2930763 8280098.591465381 0.000953125730807245 0.15650532051329752
95238607.29767103 1656019718.2930763 8280098.591465381 0.02845110305057945 0.18495642356387698
95238607.29767103 1656019718.2930763 8280098.591465381 0.004910805468104864 0.18986722903198183
95238607.29767103 1656019718.2930763 8280098.591465381 0.0 0.18986722903198183
95238607.29767103 1656019718.2930763 8280098.591465381 0.0017252722322214902 0.19159250126420332
95238607.29767103 1656019718.2930763 8280098.591465381 1.9325257727984078e-05 0.19161182652193132
95238607.29767103 1656019718.2930763 8280098.591465381 0.01780911249955406 0.20942093902148537
95238607.29767103 1656019718.2930763 8280098.591465381 0.0 0.20942093902148537
95238607.29767103 1656019718.2930763 8280098.591465381 0.007940086069315464 0.21736102509080082
95238607.29767103 1656019718.2930763 8280098.591465381 0.005322570098287251 0.22268359518908806
95238607.29767103 1656019718.2930763 8280098.591465381 0.0024883715925721832 0.22517196678166024
95238607.29767103 1656019718.2930763 8280098.591465381 7.917576373015276e-06 0.22517988435803327
95238607.29767103 1656019718.2930763 8280098.591465381 0.0010209107370377744 0.22620079509507104
95238607.29767103 1656019718.2930763 8280098.591465381 0.0011201219282050354 0.2273209170232761
95238607.29767103 1656019718.2930763 8280098.591465381 4.142778760139289e-05 0.22736234481087747
95238607.29767103 1656019718.2930763 8280098.591465381 0.006619239993512514 0.23398158480439
95238607.29767103 1656019718.2930763 8280098.591465381 0.0009398522266690873 0.23492143703105908
95238607.29767103 1656019718.2930763 8280098.591465381 0.01862213962933193 0.253543576660391
95238607.29767103 1656019718.2930763 8280098.591465381 0.006356629866328273 0.2599002065267193
95238607.29767103 1656019718.2930763 8280098.591465381 0.006105529271214689 0.266005735797934
95238607.29767103 1656019718.2930763 8280098.591465381 0.0156777932931824 0.28168352909111644
95238607.29767103 1656019718.2930763 8280098.591465381 0.05751055150227146 0.3391940805933879
95238607.29767103 1656019718.2930763 8280098.591465381 0.011952347436616056 0.35114642803000395
95238607.29767103 1656019718.2930763 8280098.591465381 0.005234582241497258 0.3563810102715012
95238607.29767103 1656019718.2930763 8280098.591465381 0.0 0.3563810102715012
95238607.29767103 1656019718.2930763 8280098.591465381 0.0008730584586326248 0.3572540687301338
95238607.29767103 1656019718.2930763 8280098.591465381 0.006097587549211532 0.36335165627934535
95238607.29767103 1656019718.2930763 8280098.591465381 0.003737054660024884 0.36708871093937023
95238607.29767103 1656019718.2930763 8280098.591465381 0.005833297504756091 0.3729220084441263
95238607.29767103 1656019718.2930763 8280098.591465381 0.009422671535625584 0.3823446799797519
95238607.29767103 1656019718.2930763 8280098.591465381 0.013904176308005667 0.3962488562877576
95238607.29767103 1656019718.2930763 8280098.591465381 0.0 0.3962488562877576
95238607.29767103 1656019718.2930763 8280098.591465381 0.007735350174927075 0.4039842064626846
95238607.29767103 1656019718.2930763 8280098.591465381 0.0033921296957440963 0.4073763361584287
95238607.29767103 1656019718.2930763 8280098.591465381 0.0031527424928833804 0.4105290786513121
95238607.29767103 1656019718.2930763 8280098.591465381 0.017603419168940725 0.4281324978202528
95238607.29767103 1656019718.2930763 8280098.591465381 0.013666305239222923 0.4417988030594757
95238607.29767103 1656019718.2930763 8280098.591465381 0.014458180085286224 0.45625698314476193
95238607.29767103 1656019718.2930763 8280098.591465381 1.1666302708950635e-05 0.45626864944747086
95238607.29767103 1656019718.2930763 8280098.591465381 0.015284220154000463 0.4715528696014713
95238607.29767103 1656019718.2930763 8280098.591465381 0.008510499543621892 0.4800633691450932
95238607.29767103 1656019718.2930763 8280098.591465381 0.007589422233639468 0.48765279137873263
95238607.29767103 1656019718.2930763 8280098.591465381 0.0003056844030800092 0.4879584757818126
95238607.29767103 1656019718.2930763 8280098.591465381 0.01501889440950054 0.5029773701913132
95238607.29767103 1656019718.2930763 8280098.591465381 0.018575462275185063 0.5215528324664982
95238607.29767103 1656019718.2930763 8280098.591465381 0.0032452254070452005 0.5247980578735434
95238607.29767103 1656019718.2930763 8280098.591465381 0.031311863175862036 0.5561099210494054
95238607.29767103 1656019718.2930763 8280098.591465381 0.003911605477818344 0.5600215265272237
95238607.29767103 1656019718.2930763 8280098.591465381 0.004107238405791582 0.5641287649330153
95238607.29767103 1656019718.2930763 8280098.591465381 0.004621809756255753 0.568750574689271
95238607.29767103 1656019718.2930763 8280098.591465381 0.015229559782214502 0.5839801344714856
95238607.29767103 1656019718.2930763 8280098.591465381 0.0010434027625130984 0.5850235372339987
95238607.29767103 1656019718.2930763 8280098.591465381 0.0029644826183559026 0.5879880198523546
95238607.29767103 1656019718.2930763 8280098.591465381 0.0036732054377364917 0.5916612252900911
95238607.29767103 1656019718.2930763 8280098.591465381 0.007527674595099519 0.5991888998851906
95238607.29767103 1656019718.2930763 8280098.591465381 0.009204779880895117 0.6083936797660857
95238607.29767103 1656019718.2930763 8280098.591465381 0.013111661919868555 0.6215053416859543
95238607.29767103 1656019718.2930763 8280098.591465381 8.051603804236182e-05 0.6215858577239967
95238607.29767103 1656019718.2930763 8280098.591465381 0.004725836838901568 0.6263116945628983
95238607.29767103 1656019718.2930763 8280098.591465381 0.0007654384239752663 0.6270771329868735
95238607.29767103 1656019718.2930763 8280098.591465381 0.0017976554985308863 0.6288747884854043
95238607.29767103 1656019718.2930763 8280098.591465381 0.006709753329240318 0.6355845418146446
95238607.29767103 1656019718.2930763 8280098.591465381 0.011896447268766461 0.6474809890834111
95238607.29767103 1656019718.2930763 8280098.591465381 0.018113115933989798 0.6655941050174009
95238607.29767103 1656019718.2930763 8280098.591465381 0.030514107234068985 0.6961082122514699
95238607.29767103 1656019718.2930763 8280098.591465381 0.02277977895079644 0.7188879912022663
95238607.29767103 1656019718.2930763 8280098.591465381 0.005014864906223216 0.7239028561084896
95238607.29767103 1656019718.2930763 8280098.591465381 0.008259321504611863 0.7321621776131014
95238607.29767103 1656019718.2930763 8280098.591465381 0.005530691654613635 0.737692869267715
95238607.29767103 1656019718.2930763 8280098.591465381 0.017235761639710672 0.7549286309074257
95238607.29767103 1656019718.2930763 8280098.591465381 0.0 0.7549286309074257
95238607.29767103 1656019718.2930763 8280098.591465381 0.004851724832421534 0.7597803557398473
95238607.29767103 1656019718.2930763 8280098.591465381 0.006057213122965627 0.7658375688628128
95238607.29767103 1656019718.2930763 8280098.591465381 0.008837106670315216 0.7746746755331281
95238607.29767103 1656019718.2930763 8280098.591465381 0.010469207501006257 0.7851438830341343
95238607.29767103 1656019718.2930763 8280098.591465381 0.006105055167220378 0.7912489382013547
95238607.29767103 1656019718.2930763 8280098.591465381 0.004046190074274147 0.7952951282756288
95238607.29767103 1656019718.2930763 8280098.591465381 0.000574949018094499 0.7958700772937233
95238607.29767103 1656019718.2930763 8280098.591465381 0.0020586684849693768 0.7979287457786927
95238607.29767103 1656019718.2930763 8280098.591465381 0.01811338966263081 0.8160421354413234
95238607.29767103 1656019718.2930763 8280098.591465381 0.012103961180850373 0.8281460966221738
95238607.29767103 1656019718.2930763 8280098.591465381 0.03931650170052789 0.8674625983227017
95238607.29767103 1656019718.2930763 8280098.591465381 0.004318542338714177 0.8717811406614159
95238607.29767103 1656019718.2930763 8280098.591465381 0.002982800707300288 0.8747639413687162
95238607.29767103 1656019718.2930763 8280098.591465381 0.007458555148492183 0.8822224965172083
95238607.29767103 1656019718.2930763 8280098.591465381 0.007041773483074947 0.8892642700002833
95238607.29767103 1656019718.2930763 8280098.591465381 0.031701877267069876 0.9209661472673532
95238607.29767103 1656019718.2930763 8280098.591465381 0.02544404502580391 0.946410192293157
95238607.29767103 1656019718.2930763 8280098.591465381 0.006561430395595935 0.952971622688753
95238607.29767103 1656019718.2930763 8280098.591465381 0.016418278012155417 0.9693899007009085
95238607.29767103 1656019718.2930763 8280098.591465381 0.0030853804983833875 0.9724752811992918
95238607.29767103 1656019718.2930763 8280098.591465381 0.027524718800707212 0.999999999999999
3801's generation extracting best parents:
0
0
0
9810410.796699597
0
0
0
0
0
0
0
0
0
0
0
0
0
0
0
0
0
0
0
0
12605481.669871088
0
0
0
0
2933199.663810154
0
0
0
2914962.1856895504
0
0
0
22409745.190881934
0
0
0
0
0
0
0
0
0
0
0
2251147.7004834665
0
0
0
0
0
0
0
29559089.02097627
0
0
0
0
0
10431772.880963236
0
0
6765567.638565148
0
6767912.651181012
2208877.3908933923
0
0
0
3953635.429309081
0
0
0
0
0
23321877.911933593
0
0
0
0
0
17504980.719783727
3568302.18157151
0
0
0
0
0
11433543.464735681
0
0
0
0
0
0
0
2085777.1516938237
0
0
8925344.881939745
40424553.81215728
6549272.148266859
0
28258462.71701332
1578395.0042292962
47115587.65894786
8132390.687883114
0
2857084.835982299
0
29492241.46456122
0
13148939.095730575
8814281.034760805
4120792.423739881
0
1690648.311151672
1854944.0
0
10961591.949370857
1556413.8196456623
30838630.42298059
10526704.400530301
10110876.86374708
25962734.832833
95238607.29767103
19793323.034925893
8668571.40894623
0
1445802.0227181867
10097725.21551265
6188636.205340236
9660055.690545887
15604129.861994868
23025590.13268081
0
12809892.417581033
5617433.663159717
5221003.734915347
29151609.253144156
22631670.952365138
23943031.311866257
0
25310969.953757204
14093555.05676208
12568232.869358841
0
24871585.289094545
30761331.804115634
5374157.264372527
51853062.8357224
6477695.8014503885
6801667.787721479
7653808.090558843
25220451.300270423
1727895.5488431586
4909241.670534463
6082900.634232981
12465977.562378652
15243296.985309707
21713170.67889478
0
7826078.990656816
0
2976952.952265118
11111483.818104582
19700751.254711073
29995677.146415614
50531963.26572764
37723763.12087647
8304715.169281605
13677599.271359283
9158934.435839139
28542761.135160275
0
8034551.990222231
10030864.369534662
14634422.898701267
17337214.056568142
10110091.73818398
6700570.546959714
0
3409195.6045378214
29996130.44644259
20044398.384942167
65108902.07037745
7151591.267194175
4939576.787027812
12351514.395879399
11661315.739725428
52498933.86117474
42135840.27586814
10865858.11531441
27188992.128547024
5109450.943759808
45581477.074443296
