0 0 50 0 1.0 0.0
1 28 457 3136 9769.544155179401 30637290.4706426
2 12 152 576 1873.9818569025688 1079413.5495758797
3 0 50 0 1.0 0.0
4 23 277 2116 4610.198802654827 9755180.666417614
5 2 69 16 82.8190799272728 1325.1052788363647
6 0 50 0 1.0 0.0
7 12 133 576 1533.830825091216 883486.5552525404
8 0 50 0 1.0 0.0
9 3 37 36 225.06221362103412 8102.239690357228
10 0 50 0 1.0 0.0
11 1 22 4 103.18914671611545 412.7565868644618
12 1 65 4 58.09475019311125 232.379000772445
13 4 44 64 291.8629815512752 18679.230819281613
14 12 159 576 2004.9137138540402 1154830.2991799272
15 0 50 0 1.0 0.0
16 10 139 400 1638.785831034672 655514.3324138687
17 20 318 1600 5670.7523310403885 9073203.729664622
18 10 143 400 1710.0312862634999 684012.5145054
19 21 352 1764 6604.1053898313885 11649641.907662569
20 20 313 1600 5537.535282054643 8860056.45128743
21 0 6 0 14.696938456699069 0.0
22 1 49 4 343.0 1372.0
23 0 50 0 1.0 0.0
24 0 14 0 52.38320341483518 0.0
25 29 344 3364 6380.249524901044 21463159.401767112
26 8 185 256 2516.272044116057 644165.6432937105
27 0 50 0 1.0 0.0
28 23 323 2116 5805.020844062491 12283424.10603623
29 2 67 16 70.09279563550022 1121.4847301680036
30 6 75 144 649.519052838329 93530.74360871938
31 20 288 1600 4887.522071561417 7820035.314498267
32 14 197 784 2765.0267629807854 2167780.9821769358
33 8 85 256 783.6612788698955 200617.28739069324
34 4 80 64 164.31676725154983 10516.27310409919
35 1 16 4 64.0 256.0
36 0 50 0 1.0 0.0
37 14 240 784 3718.06401235912 2914962.1856895504
38 0 50 0 1.0 0.0
39 6 73 144 623.7122734081797 89814.56737077788
40 2 31 16 172.60069524773067 2761.6111239636907
41 0 50 0 1.0 0.0
42 16 239 1024 3694.850335263933 3783526.7433102676
43 1 55 4 11.180339887498949 44.721359549995796
44 0 50 0 1.0 0.0
45 1 57 4 18.520259177452132 74.08103670980853
46 0 50 0 1.0 0.0
47 2 61 16 36.4828726939094 583.7259631025504
48 0 50 0 1.0 0.0
49 0 50 0 1.0 0.0
50 0 5 0 11.180339887498949 0.0
51 0 50 0 1.0 0.0
52 26 336 2704 6158.981734020649 16653886.608791836
53 8 107 256 1106.8166063083802 283345.0512149453
54 0 50 0 1.0 0.0
55 0 5 0 11.180339887498949 0.0
56 1 25 4 125.0 500.0
57 3 23 36 110.30412503619254 3970.9485013029316
58 2 65 16 58.09475019311125 929.51600308978
59 0 50 0 1.0 0.0
60 1 15 4 58.09475019311125 232.379000772445
61 2 26 16 132.5745073534124 2121.1921176545984
62 0 5 0 11.180339887498949 0.0
63 1 15 4 58.09475019311125 232.379000772445
64 11 286 484 4836.6988742323 2340962.2551284335
65 0 2 0 2.8284271247461903 0.0
66 4 52 64 374.9773326482549 23998.549289488314
67 2 23 16 110.30412503619254 1764.8660005790807
68 1 59 4 27.0 108.0
69 1 23 4 110.30412503619254 441.2165001447702
70 11 388 484 1621.132937176961 784628.3415936491
71 3 45 36 301.8691769624716 10867.290370648978
72 1 7 4 18.520259177452132 74.08103670980853
73 1 59 4 27.0 108.0
74 0 50 0 1.0 0.0
75 0 50 0 1.0 0.0
76 0 2 0 2.8284271247461903 0.0
77 25 265 2500 4313.8874579664225 10784718.644916056
78 1 19 4 82.8190799272728 331.2763197090912
79 10 176 400 2334.9038524102016 933961.5409640806
80 1 21 4 96.23408959407264 384.93635837629057
81 1 52 4 2.8284271247461903 11.313708498984761
82 1 57 4 18.520259177452132 74.08103670980853
83 21 267 1764 4362.815948444308 7696007.333055759
84 3 90 36 252.98221281347034 9107.359661284932
85 1 54 4 8.0 32.0
86 19 283 1444 4760.7968870767845 6874590.704938876
87 0 50 0 1.0 0.0
88 0 50 0 1.0 0.0
89 1 60 4 31.622776601683793 126.49110640673517
90 3 51 36 364.21284985568536 13111.662594804673
91 20 312 1600 5511.018780588576 8817630.048941722
92 11 105 484 1075.929830425758 520750.03792606684
93 17 284 1156 4786.053071164171 5532677.350265782
94 0 50 0 1.0 0.0
95 1 55 4 11.180339887498949 44.721359549995796
96 1 51 4 1.0 4.0
97 1 56 4 14.696938456699069 58.787753826796276
98 1 14 4 52.38320341483518 209.53281365934072
99 0 50 0 1.0 0.0
100 6 75 144 649.519052838329 93530.74360871938
101 22 309 1936 5431.724311855306 10515818.267751873
102 20 303 1600 5274.289241215351 8438862.78594456
103 23 360 2116 6830.519745963699 14453379.782459188
104 12 221 576 3285.4011931573896 1892391.0872586565
105 23 377 2116 7320.015915283245 15489153.676739346
106 23 253 2116 4024.2113513084773 8515231.219368737
107 28 517 3136 11755.356778932743 36864798.85873308
108 29 411 3364 8332.258457345164 28029717.45050913
109 11 159 484 2004.9137138540402 970378.2375053555
110 12 227 576 3420.0998523434955 1969977.5149498535
111 26 375 2704 7261.843774138907 19636025.565271605
112 16 204 1024 2913.702798845483 2983631.6660177745
113 29 488 3364 10780.272352774766 36264836.19473431
114 19 275 1444 4560.359086738675 6585158.521250647
115 16 232 1024 3533.7187211208534 3618527.970427754
116 17 253 1156 4024.2113513084773 4651988.322112599
117 14 218 784 3218.7314271308815 2523485.438870611
118 27 438 2916 9166.660896967882 26729983.175558344
119 21 374 1764 7232.8157725743295 12758687.022821117
120 27 515 2916 11687.209889447524 34079904.03762898
121 21 336 1764 6158.981734020649 10864443.778812425
122 24 333 2304 6076.6797677679215 14000670.18493729
123 17 277 1156 4610.198802654827 5329389.81586898
124 13 180 676 2414.953415699773 1632508.5090130465
125 14 168 784 2177.5288746650413 1707182.6377373924
126 26 461 2704 9898.089765202172 26764434.725106675
127 0 50 0 1.0 0.0
128 24 393 2304 7790.921447428411 17950283.014875058
129 4 51 64 364.21284985568536 23309.622390763863
130 35 602 4900 14770.484352247899 72375373.3260147
131 31 461 3844 9898.089765202172 38048257.05743715
132 11 152 484 1873.9818569025688 907007.2187408432
133 14 176 784 2334.9038524102016 1830564.6202895981
134 28 535 3136 12374.585851655804 38806701.2307926
135 11 222 484 3307.7255025167974 1600939.1432181299
136 14 197 784 2765.0267629807854 2167780.9821769358
137 32 421 4096 8638.197786575623 35382058.13381375
138 30 555 3600 13074.933078222619 47069759.081601426
139 33 633 4356 15925.957961767952 69373472.8814612
140 21 339 1764 6241.651944797947 11010274.03062358
141 0 50 0 1.0 0.0
142 15 212 900 3086.7665930549397 2778089.9337494457
143 23 360 2116 6830.519745963699 14453379.782459188
144 17 358 1156 6773.677878375971 7830371.627402622
145 20 427 1600 8823.518742542568 14117629.98806811
146 29 462 3364 9930.31359021456 33405574.91748178
147 23 399 2116 7970.018757819834 16864559.691546768
148 20 283 1600 4760.7968870767845 7617275.019322855
149 19 283 1444 4760.7968870767845 6874590.704938876
150 34 588 4624 14258.242247906997 65930112.15432195
151 16 214 1024 3130.5501114021476 3205683.314075799
152 18 266 1296 4338.328710459824 5622474.008755932
153 23 485 2116 10681.017039589442 22601032.055771258
154 27 507 2916 11415.94687268647 33288901.080753747
155 15 217 900 3196.609610196403 2876948.649176763
156 19 262 1444 4240.840482734525 6123773.657068654
157 28 584 3136 14112.99769715846 44258360.77828893
158 25 399 2500 7970.018757819834 19925046.894549586
159 26 378 2704 7349.159951994514 19872128.510193165
160 22 349 1936 6519.858050602023 12622445.185965516
161 26 477 2704 10417.837251560422 28169831.92821938
162 27 369 2916 7088.258530838163 20669361.875924084
163 28 477 3136 10417.837251560422 32670337.620893486
164 18 265 1296 4313.8874579664225 5590798.145524483
165 31 603 3844 14807.303164317262 56919273.363635555
166 30 467 3600 10091.955360583002 36331039.29809881
167 15 199 900 2807.240459953511 2526516.41395816
168 0 50 0 1.0 0.0
169 20 280 1600 4685.296148590823 7496473.837745316
170 18 258 1296 4144.093628285925 5370745.342258559
171 12 229 576 3465.3988226465362 1996069.721844405
172 24 354 2304 6660.47025366828 15345723.464451717
173 15 161 900 2042.8609840123727 1838574.8856111355
174 30 468 3600 10124.387981502881 36447796.73341037
175 20 336 1600 6158.981734020649 9854370.77443304
176 37 537 5476 12444.040862999445 68143567.76578496
177 31 454 3844 9673.503191708782 37184946.26892856
178 21 353 1764 6632.267862503745 11699320.509456607
179 25 384 2500 7524.832489829923 18812081.224574808
180 21 335 1764 6131.506747937247 10815977.903361304
181 20 341 1600 6296.969191603212 10075150.706565138
182 30 470 3600 10189.357192679036 36681685.89364453
183 30 547 3600 12793.25302649799 46055710.89539277
184 25 335 2500 6131.506747937247 15328766.869843118
185 19 258 1444 4144.093628285925 5984071.199244875
186 25 420 2500 8607.438643406063 21518596.60851516
187 33 548 4356 12828.351102148708 55880297.400959775
188 15 228 900 3442.724502483462 3098452.052235116
189 27 399 2916 7970.018757819834 23240574.697802637
190 19 285 1444 4811.353759598228 6947594.828859841
191 25 338 2500 6214.054393067379 15535135.982668448
192 11 214 484 3130.5501114021476 1515186.2539186394
193 20 250 1600 3952.847075210474 6324555.320336758
194 31 570 3844 13608.563480397186 52311318.018646784
195 23 411 2116 8332.258457345164 17631058.895742368
196 26 387 2704 7613.186126714622 20586055.286636338
197 32 580 4096 13968.249711399063 57213950.81789056
198 18 291 1296 4964.088133786507 6433458.221387313
199 25 407 2500 8210.91608774563 20527290.219364077
3701's generation fitness ratios and roulette cutoffs:
72375373.3260147 2032181104.2948034 10160905.521474017 0.0 0.0
72375373.3260147 2032181104.2948034 10160905.521474017 0.015076063056532646 0.015076063056532646
72375373.3260147 2032181104.2948034 10160905.521474017 0.0005311601152548125 0.015607223171787457
72375373.3260147 2032181104.2948034 10160905.521474017 0.0 0.015607223171787457
72375373.3260147 2032181104.2948034 10160905.521474017 0.00480035005039711 0.020407573222184568
72375373.3260147 2032181104.2948034 10160905.521474017 6.520606239453228e-07 0.02040822528280851
72375373.3260147 2032181104.2948034 10160905.521474017 0.0 0.02040822528280851
72375373.3260147 2032181104.2948034 10160905.521474017 0.00043474794317562715 0.02084297322598414
72375373.3260147 2032181104.2948034 10160905.521474017 0.0 0.02084297322598414
72375373.3260147 2032181104.2948034 10160905.521474017 3.986967339295689e-06 0.020846960193323435
72375373.3260147 2032181104.2948034 10160905.521474017 0.0 0.020846960193323435
72375373.3260147 2032181104.2948034 10160905.521474017 2.0311013914662609e-07 0.02084716330346258
72375373.3260147 2032181104.2948034 10160905.521474017 1.1434955294158388e-07 0.02084727765301552
72375373.3260147 2032181104.2948034 10160905.521474017 9.191715629972645e-06 0.020856469368645495
72375373.3260147 2032181104.2948034 10160905.521474017 0.0005682713498020986 0.021424740718447594
72375373.3260147 2032181104.2948034 10160905.521474017 0.0 0.021424740718447594
72375373.3260147 2032181104.2948034 10160905.521474017 0.0003225668868923677 0.021747307605339963
72375373.3260147 2032181104.2948034 10160905.521474017 0.00446476138887885 0.026212068994218813
72375373.3260147 2032181104.2948034 10160905.521474017 0.0003365903329480875 0.0265486593271669
72375373.3260147 2032181104.2948034 10160905.521474017 0.005732580567274374 0.032281239894441274
72375373.3260147 2032181104.2948034 10160905.521474017 0.004359875422797024 0.0366411153172383
72375373.3260147 2032181104.2948034 10160905.521474017 0.0 0.0366411153172383
72375373.3260147 2032181104.2948034 10160905.521474017 6.751366780748136e-07 0.03664179045391638
72375373.3260147 2032181104.2948034 10160905.521474017 0.0 0.03664179045391638
72375373.3260147 2032181104.2948034 10160905.521474017 0.0 0.03664179045391638
72375373.3260147 2032181104.2948034 10160905.521474017 0.010561637127914908 0.047203427581831284
72375373.3260147 2032181104.2948034 10160905.521474017 0.00031698239981285795 0.04752040998164414
72375373.3260147 2032181104.2948034 10160905.521474017 0.0 0.04752040998164414
72375373.3260147 2032181104.2948034 10160905.521474017 0.006044453459426668 0.05356486344107081
72375373.3260147 2032181104.2948034 10160905.521474017 5.518625912807979e-07 0.05356541530366209
72375373.3260147 2032181104.2948034 10160905.521474017 4.602480724333667e-05 0.05361144011090542
72375373.3260147 2032181104.2948034 10160905.521474017 0.003848099609809104 0.05745953972071453
72375373.3260147 2032181104.2948034 10160905.521474017 0.0010667262763124586 0.05852626599702698
72375373.3260147 2032181104.2948034 10160905.521474017 9.872018146744375e-05 0.058624986178494425
72375373.3260147 2032181104.2948034 10160905.521474017 5.174870035881222e-06 0.058630161048530305
72375373.3260147 2032181104.2948034 10160905.521474017 1.259730244804317e-07 0.05863028702155478
72375373.3260147 2032181104.2948034 10160905.521474017 0.0 0.05863028702155478
72375373.3260147 2032181104.2948034 10160905.521474017 0.0014344007920992282 0.06006468781365401
72375373.3260147 2032181104.2948034 10160905.521474017 0.0 0.06006468781365401
72375373.3260147 2032181104.2948034 10160905.521474017 4.419614333632181e-05 0.060108883956990336
72375373.3260147 2032181104.2948034 10160905.521474017 1.3589394754863692e-06 0.06011024289646582
72375373.3260147 2032181104.2948034 10160905.521474017 0.0 0.06011024289646582
72375373.3260147 2032181104.2948034 10160905.521474017 0.001861805886942939 0.061972048783408756
72375373.3260147 2032181104.2948034 10160905.521474017 2.200658172417894e-08 0.06197207078999048
72375373.3260147 2032181104.2948034 10160905.521474017 0.0 0.06197207078999048
72375373.3260147 2032181104.2948034 10160905.521474017 3.645395410539246e-08 0.061972107243944585
72375373.3260147 2032181104.2948034 10160905.521474017 0.0 0.061972107243944585
72375373.3260147 2032181104.2948034 10160905.521474017 2.8724111343664515e-07 0.06197239448505802
72375373.3260147 2032181104.2948034 10160905.521474017 0.0 0.06197239448505802
72375373.3260147 2032181104.2948034 10160905.521474017 0.0 0.06197239448505802
72375373.3260147 2032181104.2948034 10160905.521474017 0.0 0.06197239448505802
72375373.3260147 2032181104.2948034 10160905.521474017 0.0 0.06197239448505802
72375373.3260147 2032181104.2948034 10160905.521474017 0.008195079943217451 0.07016747442827548
72375373.3260147 2032181104.2948034 10160905.521474017 0.00013942903544183393 0.07030690346371732
72375373.3260147 2032181104.2948034 10160905.521474017 0.0 0.07030690346371732
72375373.3260147 2032181104.2948034 10160905.521474017 0.0 0.07030690346371732
72375373.3260147 2032181104.2948034 10160905.521474017 2.460410634383432e-07 0.07030714950478076
72375373.3260147 2032181104.2948034 10160905.521474017 1.9540327842389367e-06 0.07030910353756499
72375373.3260147 2032181104.2948034 10160905.521474017 4.573982117663355e-07 0.07030956093577675
72375373.3260147 2032181104.2948034 10160905.521474017 0.0 0.07030956093577675
72375373.3260147 2032181104.2948034 10160905.521474017 1.1434955294158388e-07 0.07030967528532969
72375373.3260147 2032181104.2948034 10160905.521474017 1.043800728769537e-06 0.07031071908605846
72375373.3260147 2032181104.2948034 10160905.521474017 0.0 0.07031071908605846
72375373.3260147 2032181104.2948034 10160905.521474017 1.1434955294158388e-07 0.0703108334356114
72375373.3260147 2032181104.2948034 10160905.521474017 0.0011519456854416437 0.07146277912105305
72375373.3260147 2032181104.2948034 10160905.521474017 0.0 0.07146277912105305
72375373.3260147 2032181104.2948034 10160905.521474017 1.18092571763264e-05 0.07147458837822937
72375373.3260147 2032181104.2948034 10160905.521474017 8.684590152173051e-07 0.07147545683724459
72375373.3260147 2032181104.2948034 10160905.521474017 5.314486970268213e-08 0.07147550998211429
72375373.3260147 2032181104.2948034 10160905.521474017 2.171147538043263e-07 0.07147572709686809
72375373.3260147 2032181104.2948034 10160905.521474017 0.00038610158313913005 0.07186182868000722
72375373.3260147 2032181104.2948034 10160905.521474017 5.347599358975482e-06 0.0718671762793662
72375373.3260147 2032181104.2948034 10160905.521474017 3.645395410539246e-08 0.07186721273332031
72375373.3260147 2032181104.2948034 10160905.521474017 5.314486970268213e-08 0.07186726587819
72375373.3260147 2032181104.2948034 10160905.521474017 0.0 0.07186726587819
72375373.3260147 2032181104.2948034 10160905.521474017 0.0 0.07186726587819
72375373.3260147 2032181104.2948034 10160905.521474017 0.0 0.07186726587819
72375373.3260147 2032181104.2948034 10160905.521474017 0.0053069672885569475 0.07717423316674696
72375373.3260147 2032181104.2948034 10160905.521474017 1.630151559863307e-07 0.07717439618190294
72375373.3260147 2032181104.2948034 10160905.521474017 0.0004595857814986322 0.07763398196340157
72375373.3260147 2032181104.2948034 10160905.521474017 1.894203019419714e-07 0.07763417138370352
72375373.3260147 2032181104.2948034 10160905.521474017 5.567273741043264e-09 0.07763417695097725
72375373.3260147 2032181104.2948034 10160905.521474017 3.645395410539246e-08 0.07763421340493136
72375373.3260147 2032181104.2948034 10160905.521474017 0.0037870676569086523 0.08142128106184002
72375373.3260147 2032181104.2948034 10160905.521474017 4.481568912356027e-06 0.08142576263075238
72375373.3260147 2032181104.2948034 10160905.521474017 1.5746628060053963e-08 0.08142577837738044
72375373.3260147 2032181104.2948034 10160905.521474017 0.003382863215493021 0.08480864159287346
72375373.3260147 2032181104.2948034 10160905.521474017 0.0 0.08480864159287346
72375373.3260147 2032181104.2948034 10160905.521474017 0.0 0.08480864159287346
72375373.3260147 2032181104.2948034 10160905.521474017 6.224401267161149e-08 0.08480870383688613
72375373.3260147 2032181104.2948034 10160905.521474017 6.452014816540976e-06 0.08481515585170267
72375373.3260147 2032181104.2948034 10160905.521474017 0.004338998148495023 0.08915415400019769
72375373.3260147 2032181104.2948034 10160905.521474017 0.00025625178623377403 0.08941040578643146
72375373.3260147 2032181104.2948034 10160905.521474017 0.0027225316378412553 0.09213293742427271
72375373.3260147 2032181104.2948034 10160905.521474017 0.0 0.09213293742427271
72375373.3260147 2032181104.2948034 10160905.521474017 2.200658172417894e-08 0.09213295943085444
72375373.3260147 2032181104.2948034 10160905.521474017 1.9683285075067454e-09 0.09213296139918295
72375373.3260147 2032181104.2948034 10160905.521474017 2.8928402937392968e-08 0.09213299032758589
72375373.3260147 2032181104.2948034 10160905.521474017 1.0310735259594478e-07 0.09213309343493849
72375373.3260147 2032181104.2948034 10160905.521474017 0.0 0.09213309343493849
72375373.3260147 2032181104.2948034 10160905.521474017 4.602480724333667e-05 0.09217911824218182
72375373.3260147 2032181104.2948034 10160905.521474017 0.005174646219044053 0.09735376446122587
72375373.3260147 2032181104.2948034 10160905.521474017 0.004152613548128118 0.10150637800935398
72375373.3260147 2032181104.2948034 10160905.521474017 0.007112249863909016 0.108618627873263
72375373.3260147 2032181104.2948034 10160905.521474017 0.0009312118311007246 0.10954983970436373
72375373.3260147 2032181104.2948034 10160905.521474017 0.007621935684769743 0.11717177538913347
72375373.3260147 2032181104.2948034 10160905.521474017 0.004190193089273727 0.12136196847840719
72375373.3260147 2032181104.2948034 10160905.521474017 0.018140508629286612 0.1395024771076938
72375373.3260147 2032181104.2948034 10160905.521474017 0.013792922978799103 0.15329540008649292
72375373.3260147 2032181104.2948034 10160905.521474017 0.0004775057869864856 0.15377290587347942
72375373.3260147 2032181104.2948034 10160905.521474017 0.0009693907254557731 0.15474229659893518
72375373.3260147 2032181104.2948034 10160905.521474017 0.009662537223563838 0.164404833822499
72375373.3260147 2032181104.2948034 10160905.521474017 0.0014681918160306575 0.16587302563852968
72375373.3260147 2032181104.2948034 10160905.521474017 0.017845277725539496 0.1837183033640692
72375373.3260147 2032181104.2948034 10160905.521474017 0.003240438810957153 0.18695874217502634
72375373.3260147 2032181104.2948034 10160905.521474017 0.0017806129398508683 0.18873935511487722
72375373.3260147 2032181104.2948034 10160905.521474017 0.0022891603077506754 0.1910285154226279
72375373.3260147 2032181104.2948034 10160905.521474017 0.0012417620819017985 0.19227027750452969
72375373.3260147 2032181104.2948034 10160905.521474017 0.013153346972406792 0.2054236244769365
72375373.3260147 2032181104.2948034 10160905.521474017 0.006278321846343793 0.2117019463232803
72375373.3260147 2032181104.2948034 10160905.521474017 0.016770111662589838 0.22847205798587014
72375373.3260147 2032181104.2948034 10160905.521474017 0.005346198602010201 0.23381825658788033
72375373.3260147 2032181104.2948034 10160905.521474017 0.006889479562302952 0.2407077361501833
72375373.3260147 2032181104.2948034 10160905.521474017 0.0026224974755477597 0.24333023362573106
72375373.3260147 2032181104.2948034 10160905.521474017 0.000803328259259428 0.2441335618849905
72375373.3260147 2032181104.2948034 10160905.521474017 0.0008400740633447676 0.24497363594833527
72375373.3260147 2032181104.2948034 10160905.521474017 0.013170299964182734 0.258143935912518
72375373.3260147 2032181104.2948034 10160905.521474017 0.0 0.258143935912518
72375373.3260147 2032181104.2948034 10160905.521474017 0.008833013443998176 0.26697694935651617
72375373.3260147 2032181104.2948034 10160905.521474017 1.1470248562739512e-05 0.2669884196050789
72375373.3260147 2032181104.2948034 10160905.521474017 0.035614627639759505 0.30260304724483844
72375373.3260147 2032181104.2948034 10160905.521474017 0.018722867256774564 0.321325914501613
72375373.3260147 2032181104.2948034 10160905.521474017 0.000446322041290502 0.32177223654290354
72375373.3260147 2032181104.2948034 10160905.521474017 0.0009007881317373192 0.3226730246746409
72375373.3260147 2032181104.2948034 10160905.521474017 0.019096084078716543 0.3417691087533574
72375373.3260147 2032181104.2948034 10160905.521474017 0.0007877935385949173 0.34255690229195235
72375373.3260147 2032181104.2948034 10160905.521474017 0.0010667262763124586 0.3436236285682648
72375373.3260147 2032181104.2948034 10160905.521474017 0.017410878419761633 0.3610345069880264
72375373.3260147 2032181104.2948034 10160905.521474017 0.023162187160447652 0.38419669414847407
72375373.3260147 2032181104.2948034 10160905.521474017 0.03413744608433155 0.41833414023280563
72375373.3260147 2032181104.2948034 10160905.521474017 0.005417959062484397 0.42375209929529
72375373.3260147 2032181104.2948034 10160905.521474017 0.0 0.42375209929529
72375373.3260147 2032181104.2948034 10160905.521474017 0.00136704840325414 0.42511914769854414
72375373.3260147 2032181104.2948034 10160905.521474017 0.007112249863909016 0.43223139756245316
72375373.3260147 2032181104.2948034 10160905.521474017 0.003853185924647142 0.4360845834871003
72375373.3260147 2032181104.2948034 10160905.521474017 0.006947033390986643 0.4430316168780869
72375373.3260147 2032181104.2948034 10160905.521474017 0.01643828635493292 0.45946990323301984
72375373.3260147 2032181104.2948034 10160905.521474017 0.008298748401855167 0.467768651634875
72375373.3260147 2032181104.2948034 10160905.521474017 0.0037483248925130426 0.47151697652738805
72375373.3260147 2032181104.2948034 10160905.521474017 0.003382863215493021 0.4748998397428811
72375373.3260147 2032181104.2948034 10160905.521474017 0.032443029814117216 0.5073428695569983
72375373.3260147 2032181104.2948034 10160905.521474017 0.0015774594632835238 0.5089203290202817
72375373.3260147 2032181104.2948034 10160905.521474017 0.0027667189685375076 0.5116870479888193
72375373.3260147 2032181104.2948034 10160905.521474017 0.011121563923612087 0.5228086119124313
72375373.3260147 2032181104.2948034 10160905.521474017 0.016380873245204926 0.5391894851576362
72375373.3260147 2032181104.2948034 10160905.521474017 0.0014156950102019112 0.5406051801678381
72375373.3260147 2032181104.2948034 10160905.521474017 0.003013399565681767 0.5436185797335199
72375373.3260147 2032181104.2948034 10160905.521474017 0.021778748303856132 0.5653973280373761
72375373.3260147 2032181104.2948034 10160905.521474017 0.009804759453987675 0.5752020874913637
72375373.3260147 2032181104.2948034 10160905.521474017 0.00977871926286269 0.5849808067542264
72375373.3260147 2032181104.2948034 10160905.521474017 0.006211279673494301 0.5911920864277207
72375373.3260147 2032181104.2948034 10160905.521474017 0.013861870808996979 0.6050539572367177
72375373.3260147 2032181104.2948034 10160905.521474017 0.01017102355308862 0.6152249807898064
72375373.3260147 2032181104.2948034 10160905.521474017 0.01607648922226869 0.631301470012075
72375373.3260147 2032181104.2948034 10160905.521474017 0.0027511318423879215 0.634052601854463
72375373.3260147 2032181104.2948034 10160905.521474017 0.028008957097053304 0.6620615589515163
72375373.3260147 2032181104.2948034 10160905.521474017 0.017877855089448936 0.6799394140409653
72375373.3260147 2032181104.2948034 10160905.521474017 0.00124325357056939 0.6811826676115347
72375373.3260147 2032181104.2948034 10160905.521474017 0.0 0.6811826676115347
72375373.3260147 2032181104.2948034 10160905.521474017 0.0036888807901531507 0.6848715484016878
72375373.3260147 2032181104.2948034 10160905.521474017 0.002642847790931648 0.6875143961926194
72375373.3260147 2032181104.2948034 10160905.521474017 0.0009822302341193506 0.6884966264267388
72375373.3260147 2032181104.2948034 10160905.521474017 0.0075513562408488725 0.6960479826675877
72375373.3260147 2032181104.2948034 10160905.521474017 0.0009047298401335879 0.6969527125077213
72375373.3260147 2032181104.2948034 10160905.521474017 0.01793530933654572 0.714888021844267
72375373.3260147 2032181104.2948034 10160905.521474017 0.004849159729714469 0.7197371815739815
72375373.3260147 2032181104.2948034 10160905.521474017 0.03353223175915307 0.7532694133331346
72375373.3260147 2032181104.2948034 10160905.521474017 0.018298047447809666 0.7715674607809443
72375373.3260147 2032181104.2948034 10160905.521474017 0.005757026519305444 0.7773244873002497
72375373.3260147 2032181104.2948034 10160905.521474017 0.00925708893996575 0.7865815762402155
72375373.3260147 2032181104.2948034 10160905.521474017 0.005322349410937273 0.7919039256511528
72375373.3260147 2032181104.2948034 10160905.521474017 0.004957801588289722 0.7968617272394425
72375373.3260147 2032181104.2948034 10160905.521474017 0.018050402011967143 0.8149121292514097
72375373.3260147 2032181104.2948034 10160905.521474017 0.022663192172222648 0.8375753214236323
72375373.3260147 2032181104.2948034 10160905.521474017 0.007543012203709287 0.8451183336273416
72375373.3260147 2032181104.2948034 10160905.521474017 0.002944654483105941 0.8480629881104476
72375373.3260147 2032181104.2948034 10160905.521474017 0.01058891678651959 0.8586519048969672
72375373.3260147 2032181104.2948034 10160905.521474017 0.027497695595566054 0.8861496004925332
72375373.3260147 2032181104.2948034 10160905.521474017 0.0015246928758892895 0.8876742933684225
72375373.3260147 2032181104.2948034 10160905.521474017 0.011436271427131224 0.8991105647955537
72375373.3260147 2032181104.2948034 10160905.521474017 0.0034187872400628185 0.9025293520356166
72375373.3260147 2032181104.2948034 10160905.521474017 0.007644562755670031 0.9101739147912866
72375373.3260147 2032181104.2948034 10160905.521474017 0.000745596074442603 0.9109195108657292
72375373.3260147 2032181104.2948034 10160905.521474017 0.003112200633580574 0.9140317114993097
72375373.3260147 2032181104.2948034 10160905.521474017 0.025741464630338436 0.9397731761296482
72375373.3260147 2032181104.2948034 10160905.521474017 0.008675928960505026 0.9484491050901532
72375373.3260147 2032181104.2948034 10160905.521474017 0.010130029869449062 0.9585791349596023
72375373.3260147 2032181104.2948034 10160905.521474017 0.028153962605485715 0.9867330975650881
72375373.3260147 2032181104.2948034 10160905.521474017 0.0031657898047525723 0.9898988873698407
72375373.3260147 2032181104.2948034 10160905.521474017 0.010101112630159677 1.0000000000000004
3701's generation extracting best parents:
0
30637290.4706426
0
0
9755180.666417614
0
0
0
0
0
0
0
0
0
0
0
0
9073203.729664622
0
11649641.907662569
8860056.45128743
0
0
0
0
21463159.401767112
0
0
12283424.10603623
0
0
7820035.314498267
0
0
0
0
0
2914962.1856895504
0
0
0
0
3783526.7433102676
0
0
0
0
0
0
0
0
0
16653886.608791836
0
0
0
0
0
0
0
0
0
0
0
2340962.2551284335
0
0
0
0
0
0
0
0
0
0
0
0
10784718.644916056
0
0
0
0
0
7696007.333055759
0
0
6874590.704938876
0
0
0
0
8817630.048941722
0
5532677.350265782
0
0
0
0
0
0
0
10515818.267751873
8438862.78594456
14453379.782459188
0
15489153.676739346
8515231.219368737
36864798.85873308
28029717.45050913
0
0
19636025.565271605
2983631.6660177745
36264836.19473431
6585158.521250647
3618527.970427754
4651988.322112599
2523485.438870611
26729983.175558344
12758687.022821117
34079904.03762898
10864443.778812425
14000670.18493729
5329389.81586898
0
0
26764434.725106675
0
17950283.014875058
0
72375373.3260147
38048257.05743715
0
0
38806701.2307926
0
0
35382058.13381375
47069759.081601426
69373472.8814612
11010274.03062358
0
2778089.9337494457
14453379.782459188
7830371.627402622
14117629.98806811
33405574.91748178
16864559.691546768
7617275.019322855
6874590.704938876
65930112.15432195
3205683.314075799
5622474.008755932
22601032.055771258
33288901.080753747
2876948.649176763
6123773.657068654
44258360.77828893
19925046.894549586
19872128.510193165
12622445.185965516
28169831.92821938
20669361.875924084
32670337.620893486
5590798.145524483
56919273.363635555
36331039.29809881
2526516.41395816
0
7496473.837745316
5370745.342258559
0
15345723.464451717
0
36447796.73341037
9854370.77443304
68143567.76578496
37184946.26892856
11699320.509456607
18812081.224574808
10815977.903361304
10075150.706565138
36681685.89364453
46055710.89539277
15328766.869843118
5984071.199244875
21518596.60851516
55880297.400959775
3098452.052235116
23240574.697802637
6947594.828859841
15535135.982668448
0
6324555.320336758
52311318.018646784
17631058.895742368
20586055.286636338
57213950.81789056
6433458.221387313
20527290.219364077
