0 6 48 144 332.55375505322445 47887.74072766432
1 2 65 16 58.09475019311125 929.51600308978
2 0 50 0 1.0 0.0
3 1 20 4 89.44271909999159 357.77087639996637
4 0 13 0 46.87216658103186 0.0
5 1 53 4 5.196152422706632 20.784609690826528
6 1 35 4 207.06279240848656 828.2511696339462
7 0 50 0 1.0 0.0
8 0 5 0 11.180339887498949 0.0
9 2 6 16 14.696938456699069 235.1510153071851
10 0 50 0 1.0 0.0
11 1 6 4 14.696938456699069 58.787753826796276
12 0 50 0 1.0 0.0
13 0 50 0 1.0 0.0
14 1 51 4 1.0 4.0
15 0 50 0 1.0 0.0
16 2 93 16 281.96985654498604 4511.517704719777
17 3 20 36 89.44271909999159 3219.937887599697
18 0 9 0 27.0 0.0
19 5 19 100 82.8190799272728 8281.90799272728
20 0 50 0 1.0 0.0
21 4 55 64 407.8909167902615 26105.018674576735
22 3 43 36 281.96985654498604 10150.914835619498
23 0 50 0 1.0 0.0
24 2 24 16 117.57550765359255 1881.2081224574808
25 0 50 0 1.0 0.0
26 0 50 0 1.0 0.0
27 7 85 196 783.6612788698955 153597.6106584995
28 17 235 1156 3602.4817834376345 4164468.9416539054
29 0 7 0 18.520259177452132 0.0
30 0 2 0 2.8284271247461903 0.0
31 2 62 16 41.569219381653056 665.1075101064489
32 0 50 0 1.0 0.0
33 10 167 400 2158.1156132144542 863246.2452857817
34 1 50 4 1.0 4.0
35 12 167 576 2158.1156132144542 1243074.5932115256
36 3 72 36 103.18914671611545 3714.809281780156
37 0 50 0 1.0 0.0
38 1 14 4 52.38320341483518 209.53281365934072
39 0 2 0 2.8284271247461903 0.0
40 6 96 144 940.6040612287404 135446.9848169386
41 1 9 4 27.0 108.0
42 0 50 0 1.0 0.0
43 15 249 900 3929.1537256768156 3536238.353109134
44 0 50 0 1.0 0.0
45 16 248 1024 3905.507905509858 3999240.0952420947
46 21 267 1764 4362.815948444308 7696007.333055759
47 0 2 0 2.8284271247461903 0.0
48 11 185 484 2516.272044116057 1217875.6693521715
49 0 50 0 1.0 0.0
50 0 5 0 11.180339887498949 0.0
51 2 9 16 27.0 432.0
52 2 79 16 156.16977940690063 2498.71647051041
53 0 2 0 2.8284271247461903 0.0
54 6 59 144 453.18759912424787 65259.01427389169
55 1 5 4 11.180339887498949 44.721359549995796
56 2 64 16 52.38320341483518 838.1312546373629
57 0 50 0 1.0 0.0
58 0 50 0 1.0 0.0
59 0 6 0 14.696938456699069 0.0
60 2 18 16 76.36753236814714 1221.8805178903542
61 2 14 16 52.38320341483518 838.1312546373629
62 0 2 0 2.8284271247461903 0.0
63 1 12 4 41.569219381653056 166.27687752661222
64 0 50 0 1.0 0.0
65 0 2 0 2.8284271247461903 0.0
66 0 2 0 2.8284271247461903 0.0
67 0 6 0 14.696938456699069 0.0
68 0 50 0 1.0 0.0
69 0 50 0 1.0 0.0
70 0 6 0 14.696938456699069 0.0
71 1 10 4 31.622776601683793 126.49110640673517
72 10 119 400 1298.13674164165 519254.69665665994
73 9 137 324 1603.5438877685885 519548.2196370227
74 1 62 4 41.569219381653056 166.27687752661222
75 0 50 0 1.0 0.0
76 6 78 144 688.877347573572 99198.33805059438
77 0 2 0 2.8284271247461903 0.0
78 1 51 4 1.0 4.0
79 0 2 0 2.8284271247461903 0.0
80 0 50 0 1.0 0.0
81 0 50 0 1.0 0.0
82 0 5 0 11.180339887498949 0.0
83 7 105 196 1075.929830425758 210882.24676344855
84 0 7 0 18.520259177452132 0.0
85 4 32 64 181.01933598375618 11585.237502960395
86 0 7 0 18.520259177452132 0.0
87 5 53 100 385.84582413186746 38584.58241318675
88 0 50 0 1.0 0.0
89 1 13 4 46.87216658103186 187.48866632412745
90 0 2 0 2.8284271247461903 0.0
91 25 257 2500 4120.023422263519 10300058.555658797
92 0 50 0 1.0 0.0
93 3 35 36 207.06279240848656 7454.260526705516
94 0 5 0 11.180339887498949 0.0
95 2 11 16 36.4828726939094 583.7259631025504
96 1 10 4 31.622776601683793 126.49110640673517
97 2 23 16 110.30412503619254 1764.8660005790807
98 1 8 4 22.627416997969522 90.50966799187809
99 0 50 0 1.0 0.0
100 3 53 36 385.84582413186746 13890.44966874723
101 0 50 0 1.0 0.0
102 18 218 1296 3218.7314271308815 4171475.9295616224
103 18 311 1296 5484.544739538552 7107969.982441963
104 2 30 16 164.31676725154983 2629.0682760247973
105 24 229 2304 3465.3988226465362 7984278.88737762
106 1 17 4 70.09279563550022 280.3711825420009
107 7 89 196 839.6243207530378 164566.3668675954
108 0 50 0 1.0 0.0
109 9 112 324 1185.2965873569365 384036.0943036474
110 11 158 484 1986.0292042162926 961238.1348406856
111 5 100 100 1000.0 100000.0
112 23 322 2116 5778.083419266288 12226424.515167465
113 5 65 100 524.0467536394058 52404.67536394058
114 7 95 196 925.9454627568516 181485.3107003429
115 12 134 576 1551.1621449738902 893469.3955049608
116 5 80 100 715.5417527999327 71554.17527999327
117 17 158 1156 1986.0292042162926 2295849.7600740343
118 11 146 484 1764.1247121448075 853836.3606780869
119 0 6 0 14.696938456699069 0.0
120 13 167 676 2158.1156132144542 1458886.154532971
121 27 335 2916 6131.506747937247 17879473.676985014
122 20 293 1600 5015.352131206741 8024563.409930786
123 17 274 1156 4535.5070278856365 5243046.124235796
124 0 50 0 1.0 0.0
125 13 144 676 1728.0 1168128.0
126 23 343 2116 6352.448897866082 13441781.86788463
127 13 215 676 3152.518834202264 2131102.7319207303
128 6 96 144 940.6040612287404 135446.9848169386
129 20 245 1600 3834.8565814121393 6135770.530259423
130 14 201 784 2849.6668226303227 2234138.788942173
131 18 236 1296 3625.500792993983 4698649.027720202
132 0 50 0 1.0 0.0
133 17 259 1156 4168.21052731265 4818451.369573424
134 19 279 1444 4660.218771688728 6729355.906318524
135 9 102 324 1030.1495037129318 333768.4392029899
136 13 173 676 2275.4597337681016 1538210.7800272368
137 12 127 576 1431.21731403725 824381.172885456
138 1 26 4 132.5745073534124 530.2980294136496
139 1 30 4 164.31676725154983 657.2670690061993
140 10 175 400 2315.032397181517 926012.9588726067
141 11 142 484 1692.125290869444 818988.6407808108
142 11 118 484 1281.8080979616254 620395.1194134267
143 5 92 100 882.4330002895404 88243.30002895404
144 11 138 484 1621.132937176961 784628.3415936491
145 0 50 0 1.0 0.0
146 10 118 400 1281.8080979616254 512723.2391846502
147 17 199 1156 2807.240459953511 3245169.971706259
148 24 354 2304 6660.47025366828 15345723.464451717
149 10 141 400 1674.2822342723464 669712.8937089385
150 22 316 1936 5617.338871743452 10875168.055695323
151 14 175 784 2315.032397181517 1814985.3993903094
152 20 299 1600 5170.1933232713845 8272309.317234215
153 13 222 676 3307.7255025167974 2236022.439701355
154 8 111 256 1169.4575665666541 299381.13704106346
155 10 179 400 2394.8567806864776 957942.712274591
156 13 172 676 2255.7588523598884 1524892.9841952845
157 18 196 1296 2744.0 3556224.0
158 15 216 900 3174.538706646999 2857084.835982299
159 11 129 484 1465.1583532164707 709136.6429567718
160 9 91 324 868.0846732894205 281259.43414577225
161 17 203 1156 2892.3047903013266 3343504.3375883335
162 12 151 576 1855.5190648441207 1068778.9813502135
163 8 170 256 2216.5288177689004 567431.3773488385
164 11 145 484 1746.0312139248829 845079.1075396433
165 6 120 144 1314.5341380123987 189292.91587378542
166 4 29 64 156.16977940690063 9994.86588204164
167 10 178 400 2374.8162034144875 949926.481365795
168 17 297 1156 5118.405318065384 5916876.547683584
169 11 136 484 1586.0189153979218 767633.1550525941
170 13 171 676 2236.1151580363658 1511613.8468325832
171 17 202 1156 2870.959421517483 3318829.0912742103
172 19 191 1444 2639.672517567283 3811687.115367157
173 10 114 400 1217.1869207315694 486874.76829262776
174 10 124 400 1380.8055619818454 552322.2247927381
175 15 175 900 2315.032397181517 2083529.1574633652
176 8 116 256 1249.358235255205 319835.7082253325
177 12 208 576 2999.818661186039 1727895.5488431586
178 4 83 64 756.1659870689768 48394.62317241452
179 11 158 484 1986.0292042162926 961238.1348406856
180 8 97 256 955.3392067742221 244566.83693420087
181 12 234 576 3579.511698542135 2061798.7383602697
182 10 142 400 1692.125290869444 676850.1163477775
183 15 185 900 2516.272044116057 2264644.839704451
184 12 148 576 1800.497708968273 1037086.6803657252
185 17 251 1156 3976.5878589564695 4596935.564953679
186 22 253 1936 4024.2113513084773 7790873.176133212
187 21 364 1764 6944.677386315364 12250410.909460302
188 16 192 1024 2660.4300404257956 2724280.3613960147
189 3 56 36 419.06562731868144 15086.362583472532
190 16 254 1024 4048.0938724293437 4145248.125367648
191 17 162 1156 2061.9233739399724 2383583.4202746083
192 2 36 16 216.0 3456.0
193 16 186 1024 2536.7017956393693 2597582.638734714
194 17 199 1156 2807.240459953511 3245169.971706259
195 17 236 1156 3625.500792993983 4191078.9167010444
196 4 64 64 512.0 32768.0
197 10 141 400 1674.2822342723464 669712.8937089385
198 11 157 484 1967.204361524242 952126.9109777331
199 11 122 484 1347.5340440968457 652206.4773428733
1201's generation fitness ratios and roulette cutoffs:
17879473.676985014 286573226.467795 1432866.132338975 0.0001671047268368803 0.0001671047268368803
17879473.676985014 286573226.467795 1432866.132338975 3.243554935493036e-06 0.00017034828177237333
17879473.676985014 286573226.467795 1432866.132338975 0.0 0.00017034828177237333
17879473.676985014 286573226.467795 1432866.132338975 1.248444876758829e-06 0.00017159672664913216
17879473.676985014 286573226.467795 1432866.132338975 0.0 0.00017159672664913216
17879473.676985014 286573226.467795 1432866.132338975 7.252809324517375e-08 0.00017166925474237734
17879473.676985014 286573226.467795 1432866.132338975 2.890190335791975e-06 0.0001745594450781693
17879473.676985014 286573226.467795 1432866.132338975 0.0 0.0001745594450781693
17879473.676985014 286573226.467795 1432866.132338975 0.0 0.0001745594450781693
17879473.676985014 286573226.467795 1432866.132338975 8.205617049630814e-07 0.00017538000678313237
17879473.676985014 286573226.467795 1432866.132338975 0.0 0.00017538000678313237
17879473.676985014 286573226.467795 1432866.132338975 2.0514042624077034e-07 0.00017558514720937313
17879473.676985014 286573226.467795 1432866.132338975 0.0 0.00017558514720937313
17879473.676985014 286573226.467795 1432866.132338975 0.0 0.00017558514720937313
17879473.676985014 286573226.467795 1432866.132338975 1.3958038052970445e-08 0.0001755991052474261
17879473.676985014 286573226.467795 1432866.132338975 0.0 0.0001755991052474261
17879473.676985014 286573226.467795 1432866.132338975 1.574298394978213e-05 0.0001913420891972082
17879473.676985014 286573226.467795 1432866.132338975 1.1236003890829462e-05 0.00020257809308803768
17879473.676985014 286573226.467795 1432866.132338975 0.0 0.00020257809308803768
17879473.676985014 286573226.467795 1432866.132338975 2.8899796728421863e-05 0.00023147788981645954
17879473.676985014 286573226.467795 1432866.132338975 0.0 0.00023147788981645954
17879473.676985014 286573226.467795 1432866.132338975 9.109371100831154e-05 0.0003225716008247711
17879473.676985014 286573226.467795 1432866.132338975 3.5421713887009794e-05 0.00035799331471178086
17879473.676985014 286573226.467795 1432866.132338975 0.0 0.00035799331471178086
17879473.676985014 286573226.467795 1432866.132338975 6.564493639704651e-06 0.0003645578083514855
17879473.676985014 286573226.467795 1432866.132338975 0.0 0.0003645578083514855
17879473.676985014 286573226.467795 1432866.132338975 0.0 0.0003645578083514855
17879473.676985014 286573226.467795 1432866.132338975 0.0005359803236041687 0.0009005381319556542
17879473.676985014 286573226.467795 1432866.132338975 0.014531953989504692 0.015432492121460346
17879473.676985014 286573226.467795 1432866.132338975 0.0 0.015432492121460346
17879473.676985014 286573226.467795 1432866.132338975 0.0 0.015432492121460346
17879473.676985014 286573226.467795 1432866.132338975 2.32089898384556e-06 0.015434813020444192
17879473.676985014 286573226.467795 1432866.132338975 0.0 0.015434813020444192
17879473.676985014 286573226.467795 1432866.132338975 0.0030123059851957 0.018447119005639893
17879473.676985014 286573226.467795 1432866.132338975 1.3958038052970445e-08 0.018447132963677945
17879473.676985014 286573226.467795 1432866.132338975 0.004337720618681808 0.02278485358235975
17879473.676985014 286573226.467795 1432866.132338975 1.2962862328653807e-05 0.022797816444688406
17879473.676985014 286573226.467795 1432866.132338975 0.0 0.022797816444688406
17879473.676985014 286573226.467795 1432866.132338975 7.311667466007608e-07 0.022798547611435006
17879473.676985014 286573226.467795 1432866.132338975 0.0 0.022798547611435006
17879473.676985014 286573226.467795 1432866.132338975 0.00047264354205873483 0.023271191153493742
17879473.676985014 286573226.467795 1432866.132338975 3.76867027430202e-07 0.02327156802052117
17879473.676985014 286573226.467795 1432866.132338975 0.0 0.02327156802052117
17879473.676985014 286573226.467795 1432866.132338975 0.012339737374267707 0.03561130539478888
17879473.676985014 286573226.467795 1432866.132338975 0.0 0.03561130539478888
17879473.676985014 286573226.467795 1432866.132338975 0.013955386358088576 0.04956669175287745
17879473.676985014 286573226.467795 1432866.132338975 0.02685529080268297 0.07642198255556042
17879473.676985014 286573226.467795 1432866.132338975 0.0 0.07642198255556042
17879473.676985014 286573226.467795 1432866.132338975 0.004249788734151116 0.08067177128971154
17879473.676985014 286573226.467795 1432866.132338975 0.0 0.08067177128971154
17879473.676985014 286573226.467795 1432866.132338975 0.0 0.08067177128971154
17879473.676985014 286573226.467795 1432866.132338975 1.507468109720808e-06 0.08067327875782125
17879473.676985014 286573226.467795 1432866.132338975 8.719294894742076e-06 0.08068199805271599
17879473.676985014 286573226.467795 1432866.132338975 0.0 0.08068199805271599
17879473.676985014 286573226.467795 1432866.132338975 0.0002277219511335804 0.08090972000384956
17879473.676985014 286573226.467795 1432866.132338975 1.5605560959485363e-07 0.08090987605945917
17879473.676985014 286573226.467795 1432866.132338975 2.9246669864030433e-06 0.08091280072644556
17879473.676985014 286573226.467795 1432866.132338975 0.0 0.08091280072644556
17879473.676985014 286573226.467795 1432866.132338975 0.0 0.08091280072644556
17879473.676985014 286573226.467795 1432866.132338975 0.0 0.08091280072644556
17879473.676985014 286573226.467795 1432866.132338975 4.2637636912242e-06 0.08091706449013679
17879473.676985014 286573226.467795 1432866.132338975 2.9246669864030433e-06 0.08091998915712319
17879473.676985014 286573226.467795 1432866.132338975 0.0 0.08091998915712319
17879473.676985014 286573226.467795 1432866.132338975 5.8022474596139e-07 0.08092056938186915
17879473.676985014 286573226.467795 1432866.132338975 0.0 0.08092056938186915
17879473.676985014 286573226.467795 1432866.132338975 0.0 0.08092056938186915
17879473.676985014 286573226.467795 1432866.132338975 0.0 0.08092056938186915
17879473.676985014 286573226.467795 1432866.132338975 0.0 0.08092056938186915
17879473.676985014 286573226.467795 1432866.132338975 0.0 0.08092056938186915
17879473.676985014 286573226.467795 1432866.132338975 0.0 0.08092056938186915
17879473.676985014 286573226.467795 1432866.132338975 0.0 0.08092056938186915
17879473.676985014 286573226.467795 1432866.132338975 4.413919191468858e-07 0.0809210107737883
17879473.676985014 286573226.467795 1432866.132338975 0.0018119442037793213 0.08273295497756762
17879473.676985014 286573226.467795 1432866.132338975 0.0018129684550116524 0.08454592343257927
17879473.676985014 286573226.467795 1432866.132338975 5.8022474596139e-07 0.08454650365732523
17879473.676985014 286573226.467795 1432866.132338975 0.0 0.08454650365732523
17879473.676985014 286573226.467795 1432866.132338975 0.0003461535443254056 0.08489265720165064
17879473.676985014 286573226.467795 1432866.132338975 0.0 0.08489265720165064
17879473.676985014 286573226.467795 1432866.132338975 1.3958038052970445e-08 0.0848926711596887
17879473.676985014 286573226.467795 1432866.132338975 0.0 0.0848926711596887
17879473.676985014 286573226.467795 1432866.132338975 0.0 0.0848926711596887
17879473.676985014 286573226.467795 1432866.132338975 0.0 0.0848926711596887
17879473.676985014 286573226.467795 1432866.132338975 0.0 0.0848926711596887
17879473.676985014 286573226.467795 1432866.132338975 0.0007358756062550296 0.08562854676594372
17879473.676985014 286573226.467795 1432866.132338975 0.0 0.08562854676594372
17879473.676985014 286573226.467795 1432866.132338975 4.0426796479755375e-05 0.08566897356242348
17879473.676985014 286573226.467795 1432866.132338975 0.0 0.08566897356242348
17879473.676985014 286573226.467795 1432866.132338975 0.0001346412673953087 0.08580361482981878
17879473.676985014 286573226.467795 1432866.132338975 0.0 0.08580361482981878
17879473.676985014 286573226.467795 1432866.132338975 6.542434847632124e-07 0.08580426907330355
17879473.676985014 286573226.467795 1432866.132338975 0.0 0.08580426907330355
17879473.676985014 286573226.467795 1432866.132338975 0.03594215231692732 0.12174642139023087
17879473.676985014 286573226.467795 1432866.132338975 0.0 0.12174642139023087
17879473.676985014 286573226.467795 1432866.132338975 2.6011713022127776e-05 0.121772433103253
17879473.676985014 286573226.467795 1432866.132338975 0.0 0.121772433103253
17879473.676985014 286573226.467795 1432866.132338975 2.0369173013730552e-06 0.12177447002055437
17879473.676985014 286573226.467795 1432866.132338975 4.413919191468858e-07 0.12177491141247353
17879473.676985014 286573226.467795 1432866.132338975 6.158516698619142e-06 0.12178106992917215
17879473.676985014 286573226.467795 1432866.132338975 3.1583434749808887e-07 0.12178138576351964
17879473.676985014 286573226.467795 1432866.132338975 0.0 0.12178138576351964
17879473.676985014 286573226.467795 1432866.132338975 4.847085626231114e-05 0.12182985661978195
17879473.676985014 286573226.467795 1432866.132338975 0.0 0.12182985661978195
17879473.676985014 286573226.467795 1432866.132338975 0.014556404940467846 0.1363862615602498
17879473.676985014 286573226.467795 1432866.132338975 0.024803328873574147 0.16118959043382394
17879473.676985014 286573226.467795 1432866.132338975 9.174158760152882e-06 0.1611987645925841
17879473.676985014 286573226.467795 1432866.132338975 0.027861217133886337 0.18905998172647043
17879473.676985014 286573226.467795 1432866.132338975 9.78357908719393e-07 0.18906096008437914
17879473.676985014 286573226.467795 1432866.132338975 0.0005742559027442478 0.18963521598712338
17879473.676985014 286573226.467795 1432866.132338975 0.0 0.18963521598712338
17879473.676985014 286573226.467795 1432866.132338975 0.0013400976045011143 0.1909753135916245
17879473.676985014 286573226.467795 1432866.132338975 0.0033542496160181567 0.19432956320764266
17879473.676985014 286573226.467795 1432866.132338975 0.0003489509513242611 0.19467851415896692
17879473.676985014 286573226.467795 1432866.132338975 0.042664224658619555 0.23734273881758647
17879473.676985014 286573226.467795 1432866.132338975 0.00018286661322086136 0.23752560543080734
17879473.676985014 286573226.467795 1432866.132338975 0.0006332947182026376 0.23815890014900998
17879473.676985014 286573226.467795 1432866.132338975 0.003117769955405686 0.24127667010441567
17879473.676985014 286573226.467795 1432866.132338975 0.0002496889753517658 0.24152635907976744
17879473.676985014 286573226.467795 1432866.132338975 0.00801138957875411 0.24953774865852155
17879473.676985014 286573226.467795 1432866.132338975 0.0029794701033386338 0.2525172187618602
17879473.676985014 286573226.467795 1432866.132338975 0.0 0.2525172187618602
17879473.676985014 286573226.467795 1432866.132338975 0.005090797114980733 0.2576080158768409
17879473.676985014 286573226.467795 1432866.132338975 0.06239059348761006 0.31999860936445096
17879473.676985014 286573226.467795 1432866.132338975 0.028001790358572046 0.348000399723023
17879473.676985014 286573226.467795 1432866.132338975 0.01829565932889061 0.3662960590519136
17879473.676985014 286573226.467795 1432866.132338975 0.0 0.3662960590519136
17879473.676985014 286573226.467795 1432866.132338975 0.004076193768685065 0.37037225282059866
17879473.676985014 286573226.467795 1432866.132338975 0.04690522570291546 0.4172774785235141
17879473.676985014 286573226.467795 1432866.132338975 0.007436503256734707 0.42471398178024883
17879473.676985014 286573226.467795 1432866.132338975 0.00047264354205873483 0.42518662532230755
17879473.676985014 286573226.467795 1432866.132338975 0.021410829636413917 0.4465974549587215
17879473.676985014 286573226.467795 1432866.132338975 0.00779604855791804 0.45439350351663954
17879473.676985014 286573226.467795 1432866.132338975 0.016395980481617792 0.4707894839982573
17879473.676985014 286573226.467795 1432866.132338975 0.0 0.4707894839982573
17879473.676985014 286573226.467795 1432866.132338975 0.016814031893223353 0.48760351589148065
17879473.676985014 286573226.467795 1432866.132338975 0.023482151453093843 0.5110856673445745
17879473.676985014 286573226.467795 1432866.132338975 0.0011646881438189714 0.5122503554883935
17879473.676985014 286573226.467795 1432866.132338975 0.0053676011502773804 0.5176179566386708
17879473.676985014 286573226.467795 1432866.132338975 0.0028766859453219005 0.5204946425839927
17879473.676985014 286573226.467795 1432866.132338975 1.8504800184927405e-06 0.5204964930640111
17879473.676985014 286573226.467795 1432866.132338975 2.2935396900382206e-06 0.5204987866037012
17879473.676985014 286573226.467795 1432866.132338975 0.0032313310293719004 0.5237301176330731
17879473.676985014 286573226.467795 1432866.132338975 0.0028578686532422753 0.5265879862863153
17879473.676985014 286573226.467795 1432866.132338975 0.0021648746711624384 0.5287528609574778
17879473.676985014 286573226.467795 1432866.132338975 0.0003079258349309571 0.5290607867924088
17879473.676985014 286573226.467795 1432866.132338975 0.002737968062350812 0.5317987548547596
17879473.676985014 286573226.467795 1432866.132338975 0.0 0.5317987548547596
17879473.676985014 286573226.467795 1432866.132338975 0.0017891526207954036 0.533587907475555
17879473.676985014 286573226.467795 1432866.132338975 0.011324051488358246 0.5449119589639132
17879473.676985014 286573226.467795 1432866.132338975 0.05354904801679463 0.5984610069807078
17879473.676985014 286573226.467795 1432866.132338975 0.0023369695137385785 0.6007979764944464
17879473.676985014 286573226.467795 1432866.132338975 0.03794900238846098 0.6387469788829074
17879473.676985014 286573226.467795 1432866.132338975 0.0063334088175689245 0.6450803877004764
17879473.676985014 286573226.467795 1432866.132338975 0.028866302058974284 0.6739466897594507
17879473.676985014 286573226.467795 1432866.132338975 0.007802621575161831 0.6817493113346126
17879473.676985014 286573226.467795 1432866.132338975 0.0010446933257901808 0.6827940046604027
17879473.676985014 286573226.467795 1432866.132338975 0.0033427502076236147 0.6861367548680264
17879473.676985014 286573226.467795 1432866.132338975 0.00532112857502636 0.6914578834430527
17879473.676985014 286573226.467795 1432866.132338975 0.012409477479221692 0.7038673609222744
17879473.676985014 286573226.467795 1432866.132338975 0.009969824715301438 0.7138371856375758
17879473.676985014 286573226.467795 1432866.132338975 0.002474539061786584 0.7163117246993624
17879473.676985014 286573226.467795 1432866.132338975 0.000981457471140906 0.7172931821705033
17879473.676985014 286573226.467795 1432866.132338975 0.011667190193582425 0.7289603723640857
17879473.676985014 286573226.467795 1432866.132338975 0.0037295144229753177 0.732689886787061
17879473.676985014 286573226.467795 1432866.132338975 0.00198005718937113 0.7346699439764321
17879473.676985014 286573226.467795 1432866.132338975 0.0029489115852021613 0.7376188555616343
17879473.676985014 286573226.467795 1432866.132338975 0.0006605394307310075 0.7382793949923653
17879473.676985014 286573226.467795 1432866.132338975 3.4877179578968305e-05 0.7383142721719442
17879473.676985014 286573226.467795 1432866.132338975 0.0033147774936070217 0.7416290496655512
17879473.676985014 286573226.467795 1432866.132338975 0.020646997001823965 0.7622760466673751
17879473.676985014 286573226.467795 1432866.132338975 0.0026786631972364676 0.7649547098646116
17879473.676985014 286573226.467795 1432866.132338975 0.0052747908988715585 0.7702295007634831
17879473.676985014 286573226.467795 1432866.132338975 0.011581085686827688 0.7818105864503108
17879473.676985014 286573226.467795 1432866.132338975 0.013300918450577981 0.7951115049008888
17879473.676985014 286573226.467795 1432866.132338975 0.0016989541357149167 0.7968104590366037
17879473.676985014 286573226.467795 1432866.132338975 0.0019273336577895837 0.7987377926943934
17879473.676985014 286573226.467795 1432866.132338975 0.007270494816086776 0.8060082875104801
17879473.676985014 286573226.467795 1432866.132338975 0.0011160697465269858 0.8071243572570072
17879473.676985014 286573226.467795 1432866.132338975 0.006029507955577765 0.8131538652125849
17879473.676985014 286573226.467795 1432866.132338975 0.00016887349794993177 0.8133227387105348
17879473.676985014 286573226.467795 1432866.132338975 0.0033542496160181567 0.816676988326553
17879473.676985014 286573226.467795 1432866.132338975 0.0008534183041055484 0.8175304066306586
17879473.676985014 286573226.467795 1432866.132338975 0.007194666311899775 0.8247250729425584
17879473.676985014 286573226.467795 1432866.132338975 0.002361874920034938 0.8270869478625933
17879473.676985014 286573226.467795 1432866.132338975 0.007902499712264472 0.8349894475748577
17879473.676985014 286573226.467795 1432866.132338975 0.0036189238371933975 0.8386083714120511
17879473.676985014 286573226.467795 1432866.132338975 0.01604105038566916 0.8546494217977203
17879473.676985014 286573226.467795 1432866.132338975 0.02718632606458352 0.8818357478623038
17879473.676985014 286573226.467795 1432866.132338975 0.04274792540969279 0.9245836732719965
17879473.676985014 286573226.467795 1432866.132338975 0.009506402237831413 0.9340900755098279
17879473.676985014 286573226.467795 1432866.132338975 5.264400575525478e-05 0.9341427195155831
17879473.676985014 286573226.467795 1432866.132338975 0.014464882768221509 0.9486076022838047
17879473.676985014 286573226.467795 1432866.132338975 0.008317537020655607 0.9569251393044603
17879473.676985014 286573226.467795 1432866.132338975 1.2059744877766465e-05 0.956937199049338
17879473.676985014 286573226.467795 1432866.132338975 0.00906428932929863 0.9660014883786366
17879473.676985014 286573226.467795 1432866.132338975 0.011324051488358246 0.9773255398669949
17879473.676985014 286573226.467795 1432866.132338975 0.014624809750578832 0.9919503496175737
17879473.676985014 286573226.467795 1432866.132338975 0.00011434424772993389 0.9920646938653036
17879473.676985014 286573226.467795 1432866.132338975 0.0023369695137385785 0.9944016633790422
17879473.676985014 286573226.467795 1432866.132338975 0.0033224559136711003 0.9977241192927133
17879473.676985014 286573226.467795 1432866.132338975 0.0022758807072864084 0.9999999999999998
1201's generation extracting best parents:
0
0
0
0
0
0
0
0
0
0
0
0
0
0
0
0
0
0
0
0
0
0
0
0
0
0
0
153597.6106584995
4164468.9416539054
0
0
0
0
863246.2452857817
0
1243074.5932115256
0
0
0
0
135446.9848169386
0
0
3536238.353109134
0
3999240.0952420947
7696007.333055759
0
1217875.6693521715
0
0
0
0
0
65259.01427389169
0
0
0
0
0
0
0
0
0
0
0
0
0
0
0
0
0
519254.69665665994
519548.2196370227
0
0
99198.33805059438
0
0
0
0
0
0
210882.24676344855
0
0
0
0
0
0
0
10300058.555658797
0
0
0
0
0
0
0
0
0
0
4171475.9295616224
7107969.982441963
0
7984278.88737762
0
164566.3668675954
0
384036.0943036474
961238.1348406856
100000.0
12226424.515167465
52404.67536394058
181485.3107003429
893469.3955049608
71554.17527999327
2295849.7600740343
853836.3606780869
0
1458886.154532971
17879473.676985014
8024563.409930786
5243046.124235796
0
1168128.0
13441781.86788463
2131102.7319207303
135446.9848169386
6135770.530259423
2234138.788942173
4698649.027720202
0
4818451.369573424
6729355.906318524
333768.4392029899
1538210.7800272368
824381.172885456
0
0
926012.9588726067
818988.6407808108
620395.1194134267
88243.30002895404
784628.3415936491
0
512723.2391846502
3245169.971706259
15345723.464451717
669712.8937089385
10875168.055695323
1814985.3993903094
8272309.317234215
2236022.439701355
299381.13704106346
957942.712274591
1524892.9841952845
3556224.0
2857084.835982299
709136.6429567718
281259.43414577225
3343504.3375883335
1068778.9813502135
567431.3773488385
845079.1075396433
189292.91587378542
0
949926.481365795
5916876.547683584
767633.1550525941
1511613.8468325832
3318829.0912742103
3811687.115367157
486874.76829262776
552322.2247927381
2083529.1574633652
319835.7082253325
1727895.5488431586
48394.62317241452
961238.1348406856
244566.83693420087
2061798.7383602697
676850.1163477775
2264644.839704451
1037086.6803657252
4596935.564953679
7790873.176133212
12250410.909460302
2724280.3613960147
0
4145248.125367648
2383583.4202746083
0
2597582.638734714
3245169.971706259
4191078.9167010444
0
669712.8937089385
952126.9109777331
652206.4773428733
