0 1 18 4 76.36753236814714 305.47012947258855
1 7 343 196 896.8595207723448 175784.46607137957
2 3 35 36 207.06279240848656 7454.260526705516
3 2 63 16 46.87216658103186 749.9546652965098
4 0 50 0 1.0 0.0
5 0 2 0 2.8284271247461903 0.0
6 1 22 4 103.18914671611545 412.7565868644618
7 0 2 0 2.8284271247461903 0.0
8 0 50 0 1.0 0.0
9 0 50 0 1.0 0.0
10 1 14 4 52.38320341483518 209.53281365934072
11 0 6 0 14.696938456699069 0.0
12 0 50 0 1.0 0.0
13 0 50 0 1.0 0.0
14 2 33 16 189.57056733575496 3033.1290773720793
15 0 50 0 1.0 0.0
16 0 50 0 1.0 0.0
17 0 6 0 14.696938456699069 0.0
18 0 50 0 1.0 0.0
19 1 27 4 140.29611541307906 561.1844616523163
20 0 2 0 2.8284271247461903 0.0
21 0 50 0 1.0 0.0
22 0 50 0 1.0 0.0
23 3 19 36 82.8190799272728 2981.4868773818207
24 1 65 4 58.09475019311125 232.379000772445
25 3 54 36 396.81733833087486 14285.424179911495
26 1 15 4 58.09475019311125 232.379000772445
27 0 50 0 1.0 0.0
28 1 25 4 125.0 500.0
29 8 331 256 729.0 186624.0
30 15 277 900 4610.198802654827 4149178.9223893443
31 19 320 1444 5724.334022399462 8265938.328344823
32 1 10 4 31.622776601683793 126.49110640673517
33 0 50 0 1.0 0.0
34 1 15 4 58.09475019311125 232.379000772445
35 2 56 16 14.696938456699069 235.1510153071851
36 16 293 1024 5015.352131206741 5135720.582355703
37 0 50 0 1.0 0.0
38 0 50 0 1.0 0.0
39 0 50 0 1.0 0.0
40 2 39 16 243.55492193753753 3896.8787510006005
41 4 33 64 189.57056733575496 12132.516309488317
42 3 95 36 301.8691769624716 10867.290370648978
43 0 50 0 1.0 0.0
44 0 50 0 1.0 0.0
45 3 72 36 610.9402589451771 21993.849322026377
46 0 50 0 1.0 0.0
47 18 358 1296 6773.677878375971 8778686.530375259
48 2 70 16 89.44271909999159 1431.0835055998655
49 1 19 4 82.8190799272728 331.2763197090912
50 7 94 196 911.3638131942698 178627.3073860769
51 0 5 0 11.180339887498949 0.0
52 0 50 0 1.0 0.0
53 3 102 36 374.9773326482549 13499.183975337177
54 0 50 0 1.0 0.0
55 3 25 36 125.0 4500.0
56 0 7 0 18.520259177452132 0.0
57 3 90 36 252.98221281347034 9107.359661284932
58 0 50 0 1.0 0.0
59 0 50 0 1.0 0.0
60 0 50 0 1.0 0.0
61 1 14 4 52.38320341483518 209.53281365934072
62 1 57 4 18.520259177452132 74.08103670980853
63 0 50 0 1.0 0.0
64 0 50 0 1.0 0.0
65 0 50 0 1.0 0.0
66 19 273 1444 4510.7002782273175 6513451.201760246
67 2 79 16 156.16977940690063 2498.71647051041
68 0 50 0 1.0 0.0
69 8 116 256 1249.358235255205 319835.7082253325
70 1 67 4 70.09279563550022 280.3711825420009
71 9 173 324 2275.4597337681016 737248.9537408649
72 0 50 0 1.0 0.0
73 0 50 0 1.0 0.0
74 2 8 16 22.627416997969522 362.03867196751236
75 1 68 4 76.36753236814714 305.47012947258855
76 1 63 4 46.87216658103186 187.48866632412745
77 7 95 196 925.9454627568516 181485.3107003429
78 23 327 2116 5913.187211648215 12512304.139847623
79 1 60 4 31.622776601683793 126.49110640673517
80 0 9 0 27.0 0.0
81 1 9 4 27.0 108.0
82 0 50 0 1.0 0.0
83 12 471 576 3285.4011931573896 1892391.0872586565
84 0 50 0 1.0 0.0
85 0 2 0 2.8284271247461903 0.0
86 0 50 0 1.0 0.0
87 2 25 16 125.0 2000.0
88 0 50 0 1.0 0.0
89 1 58 4 22.627416997969522 90.50966799187809
90 5 82 100 742.5415813272682 74254.15813272682
91 0 50 0 1.0 0.0
92 8 348 256 970.1505037879432 248358.52896971346
93 0 2 0 2.8284271247461903 0.0
94 1 60 4 31.622776601683793 126.49110640673517
95 1 12 4 41.569219381653056 166.27687752661222
96 0 50 0 1.0 0.0
97 0 50 0 1.0 0.0
98 0 2 0 2.8284271247461903 0.0
99 0 50 0 1.0 0.0
100 1 16 4 64.0 256.0
101 20 297 1600 5118.405318065384 8189448.508904614
102 24 311 2304 5484.544739538552 12636391.079896823
103 13 207 676 2978.2113759771987 2013270.8901605862
104 0 50 0 1.0 0.0
105 24 318 2304 5670.7523310403885 13065413.370717056
106 16 251 1024 3976.5878589564695 4072025.967571425
107 7 371 196 1331.0 260876.0
108 22 392 1936 7761.204030303546 15025691.002667664
109 26 683 2704 17849.705515778125 48265603.71466405
110 13 187 676 2557.1865399301632 1728658.1009927904
111 2 77 16 140.29611541307906 2244.737846609265
112 30 546 3600 12758.187018538332 45929473.266738
113 21 272 1764 4485.938920672014 7913196.256065433
114 1 56 4 14.696938456699069 58.787753826796276
115 13 231 676 3510.8960394748233 2373365.7226849804
116 21 449 1764 9514.139425087275 16782941.945853952
117 16 268 1024 4387.349085723633 4492645.463781
118 25 468 2500 10124.387981502881 25310969.953757204
119 15 179 900 2394.8567806864776 2155371.10261783
120 11 131 484 1499.363531636007 725691.9493118274
121 32 610 4096 15065.888622978733 61709879.79972089
122 12 213 576 3108.6326576165284 1790572.4107871205
123 26 401 2704 8030.018742194815 21713170.67889478
124 10 143 400 1710.0312862634999 684012.5145054
125 22 420 1936 8607.438643406063 16664001.213634139
126 21 410 1764 8301.8672598398 14644493.846357409
127 14 196 784 2744.0 2151296.0
128 15 225 900 3375.0 3037500.0
129 26 378 2704 7349.159951994514 19872128.510193165
130 12 173 576 2275.4597337681016 1310664.8066504265
131 17 313 1156 5537.535282054643 6401390.786055167
132 33 607 4356 14954.883583632472 65143472.89030305
133 14 210 784 3043.189116699782 2385860.267492629
134 23 437 2116 9135.286147680323 19330265.48849156
135 2 34 16 198.25236442474022 3172.0378307958435
136 23 382 2116 7466.121349134369 15798312.774768325
137 11 218 484 3218.7314271308815 1557866.0107313467
138 26 493 2704 10946.376432409037 29599001.873234037
139 22 313 1936 5537.535282054643 10720668.306057788
140 21 319 1764 5697.522180737868 10050429.1268216
141 28 463 3136 9962.572308395056 31242626.759126894
142 25 337 2500 6186.497635981121 15466244.089952802
143 16 221 1024 3285.4011931573896 3364250.821793167
144 17 263 1156 4265.143256679663 4930505.6047216905
145 14 199 784 2807.240459953511 2200876.520603553
146 16 240 1024 3718.06401235912 3807297.548655739
147 19 370 1444 7117.0921028183975 10277080.996469766
148 11 185 484 2516.272044116057 1217875.6693521715
149 18 308 1296 5405.378062633547 7005369.9691730775
150 11 194 484 2702.1073257737194 1307819.9456744802
151 16 277 1024 4610.198802654827 4720843.573918543
152 20 321 1600 5751.187790361222 9201900.464577956
153 29 491 3364 10879.833224824726 36599758.96831038
154 13 198 676 2786.1069613351174 1883408.3058625394
155 22 373 1936 7203.826552603831 13946608.205841018
156 21 294 1764 5041.049890647781 8892412.007102685
157 18 264 1296 4289.492277647787 5559181.991831532
158 17 287 1156 4862.088337329958 5620574.117953432
159 20 283 1600 4760.7968870767845 7617275.019322855
160 20 327 1600 5913.187211648215 9461099.538637144
161 18 326 1296 5886.083247797299 7628363.8891453
162 31 569 3844 13572.767182855529 52173717.05089665
163 20 281 1600 4710.418346601499 7536669.354562399
164 23 373 2116 7203.826552603831 15243296.985309707
165 11 230 484 3488.1227042637133 1688251.3888636373
166 13 226 676 3397.5249815122775 2296726.8875022996
167 15 194 900 2702.1073257737194 2431896.5931963474
168 13 262 676 4240.840482734525 2866808.1663285387
169 23 366 2116 7001.992287913491 14816215.681224948
170 30 517 3600 11755.356778932743 42319284.40415788
171 15 177 900 2354.8318411300625 2119348.6570170564
172 21 355 1764 6688.712506902954 11798888.862176811
173 28 520 3136 11857.824421031035 37186137.384353325
174 22 409 1936 8271.513102208084 16013649.365874851
175 20 272 1600 4485.938920672014 7177502.273075223
176 24 392 2304 7761.204030303546 17881814.085819367
177 18 273 1296 4510.7002782273175 5845867.560582603
178 24 385 2304 7554.245495084205 17404981.620674007
179 24 287 2304 4862.088337329958 11202251.529208224
180 16 258 1024 4144.093628285925 4243551.875364787
181 20 245 1600 3834.8565814121393 6135770.530259423
182 21 403 1764 8090.168539653547 14271057.303948857
183 27 459 2916 9833.746946103505 28675206.094837822
184 30 494 3600 10979.698720821078 39526915.39495588
185 25 357 2500 6745.316375085753 16863290.937714383
186 17 218 1156 3218.7314271308815 3720853.529763299
187 22 307 1936 5379.074548656116 10413888.32619824
188 20 382 1600 7466.121349134369 11945794.15861499
189 21 345 1764 6408.090589247315 11303871.799432263
190 23 335 2116 6131.506747937247 12974268.278635215
191 15 215 900 3152.518834202264 2837266.9507820373
192 32 771 4096 21408.269687202654 87688272.63878207
193 21 353 1764 6632.267862503745 11699320.509456607
194 21 348 1764 6491.855820949815 11451633.668155475
195 17 287 1156 4862.088337329958 5620574.117953432
196 15 186 900 2536.7017956393693 2283031.6160754324
197 25 451 2500 9577.77902229948 23944447.5557487
198 16 207 1024 2978.2113759771987 3049688.4490006515
199 25 351 2500 6575.982892313514 16439957.230783785
2701's generation fitness ratios and roulette cutoffs:
87688272.63878207 1350020832.0997744 6750104.1604988715 2.2627067835499336e-07 2.2627067835499336e-07
87688272.63878207 1350020832.0997744 6750104.1604988715 0.00013020870633379092 0.0001304349770121459
87688272.63878207 1350020832.0997744 6750104.1604988715 5.52158925956085e-06 0.00013595656627170676
87688272.63878207 1350020832.0997744 6750104.1604988715 5.555134020636238e-07 0.00013651207967377039
87688272.63878207 1350020832.0997744 6750104.1604988715 0.0 0.00013651207967377039
87688272.63878207 1350020832.0997744 6750104.1604988715 0.0 0.00013651207967377039
87688272.63878207 1350020832.0997744 6750104.1604988715 3.057409019551757e-07 0.00013681782057572555
87688272.63878207 1350020832.0997744 6750104.1604988715 0.0 0.00013681782057572555
87688272.63878207 1350020832.0997744 6750104.1604988715 0.0 0.00013681782057572555
87688272.63878207 1350020832.0997744 6750104.1604988715 0.0 0.00013681782057572555
87688272.63878207 1350020832.0997744 6750104.1604988715 1.5520709657008835e-07 0.00013697302767229564
87688272.63878207 1350020832.0997744 6750104.1604988715 0.0 0.00013697302767229564
87688272.63878207 1350020832.0997744 6750104.1604988715 0.0 0.00013697302767229564
87688272.63878207 1350020832.0997744 6750104.1604988715 0.0 0.00013697302767229564
87688272.63878207 1350020832.0997744 6750104.1604988715 2.2467276098654408e-06 0.00013921975528216108
87688272.63878207 1350020832.0997744 6750104.1604988715 0.0 0.00013921975528216108
87688272.63878207 1350020832.0997744 6750104.1604988715 0.0 0.00013921975528216108
87688272.63878207 1350020832.0997744 6750104.1604988715 0.0 0.00013921975528216108
87688272.63878207 1350020832.0997744 6750104.1604988715 0.0 0.00013921975528216108
87688272.63878207 1350020832.0997744 6750104.1604988715 4.156857792923609e-07 0.00013963544106145343
87688272.63878207 1350020832.0997744 6750104.1604988715 0.0 0.00013963544106145343
87688272.63878207 1350020832.0997744 6750104.1604988715 0.0 0.00013963544106145343
87688272.63878207 1350020832.0997744 6750104.1604988715 0.0 0.00013963544106145343
87688272.63878207 1350020832.0997744 6750104.1604988715 2.2084747186786162e-06 0.00014184391578013204
87688272.63878207 1350020832.0997744 6750104.1604988715 1.7212993699586916e-07 0.0001420160457171279
87688272.63878207 1350020832.0997744 6750104.1604988715 1.0581632401695946e-05 0.00015259767811882385
87688272.63878207 1350020832.0997744 6750104.1604988715 1.7212993699586916e-07 0.0001527698080558197
87688272.63878207 1350020832.0997744 6750104.1604988715 0.0 0.0001527698080558197
87688272.63878207 1350020832.0997744 6750104.1604988715 3.703646552048518e-07 0.00015314017271102456
87688272.63878207 1350020832.0997744 6750104.1604988715 0.0001382378668259005 0.00029137803953692507
87688272.63878207 1350020832.0997744 6750104.1604988715 0.0030734184419479358 0.003364796481484861
87688272.63878207 1350020832.0997744 6750104.1604988715 0.006122822797843998 0.00948761927932886
87688272.63878207 1350020832.0997744 6750104.1604988715 9.369567002162138e-08 0.00948771297499888
87688272.63878207 1350020832.0997744 6750104.1604988715 0.0 0.00948771297499888
87688272.63878207 1350020832.0997744 6750104.1604988715 1.7212993699586916e-07 0.009487885104935877
87688272.63878207 1350020832.0997744 6750104.1604988715 1.7418324941063286e-07 0.009488059288185288
87688272.63878207 1350020832.0997744 6750104.1604988715 0.003804178765425261 0.01329223805361055
87688272.63878207 1350020832.0997744 6750104.1604988715 0.0 0.01329223805361055
87688272.63878207 1350020832.0997744 6750104.1604988715 0.0 0.01329223805361055
87688272.63878207 1350020832.0997744 6750104.1604988715 0.0 0.01329223805361055
87688272.63878207 1350020832.0997744 6750104.1604988715 2.8865323099789016e-06 0.01329512458592053
87688272.63878207 1350020832.0997744 6750104.1604988715 8.986910439461763e-06 0.013304111496359992
87688272.63878207 1350020832.0997744 6750104.1604988715 8.04972050227283e-06 0.013312161216862264
87688272.63878207 1350020832.0997744 6750104.1604988715 0.0 0.013312161216862264
87688272.63878207 1350020832.0997744 6750104.1604988715 0.0 0.013312161216862264
87688272.63878207 1350020832.0997744 6750104.1604988715 1.6291488841559524e-05 0.013328452705703823
87688272.63878207 1350020832.0997744 6750104.1604988715 0.0 0.013328452705703823
87688272.63878207 1350020832.0997744 6750104.1604988715 0.006502630419947818 0.01983108312565164
87688272.63878207 1350020832.0997744 6750104.1604988715 1.0600454982416895e-06 0.019832143171149882
87688272.63878207 1350020832.0997744 6750104.1604988715 2.4538607985317957e-07 0.019832388557229734
87688272.63878207 1350020832.0997744 6750104.1604988715 0.00013231448222043087 0.019964703039450166
87688272.63878207 1350020832.0997744 6750104.1604988715 0.0 0.019964703039450166
87688272.63878207 1350020832.0997744 6750104.1604988715 0.0 0.019964703039450166
87688272.63878207 1350020832.0997744 6750104.1604988715 9.999241237145227e-06 0.01997470228068731
87688272.63878207 1350020832.0997744 6750104.1604988715 0.0 0.01997470228068731
87688272.63878207 1350020832.0997744 6750104.1604988715 3.333281896843666e-06 0.019978035562584154
87688272.63878207 1350020832.0997744 6750104.1604988715 0.0 0.019978035562584154
87688272.63878207 1350020832.0997744 6750104.1604988715 6.746088241556739e-06 0.019984781650825713
87688272.63878207 1350020832.0997744 6750104.1604988715 0.0 0.019984781650825713
87688272.63878207 1350020832.0997744 6750104.1604988715 0.0 0.019984781650825713
87688272.63878207 1350020832.0997744 6750104.1604988715 0.0 0.019984781650825713
87688272.63878207 1350020832.0997744 6750104.1604988715 1.5520709657008835e-07 0.019984936857922284
87688272.63878207 1350020832.0997744 6750104.1604988715 5.487399523649241e-08 0.01998499173191752
87688272.63878207 1350020832.0997744 6750104.1604988715 0.0 0.01998499173191752
87688272.63878207 1350020832.0997744 6750104.1604988715 0.0 0.01998499173191752
87688272.63878207 1350020832.0997744 6750104.1604988715 0.0 0.01998499173191752
87688272.63878207 1350020832.0997744 6750104.1604988715 0.004824704217067122 0.02480969594898464
87688272.63878207 1350020832.0997744 6750104.1604988715 1.8508725281105444e-06 0.02481154682151275
87688272.63878207 1350020832.0997744 6750104.1604988715 0.0 0.02481154682151275
87688272.63878207 1350020832.0997744 6750104.1604988715 0.00023691168359814968 0.0250484585051109
87688272.63878207 1350020832.0997744 6750104.1604988715 2.0767915270308942e-07 0.0250486661842636
87688272.63878207 1350020832.0997744 6750104.1604988715 0.0005461019091047462 0.025594768093368348
87688272.63878207 1350020832.0997744 6750104.1604988715 0.0 0.025594768093368348
87688272.63878207 1350020832.0997744 6750104.1604988715 0.0 0.025594768093368348
87688272.63878207 1350020832.0997744 6750104.1604988715 2.681726558281403e-07 0.025595036266024176
87688272.63878207 1350020832.0997744 6750104.1604988715 2.2627067835499336e-07 0.02559526253670253
87688272.63878207 1350020832.0997744 6750104.1604988715 1.3887835051590594e-07 0.025595401415053048
87688272.63878207 1350020832.0997744 6750104.1604988715 0.0001344314890445558 0.025729832904097603
87688272.63878207 1350020832.0997744 6750104.1604988715 0.009268230417145808 0.03499806332124341
87688272.63878207 1350020832.0997744 6750104.1604988715 9.369567002162138e-08 0.03499815701691343
87688272.63878207 1350020832.0997744 6750104.1604988715 0.0 0.03499815701691343
87688272.63878207 1350020832.0997744 6750104.1604988715 7.999876552424798e-08 0.03499823701567895
87688272.63878207 1350020832.0997744 6750104.1604988715 0.0 0.03499823701567895
87688272.63878207 1350020832.0997744 6750104.1604988715 0.0014017495450905737 0.03639998656076952
87688272.63878207 1350020832.0997744 6750104.1604988715 0.0 0.03639998656076952
87688272.63878207 1350020832.0997744 6750104.1604988715 0.0 0.03639998656076952
87688272.63878207 1350020832.0997744 6750104.1604988715 0.0 0.03639998656076952
87688272.63878207 1350020832.0997744 6750104.1604988715 1.4814586208194071e-06 0.03640146801939034
87688272.63878207 1350020832.0997744 6750104.1604988715 0.0 0.03640146801939034
87688272.63878207 1350020832.0997744 6750104.1604988715 6.704316395703507e-08 0.0364015350625543
87688272.63878207 1350020832.0997744 6750104.1604988715 5.5002231348707816e-05 0.03645653729390301
87688272.63878207 1350020832.0997744 6750104.1604988715 0.0 0.03645653729390301
87688272.63878207 1350020832.0997744 6750104.1604988715 0.00018396644189810422 0.03664050373580111
87688272.63878207 1350020832.0997744 6750104.1604988715 0.0 0.03664050373580111
87688272.63878207 1350020832.0997744 6750104.1604988715 9.369567002162138e-08 0.036640597431471134
87688272.63878207 1350020832.0997744 6750104.1604988715 1.231661568273662e-07 0.03664072059762796
87688272.63878207 1350020832.0997744 6750104.1604988715 0.0 0.03664072059762796
87688272.63878207 1350020832.0997744 6750104.1604988715 0.0 0.03664072059762796
87688272.63878207 1350020832.0997744 6750104.1604988715 0.0 0.03664072059762796
87688272.63878207 1350020832.0997744 6750104.1604988715 0.0 0.03664072059762796
87688272.63878207 1350020832.0997744 6750104.1604988715 1.896267034648841e-07 0.03664091022433143
87688272.63878207 1350020832.0997744 6750104.1604988715 0.006066164546636689 0.04270707477096811
87688272.63878207 1350020832.0997744 6750104.1604988715 0.009360145250679302 0.05206722002164742
87688272.63878207 1350020832.0997744 6750104.1604988715 0.001491288758136581 0.053558508779784
87688272.63878207 1350020832.0997744 6750104.1604988715 0.0 0.053558508779784
87688272.63878207 1350020832.0997744 6750104.1604988715 0.009677934636308965 0.06323644341609297
87688272.63878207 1350020832.0997744 6750104.1604988715 0.0030162689869295874 0.06625271240302255
87688272.63878207 1350020832.0997744 6750104.1604988715 0.0001932384995824418 0.066445950902605
87688272.63878207 1350020832.0997744 6750104.1604988715 0.011129969734835305 0.0775759206374403
87688272.63878207 1350020832.0997744 6750104.1604988715 0.035751747356071124 0.11332766799351143
87688272.63878207 1350020832.0997744 6750104.1604988715 0.0012804677230825372 0.11460813571659396
87688272.63878207 1350020832.0997744 6750104.1604988715 1.6627431171694436e-06 0.11460979845971113
87688272.63878207 1350020832.0997744 6750104.1604988715 0.03402130706035175 0.14863110552006287
87688272.63878207 1350020832.0997744 6750104.1604988715 0.005861536405891996 0.15449264192595485
87688272.63878207 1350020832.0997744 6750104.1604988715 4.3545812352658215e-08 0.1544926854717672
87688272.63878207 1350020832.0997744 6750104.1604988715 0.001758021555114473 0.15625070702688168
87688272.63878207 1350020832.0997744 6750104.1604988715 0.012431617014198485 0.16868232404108016
87688272.63878207 1350020832.0997744 6750104.1604988715 0.003327834176301783 0.17201015821738194
87688272.63878207 1350020832.0997744 6750104.1604988715 0.0187485773196473 0.19075873553702924
87688272.63878207 1350020832.0997744 6750104.1604988715 0.0015965465505191076 0.19235528208754835
87688272.63878207 1350020832.0997744 6750104.1604988715 0.0005375412971836234 0.19289282338473196
87688272.63878207 1350020832.0997744 6750104.1604988715 0.04571031670951295 0.2386031400942449
87688272.63878207 1350020832.0997744 6750104.1604988715 0.0013263294670809841 0.23992946956132588
87688272.63878207 1350020832.0997744 6750104.1604988715 0.016083581943785924 0.2560130515051118
87688272.63878207 1350020832.0997744 6750104.1604988715 0.0005066681181811922 0.25651971962329295
87688272.63878207 1350020832.0997744 6750104.1604988715 0.012343514127641678 0.2688632337509346
87688272.63878207 1350020832.0997744 6750104.1604988715 0.01084760582811147 0.2797108395790461
87688272.63878207 1350020832.0997744 6750104.1604988715 0.0015935280025671536 0.28130436758161326
87688272.63878207 1350020832.0997744 6750104.1604988715 0.0022499652803694746 0.2835543328619827
87688272.63878207 1350020832.0997744 6750104.1604988715 0.014719868047728393 0.29827420090971113
87688272.63878207 1350020832.0997744 6750104.1604988715 0.0009708478384084378 0.2992450487481196
87688272.63878207 1350020832.0997744 6750104.1604988715 0.004741697782617674 0.30398674653073726
87688272.63878207 1350020832.0997744 6750104.1604988715 0.048253679751727396 0.35224042628246466
87688272.63878207 1350020832.0997744 6750104.1604988715 0.001767276630673726 0.3540077029131384
87688272.63878207 1350020832.0997744 6750104.1604988715 0.014318494225326845 0.3683261971384652
87688272.63878207 1350020832.0997744 6750104.1604988715 2.349621394998897e-06 0.3683285467598602
87688272.63878207 1350020832.0997744 6750104.1604988715 0.01170227332729095 0.38003082008715117
87688272.63878207 1350020832.0997744 6750104.1604988715 0.0011539570158397461 0.3811847771029909
87688272.63878207 1350020832.0997744 6750104.1604988715 0.02192484824637617 0.4031096253493671
87688272.63878207 1350020832.0997744 6750104.1604988715 0.00794111324147735 0.41105073859084446
87688272.63878207 1350020832.0997744 6750104.1604988715 0.0074446474364321625 0.4184953860272766
87688272.63878207 1350020832.0997744 6750104.1604988715 0.023142329374675814 0.4416377154019524
87688272.63878207 1350020832.0997744 6750104.1604988715 0.011456300319378892 0.4530940157213313
87688272.63878207 1350020832.0997744 6750104.1604988715 0.002491999191272131 0.4555860149126034
87688272.63878207 1350020832.0997744 6750104.1604988715 0.003652170016556676 0.4592381849291601
87688272.63878207 1350020832.0997744 6750104.1604988715 0.0016302537474035773 0.46086843867656363
87688272.63878207 1350020832.0997744 6750104.1604988715 0.0028201768877403202 0.46368861556430396
87688272.63878207 1350020832.0997744 6750104.1604988715 0.0076125351195397185 0.4713011506838437
87688272.63878207 1350020832.0997744 6750104.1604988715 0.00090211620472399 0.4722032668885677
87688272.63878207 1350020832.0997744 6750104.1604988715 0.00518908286643042 0.4773923497549981
87688272.63878207 1350020832.0997744 6750104.1604988715 0.0009687405664995136 0.47836109032149765
87688272.63878207 1350020832.0997744 6750104.1604988715 0.0034968672050607625 0.4818579575265584
87688272.63878207 1350020832.0997744 6750104.1604988715 0.00681611738558556 0.488674074912144
87688272.63878207 1350020832.0997744 6750104.1604988715 0.02711051422175791 0.5157845891339019
87688272.63878207 1350020832.0997744 6750104.1604988715 0.0013950957356214668 0.5171796848695234
87688272.63878207 1350020832.0997744 6750104.1604988715 0.01033066147886693 0.5275103463483903
87688272.63878207 1350020832.0997744 6750104.1604988715 0.00658687021390014 0.5340972165622905
87688272.63878207 1350020832.0997744 6750104.1604988715 0.004117849043251413 0.5382150656055419
87688272.63878207 1350020832.0997744 6750104.1604988715 0.004163323990498273 0.5423783895960401
87688272.63878207 1350020832.0997744 6750104.1604988715 0.00564233887226408 0.5480207284683042
87688272.63878207 1350020832.0997744 6750104.1604988715 0.0070081137369722565 0.5550288422052765
87688272.63878207 1350020832.0997744 6750104.1604988715 0.0056505527231608815 0.5606793949284373
87688272.63878207 1350020832.0997744 6750104.1604988715 0.038646601452621665 0.599325996381059
87688272.63878207 1350020832.0997744 6750104.1604988715 0.005582631893790951 0.6049086282748499
87688272.63878207 1350020832.0997744 6750104.1604988715 0.011291156864298772 0.6161997851391487
87688272.63878207 1350020832.0997744 6750104.1604988715 0.0012505372870711864 0.6174503224262199
87688272.63878207 1350020832.0997744 6750104.1604988715 0.001701252923579003 0.6191515753497989
87688272.63878207 1350020832.0997744 6750104.1604988715 0.0018013770864660377 0.6209529524362649
87688272.63878207 1350020832.0997744 6750104.1604988715 0.002123528836121445 0.6230764812723864
87688272.63878207 1350020832.0997744 6750104.1604988715 0.010974805224435192 0.6340512864968215
87688272.63878207 1350020832.0997744 6750104.1604988715 0.031347134353723986 0.6653984208505455
87688272.63878207 1350020832.0997744 6750104.1604988715 0.0015698636692299754 0.6669682845197754
87688272.63878207 1350020832.0997744 6750104.1604988715 0.008739782810480962 0.6757080673302563
87688272.63878207 1350020832.0997744 6750104.1604988715 0.027544861901512535 0.7032529292317689
87688272.63878207 1350020832.0997744 6750104.1604988715 0.011861779451927264 0.7151147086836961
87688272.63878207 1350020832.0997744 6750104.1604988715 0.00531658630919909 0.7204312949928952
87688272.63878207 1350020832.0997744 6750104.1604988715 0.013245583816663502 0.7336768788095587
87688272.63878207 1350020832.0997744 6750104.1604988715 0.004330205446896807 0.7380070842564554
87688272.63878207 1350020832.0997744 6750104.1604988715 0.01289238003357542 0.7508994642900308
87688272.63878207 1350020832.0997744 6750104.1604988715 0.008297836050266455 0.7591973003402973
87688272.63878207 1350020832.0997744 6750104.1604988715 0.0031433232543267627 0.7623406235946241
87688272.63878207 1350020832.0997744 6750104.1604988715 0.004544945073711244 0.7668855686683353
87688272.63878207 1350020832.0997744 6750104.1604988715 0.010570990435571399 0.7774565591039068
87688272.63878207 1350020832.0997744 6750104.1604988715 0.021240565636485347 0.7986971247403921
87688272.63878207 1350020832.0997744 6750104.1604988715 0.029278744783128363 0.8279758695235204
87688272.63878207 1350020832.0997744 6750104.1604988715 0.012491133867531378 0.8404670033910518
87688272.63878207 1350020832.0997744 6750104.1604988715 0.00275614526923708 0.8432231486602889
87688272.63878207 1350020832.0997744 6750104.1604988715 0.0077138723185484846 0.8509370209788374
87688272.63878207 1350020832.0997744 6750104.1604988715 0.008848599869407146 0.8597856208482445
87688272.63878207 1350020832.0997744 6750104.1604988715 0.008373109162953155 0.8681587300111977
87688272.63878207 1350020832.0997744 6750104.1604988715 0.009610420795103955 0.8777691508063017
87688272.63878207 1350020832.0997744 6750104.1604988715 0.002101646791901021 0.8798707975982027
87688272.63878207 1350020832.0997744 6750104.1604988715 0.06495327372274312 0.9448240713209459
87688272.63878207 1350020832.0997744 6750104.1604988715 0.008666029613231893 0.9534901009341779
87688272.63878207 1350020832.0997744 6750104.1604988715 0.008482560710077348 0.9619726616442552
87688272.63878207 1350020832.0997744 6750104.1604988715 0.004163323990498273 0.9661359856347534
87688272.63878207 1350020832.0997744 6750104.1604988715 0.001691108434619106 0.9678270940693725
87688272.63878207 1350020832.0997744 6750104.1604988715 0.017736354126111048 0.9855634481954836
87688272.63878207 1350020832.0997744 6750104.1604988715 0.002258993621792691 0.9878224418172763
87688272.63878207 1350020832.0997744 6750104.1604988715 0.012177558182723492 0.9999999999999998
2701's generation extracting best parents:
0
0
0
0
0
0
0
0
0
0
0
0
0
0
0
0
0
0
0
0
0
0
0
0
0
0
0
0
0
0
4149178.9223893443
8265938.328344823
0
0
0
0
5135720.582355703
0
0
0
0
0
0
0
0
0
0
8778686.530375259
0
0
0
0
0
0
0
0
0
0
0
0
0
0
0
0
0
0
6513451.201760246
0
0
0
0
737248.9537408649
0
0
0
0
0
0
12512304.139847623
0
0
0
0
1892391.0872586565
0
0
0
0
0
0
0
0
0
0
0
0
0
0
0
0
0
8189448.508904614
12636391.079896823
2013270.8901605862
0
13065413.370717056
4072025.967571425
0
15025691.002667664
48265603.71466405
1728658.1009927904
0
45929473.266738
7913196.256065433
0
2373365.7226849804
16782941.945853952
4492645.463781
25310969.953757204
2155371.10261783
0
61709879.79972089
1790572.4107871205
21713170.67889478
0
16664001.213634139
14644493.846357409
2151296.0
3037500.0
19872128.510193165
1310664.8066504265
6401390.786055167
65143472.89030305
2385860.267492629
19330265.48849156
0
15798312.774768325
1557866.0107313467
29599001.873234037
10720668.306057788
10050429.1268216
31242626.759126894
15466244.089952802
3364250.821793167
4930505.6047216905
2200876.520603553
3807297.548655739
10277080.996469766
1217875.6693521715
7005369.9691730775
1307819.9456744802
4720843.573918543
9201900.464577956
36599758.96831038
1883408.3058625394
13946608.205841018
8892412.007102685
5559181.991831532
5620574.117953432
7617275.019322855
9461099.538637144
7628363.8891453
52173717.05089665
7536669.354562399
15243296.985309707
1688251.3888636373
2296726.8875022996
2431896.5931963474
2866808.1663285387
14816215.681224948
42319284.40415788
2119348.6570170564
11798888.862176811
37186137.384353325
16013649.365874851
7177502.273075223
17881814.085819367
5845867.560582603
17404981.620674007
11202251.529208224
4243551.875364787
6135770.530259423
14271057.303948857
28675206.094837822
39526915.39495588
16863290.937714383
3720853.529763299
10413888.32619824
11945794.15861499
11303871.799432263
12974268.278635215
2837266.9507820373
87688272.63878207
11699320.509456607
11451633.668155475
5620574.117953432
2283031.6160754324
23944447.5557487
3049688.4490006515
16439957.230783785
