0 0 50 0 1.0 0.0
1 1 18 4 76.36753236814714 305.47012947258855
2 11 125 484 1397.5424859373686 676410.5631936864
3 0 2 0 2.8284271247461903 0.0
4 0 50 0 1.0 0.0
5 0 50 0 1.0 0.0
6 2 79 16 156.16977940690063 2498.71647051041
7 0 50 0 1.0 0.0
8 1 6 4 14.696938456699069 58.787753826796276
9 7 119 196 1298.13674164165 254434.80136176338
10 0 50 0 1.0 0.0
11 0 50 0 1.0 0.0
12 1 13 4 46.87216658103186 187.48866632412745
13 15 219 900 3240.9040405417745 2916813.636487597
14 0 50 0 1.0 0.0
15 0 50 0 1.0 0.0
16 0 9 0 27.0 0.0
17 4 161 64 1169.4575665666541 74845.28426026586
18 20 272 1600 4485.938920672014 7177502.273075223
19 1 54 4 396.81733833087486 1587.2693533234994
20 5 40 100 252.98221281347034 25298.221281347032
21 1 55 4 11.180339887498949 44.721359549995796
22 0 50 0 1.0 0.0
23 1 11 4 36.4828726939094 145.9314907756376
24 0 2 0 2.8284271247461903 0.0
25 0 50 0 1.0 0.0
26 0 9 0 27.0 0.0
27 2 34 16 198.25236442474022 3172.0378307958435
28 0 50 0 1.0 0.0
29 0 50 0 1.0 0.0
30 0 14 0 52.38320341483518 0.0
31 21 311 1764 5484.544739538552 9674736.920546005
32 1 65 4 58.09475019311125 232.379000772445
33 0 5 0 11.180339887498949 0.0
34 0 50 0 1.0 0.0
35 1 52 4 2.8284271247461903 11.313708498984761
36 4 51 64 364.21284985568536 23309.622390763863
37 0 14 0 52.38320341483518 0.0
38 0 50 0 1.0 0.0
39 0 50 0 1.0 0.0
40 3 25 36 125.0 4500.0
41 2 41 16 262.5280937347468 4200.449499755949
42 2 59 16 27.0 432.0
43 0 5 0 11.180339887498949 0.0
44 0 50 0 1.0 0.0
45 8 114 256 1217.1869207315694 311599.8517072818
46 0 15 0 58.09475019311125 0.0
47 4 77 64 675.6722578291934 43243.02450106838
48 0 50 0 1.0 0.0
49 1 59 4 27.0 108.0
50 15 224 900 3352.5250185494515 3017272.516694506
51 0 2 0 2.8284271247461903 0.0
52 0 50 0 1.0 0.0
53 2 67 16 70.09279563550022 1121.4847301680036
54 1 53 4 5.196152422706632 20.784609690826528
55 0 50 0 1.0 0.0
56 0 6 0 14.696938456699069 0.0
57 5 114 100 1217.1869207315694 121718.69207315694
58 2 23 16 110.30412503619254 1764.8660005790807
59 0 50 0 1.0 0.0
60 0 6 0 14.696938456699069 0.0
61 0 50 0 1.0 0.0
62 0 5 0 11.180339887498949 0.0
63 2 40 16 252.98221281347034 4047.7154050155254
64 1 13 4 46.87216658103186 187.48866632412745
65 0 5 0 11.180339887498949 0.0
66 5 81 100 729.0 72900.0
67 4 103 64 385.84582413186746 24694.132744439517
68 3 50 36 353.5533905932738 12727.922061357856
69 6 294 144 291.8629815512752 42028.269343383625
70 1 14 4 52.38320341483518 209.53281365934072
71 6 345 144 925.9454627568516 133336.14663698664
72 6 132 144 1516.5645386860397 218385.2935707897
73 2 29 16 156.16977940690063 2498.71647051041
74 1 56 4 14.696938456699069 58.787753826796276
75 5 100 100 1000.0 100000.0
76 0 50 0 1.0 0.0
77 0 2 0 2.8284271247461903 0.0
78 0 50 0 1.0 0.0
79 0 50 0 1.0 0.0
80 0 50 0 1.0 0.0
81 0 50 0 1.0 0.0
82 1 13 4 46.87216658103186 187.48866632412745
83 0 50 0 1.0 0.0
84 18 210 1296 3043.189116699782 3943973.0952429175
85 1 55 4 11.180339887498949 44.721359549995796
86 10 405 400 1929.7344376882536 771893.7750753014
87 4 70 64 89.44271909999159 5724.334022399462
88 27 384 2916 7524.832489829923 21942411.540344056
89 1 9 4 27.0 108.0
90 0 50 0 1.0 0.0
91 0 2 0 2.8284271247461903 0.0
92 1 29 4 156.16977940690063 624.6791176276025
93 0 50 0 1.0 0.0
94 0 50 0 1.0 0.0
95 3 97 36 322.21576621884907 11599.767583878567
96 3 113 36 500.0469977912076 18001.691920483474
97 0 5 0 11.180339887498949 0.0
98 1 60 4 31.622776601683793 126.49110640673517
99 1 51 4 1.0 4.0
100 15 185 900 2516.272044116057 2264644.839704451
101 18 383 1296 7495.457757869095 9714113.254198346
102 15 314 900 5564.094176054176 5007684.758448759
103 9 135 324 1568.5582552140038 508212.8746893372
104 3 30 36 164.31676725154983 5915.403621055794
105 4 50 64 353.5533905932738 22627.41699796952
106 12 159 576 2004.9137138540402 1154830.2991799272
107 19 412 1444 8362.686649635989 12075719.522074368
108 0 50 0 1.0 0.0
109 11 189 484 2598.3204190399615 1257587.0828153414
110 12 169 576 2197.0 1265472.0
111 18 266 1296 4338.328710459824 5622474.008755932
112 1 9 4 27.0 108.0
113 26 383 2704 7495.457757869095 20267717.777278032
114 14 424 784 2295.2176367394877 1799450.6272037583
115 0 50 0 1.0 0.0
116 10 137 400 1603.5438877685885 641417.5551074354
117 20 288 1600 4887.522071561417 7820035.314498267
118 0 3 0 5.196152422706632 0.0
119 10 176 400 2334.9038524102016 933961.5409640806
120 14 193 784 2681.2416899638124 2102093.484931629
121 17 209 1156 3021.4779496134006 3492828.5097530913
122 20 240 1600 3718.06401235912 5948902.419774592
123 9 189 324 2598.3204190399615 841855.8157689475
124 12 195 576 2723.0268085349435 1568463.4417161276
125 17 310 1156 5458.113227114292 6309578.890544122
126 31 372 3844 7174.8761661787585 27580223.982791148
127 17 277 1156 4610.198802654827 5329389.81586898
128 7 138 196 1621.132937176961 317742.0556866843
129 16 250 1024 3952.847075210474 4047715.4050155254
130 0 50 0 1.0 0.0
131 28 559 3136 13216.538086806242 41447063.44022437
132 14 245 784 3834.8565814121393 3006527.5598271172
133 24 389 2304 7672.279257169932 17676931.40851952
134 29 416 3364 8484.768470618394 28542761.135160275
135 20 337 1600 6186.497635981121 9898396.217569793
136 19 328 1444 5940.332650618146 8577840.347492602
137 21 343 1764 6352.448897866082 11205719.85583577
138 14 197 784 2765.0267629807854 2167780.9821769358
139 23 386 2116 7583.6967238939615 16047102.267759623
140 21 361 1764 6859.0 12099276.0
141 22 354 1936 6660.47025366828 12894670.41110179
142 14 247 784 3881.9097104389225 3043417.2129841154
143 25 414 2500 8423.653839041583 21059134.597603958
144 15 218 900 3218.7314271308815 2896858.284417793
145 11 156 484 1948.4393755003002 943044.6577421454
146 21 374 1764 7232.8157725743295 12758687.022821117
147 25 533 2500 12305.260541735799 30763151.3543395
148 14 194 784 2702.1073257737194 2118452.143406596
149 22 392 1936 7761.204030303546 15025691.002667664
150 11 155 484 1929.7344376882536 933991.4678411147
151 16 254 1024 4048.0938724293437 4145248.125367648
152 23 350 2116 6547.900426854398 13855357.303223906
153 20 287 1600 4862.088337329958 7779341.3397279335
154 19 353 1444 6632.267862503745 9576994.793455409
155 19 364 1444 6944.677386315364 10028114.145839386
156 9 118 324 1281.8080979616254 415305.82373956667
157 19 387 1444 7613.186126714622 10993440.766975915
158 21 463 1764 9962.572308395056 17573977.55200888
159 13 200 676 2828.42712474619 1912016.7363284247
160 17 310 1156 5458.113227114292 6309578.890544122
161 20 476 1600 10385.0939331332 16616150.293013118
162 26 508 2704 11449.738512298 30960092.93725379
163 21 391 1764 7731.524493914509 13638409.207265193
164 14 244 784 3811.4018418424475 2988139.044004479
165 16 247 1024 3881.9097104389225 3975075.5434894566
166 25 401 2500 8030.018742194815 20075046.855487037
167 18 354 1296 6660.47025366828 8631969.44875409
168 17 186 1156 2536.7017956393693 2932427.2757591107
169 22 393 1936 7790.921447428411 15083223.922221404
170 18 275 1296 4560.359086738675 5910225.376413322
171 28 417 3136 8515.380966228111 26704234.710091356
172 24 306 2304 5352.813839467985 12332883.086134238
173 16 206 1024 2956.656219447909 3027615.9687146586
174 17 325 1156 5859.020822628982 6773028.070959103
175 10 111 400 1169.4575665666541 467783.02662666165
176 14 232 784 3533.7187211208534 2770435.477358749
177 6 77 144 675.6722578291934 97296.80512740386
178 17 294 1156 5041.049890647781 5827453.673588835
179 33 448 4356 9482.372698855492 41305215.47621452
180 20 233 1600 3556.5906427363834 5690545.028378214
181 6 67 144 548.4186357154541 78972.28354302539
182 20 358 1600 6773.677878375971 10837884.605401553
183 21 358 1764 6773.677878375971 11948767.777455213
184 9 166 324 2138.760388636371 692958.3659181842
185 19 330 1444 5994.747701113033 8656415.68040722
186 18 346 1296 6435.972032257443 8341019.753805647
187 15 284 900 4786.053071164171 4307447.764047754
188 20 266 1600 4338.328710459824 6941325.9367357185
189 18 280 1296 4685.296148590823 6072143.808573706
190 20 327 1600 5913.187211648215 9461099.538637144
191 20 390 1600 7701.882886671285 12323012.618674055
192 13 166 676 2138.760388636371 1445802.0227181867
193 1 12 4 41.569219381653056 166.27687752661222
194 31 482 3844 10582.068228848271 40677470.27169275
195 17 254 1156 4048.0938724293437 4679596.516528321
196 19 347 1444 6463.8937955384135 9333862.64075747
197 25 385 2500 7554.245495084205 18885613.737710513
198 11 204 484 2913.702798845483 1410232.1546412138
199 21 324 1764 5832.0 10287648.0
2101's generation fitness ratios and roulette cutoffs:
41447063.44022437 907428680.6231527 4537143.403115763 0.0 0.0
41447063.44022437 907428680.6231527 4537143.403115763 3.366326588474314e-07 3.366326588474314e-07
41447063.44022437 907428680.6231527 4537143.403115763 0.0007454145737703367 0.0007457512064291841
41447063.44022437 907428680.6231527 4537143.403115763 0.0 0.0007457512064291841
41447063.44022437 907428680.6231527 4537143.403115763 0.0 0.0007457512064291841
41447063.44022437 907428680.6231527 4537143.403115763 0.0 0.0007457512064291841
41447063.44022437 907428680.6231527 4537143.403115763 2.7536229831246708e-06 0.0007485048294123088
41447063.44022437 907428680.6231527 4537143.403115763 0.0 0.0007485048294123088
41447063.44022437 907428680.6231527 4537143.403115763 6.478498540119466e-08 0.0007485696143977099
41447063.44022437 907428680.6231527 4537143.403115763 0.00028039096272231223 0.0010289605771200221
41447063.44022437 907428680.6231527 4537143.403115763 0.0 0.0010289605771200221
41447063.44022437 907428680.6231527 4537143.403115763 0.0 0.0010289605771200221
41447063.44022437 907428680.6231527 4537143.403115763 2.0661531900818315e-07 0.0010291671924390303
41447063.44022437 907428680.6231527 4537143.403115763 0.0032143723234365398 0.00424353951587557
41447063.44022437 907428680.6231527 4537143.403115763 0.0 0.00424353951587557
41447063.44022437 907428680.6231527 4537143.403115763 0.0 0.00424353951587557
41447063.44022437 907428680.6231527 4537143.403115763 0.0 0.00424353951587557
41447063.44022437 907428680.6231527 4537143.403115763 8.24806244925693e-05 0.004326020140368139
41447063.44022437 907428680.6231527 4537143.403115763 0.007909715029225507 0.012235735169593646
41447063.44022437 907428680.6231527 4537143.403115763 1.7491946058322558e-06 0.012237484364199478
41447063.44022437 907428680.6231527 4537143.403115763 2.7879018838124168e-05 0.012265363383037601
41447063.44022437 907428680.6231527 4537143.403115763 4.928360818316276e-08 0.012265412666645784
41447063.44022437 907428680.6231527 4537143.403115763 0.0 0.012265412666645784
41447063.44022437 907428680.6231527 4537143.403115763 1.6081868899649833e-07 0.01226557348533478
41447063.44022437 907428680.6231527 4537143.403115763 0.0 0.01226557348533478
41447063.44022437 907428680.6231527 4537143.403115763 0.0 0.01226557348533478
41447063.44022437 907428680.6231527 4537143.403115763 0.0 0.01226557348533478
41447063.44022437 907428680.6231527 4537143.403115763 3.4956332090115668e-06 0.012269069118543792
41447063.44022437 907428680.6231527 4537143.403115763 0.0 0.012269069118543792
41447063.44022437 907428680.6231527 4537143.403115763 0.0 0.012269069118543792
41447063.44022437 907428680.6231527 4537143.403115763 0.0 0.012269069118543792
41447063.44022437 907428680.6231527 4537143.403115763 0.0106617050211617 0.02293077413970549
41447063.44022437 907428680.6231527 4537143.403115763 2.5608514006066557e-07 0.022931030224845553
41447063.44022437 907428680.6231527 4537143.403115763 0.0 0.022931030224845553
41447063.44022437 907428680.6231527 4537143.403115763 0.0 0.022931030224845553
41447063.44022437 907428680.6231527 4537143.403115763 1.246787625360857e-08 0.022931042692721806
41447063.44022437 907428680.6231527 4537143.403115763 2.5687553070018236e-05 0.022956730245791823
41447063.44022437 907428680.6231527 4537143.403115763 0.0 0.022956730245791823
41447063.44022437 907428680.6231527 4537143.403115763 0.0 0.022956730245791823
41447063.44022437 907428680.6231527 4537143.403115763 0.0 0.022956730245791823
41447063.44022437 907428680.6231527 4537143.403115763 4.959067413330757e-06 0.022961689313205153
41447063.44022437 907428680.6231527 4537143.403115763 4.6289582745736015e-06 0.022966318271479727
41447063.44022437 907428680.6231527 4537143.403115763 4.760704716797527e-07 0.022966794341951407
41447063.44022437 907428680.6231527 4537143.403115763 0.0 0.022966794341951407
41447063.44022437 907428680.6231527 4537143.403115763 0.0 0.022966794341951407
41447063.44022437 907428680.6231527 4537143.403115763 0.00034338770457783944 0.023310182046529248
41447063.44022437 907428680.6231527 4537143.403115763 0.0 0.023310182046529248
41447063.44022437 907428680.6231527 4537143.403115763 4.7654460812691494e-05 0.02335783650734194
41447063.44022437 907428680.6231527 4537143.403115763 0.0 0.02335783650734194
41447063.44022437 907428680.6231527 4537143.403115763 1.1901761791993817e-07 0.02335795552495986
41447063.44022437 907428680.6231527 4537143.403115763 0.003325079514372935 0.026683035039332795
41447063.44022437 907428680.6231527 4537143.403115763 0.0 0.026683035039332795
41447063.44022437 907428680.6231527 4537143.403115763 0.0 0.026683035039332795
41447063.44022437 907428680.6231527 4537143.403115763 1.2358929733164853e-06 0.02668427093230611
41447063.44022437 907428680.6231527 4537143.403115763 2.290495124812811e-08 0.02668429383725736
41447063.44022437 907428680.6231527 4537143.403115763 0.0 0.02668429383725736
41447063.44022437 907428680.6231527 4537143.403115763 0.0 0.02668429383725736
41447063.44022437 907428680.6231527 4537143.403115763 0.00013413582210071852 0.026818429659358076
41447063.44022437 907428680.6231527 4537143.403115763 1.9449087716371335e-06 0.026820374568129714
41447063.44022437 907428680.6231527 4537143.403115763 0.0 0.026820374568129714
41447063.44022437 907428680.6231527 4537143.403115763 0.0 0.026820374568129714
41447063.44022437 907428680.6231527 4537143.403115763 0.0 0.026820374568129714
41447063.44022437 907428680.6231527 4537143.403115763 0.0 0.026820374568129714
41447063.44022437 907428680.6231527 4537143.403115763 4.4606430140998665e-06 0.026824835211143816
41447063.44022437 907428680.6231527 4537143.403115763 2.0661531900818315e-07 0.026825041826462823
41447063.44022437 907428680.6231527 4537143.403115763 0.0 0.026825041826462823
41447063.44022437 907428680.6231527 4537143.403115763 8.033689209595827e-05 0.026905378718558783
41447063.44022437 907428680.6231527 4537143.403115763 2.7213304220758673e-05 0.02693259202277954
41447063.44022437 907428680.6231527 4537143.403115763 1.4026360785309642e-05 0.02694661838356485
41447063.44022437 907428680.6231527 4537143.403115763 4.631578243099151e-05 0.026992934165995842
41447063.44022437 907428680.6231527 4537143.403115763 2.3090829960923164e-07 0.02699316507429545
41447063.44022437 907428680.6231527 4537143.403115763 0.0001469384310681271 0.02714010350536358
41447063.44022437 907428680.6231527 4537143.403115763 0.00024066386508834981 0.02738076737045193
41447063.44022437 907428680.6231527 4537143.403115763 2.7536229831246708e-06 0.027383520993435054
41447063.44022437 907428680.6231527 4537143.403115763 6.478498540119466e-08 0.027383585778420455
41447063.44022437 907428680.6231527 4537143.403115763 0.00011020149807401683 0.027493787276494472
41447063.44022437 907428680.6231527 4537143.403115763 0.0 0.027493787276494472
41447063.44022437 907428680.6231527 4537143.403115763 0.0 0.027493787276494472
41447063.44022437 907428680.6231527 4537143.403115763 0.0 0.027493787276494472
41447063.44022437 907428680.6231527 4537143.403115763 0.0 0.027493787276494472
41447063.44022437 907428680.6231527 4537143.403115763 0.0 0.027493787276494472
41447063.44022437 907428680.6231527 4537143.403115763 0.0 0.027493787276494472
41447063.44022437 907428680.6231527 4537143.403115763 2.0661531900818315e-07 0.02749399389181348
41447063.44022437 907428680.6231527 4537143.403115763 0.0 0.02749399389181348
41447063.44022437 907428680.6231527 4537143.403115763 0.004346317434593866 0.03184031132640734
41447063.44022437 907428680.6231527 4537143.403115763 4.928360818316276e-08 0.03184036061001552
41447063.44022437 907428680.6231527 4537143.403115763 0.0008506385036730641 0.032690999113688585
41447063.44022437 907428680.6231527 4537143.403115763 6.308301847444834e-06 0.03269730741553603
41447063.44022437 907428680.6231527 4537143.403115763 0.0241808662310251 0.05687817364656113
41447063.44022437 907428680.6231527 4537143.403115763 1.1901761791993817e-07 0.05687829266417905
41447063.44022437 907428680.6231527 4537143.403115763 0.0 0.05687829266417905
41447063.44022437 907428680.6231527 4537143.403115763 0.0 0.05687829266417905
41447063.44022437 907428680.6231527 4537143.403115763 6.884057457811677e-07 0.05687898106992483
41447063.44022437 907428680.6231527 4537143.403115763 0.0 0.05687898106992483
41447063.44022437 907428680.6231527 4537143.403115763 0.0 0.05687898106992483
41447063.44022437 907428680.6231527 4537143.403115763 1.2783117650538367e-05 0.05689176418757537
41447063.44022437 907428680.6231527 4537143.403115763 1.983813417504204e-05 0.05691160232175041
41447063.44022437 907428680.6231527 4537143.403115763 0.0 0.05691160232175041
41447063.44022437 907428680.6231527 4537143.403115763 1.3939509419062083e-07 0.0569117417168446
41447063.44022437 907428680.6231527 4537143.403115763 4.408059922960673e-09 0.05691174612490452
41447063.44022437 907428680.6231527 4537143.403115763 0.002495672539410222 0.059407418664314746
41447063.44022437 907428680.6231527 4537143.403115763 0.010705098330733204 0.07011251699504795
41447063.44022437 907428680.6231527 4537143.403115763 0.005518543622634744 0.0756310606176827
41447063.44022437 907428680.6231527 4537143.403115763 0.0005600582013126755 0.07619111881899537
41447063.44022437 907428680.6231527 4537143.403115763 6.518863407528123e-06 0.0761976376824029
41447063.44022437 907428680.6231527 4537143.403115763 2.493575250721714e-05 0.07622257343491011
41447063.44022437 907428680.6231527 4537143.403115763 0.0012726402899089302 0.07749521372481905
41447063.44022437 907428680.6231527 4537143.403115763 0.01330762381654246 0.09080283754136151
41447063.44022437 907428680.6231527 4537143.403115763 0.0 0.09080283754136151
41447063.44022437 907428680.6231527 4537143.403115763 0.001385879804847833 0.09218871734620934
41447063.44022437 907428680.6231527 4537143.403115763 0.0013945691017072223 0.09358328644791657
41447063.44022437 907428680.6231527 4537143.403115763 0.006196050586471265 0.09977933703438784
41447063.44022437 907428680.6231527 4537143.403115763 1.1901761791993817e-07 0.09977945605200575
41447063.44022437 907428680.6231527 4537143.403115763 0.022335328615974218 0.12211478466797997
41447063.44022437 907428680.6231527 4537143.403115763 0.0019830215482808337 0.1240978062162608
41447063.44022437 907428680.6231527 4537143.403115763 0.0 0.1240978062162608
41447063.44022437 907428680.6231527 4537143.403115763 0.0007068517546381263 0.12480465797089893
41447063.44022437 907428680.6231527 4537143.403115763 0.008617796066494245 0.13342245403739317
41447063.44022437 907428680.6231527 4537143.403115763 0.0 0.13342245403739317
41447063.44022437 907428680.6231527 4537143.403115763 0.0010292396095775893 0.13445169364697077
41447063.44022437 907428680.6231527 4537143.403115763 0.0023165385113109627 0.13676823215828174
41447063.44022437 907428680.6231527 4537143.403115763 0.0038491493429042636 0.140617381501186
41447063.44022437 907428680.6231527 4537143.403115763 0.006555779585553038 0.14717316108673903
41447063.44022437 907428680.6231527 4537143.403115763 0.0009277377206006153 0.14810089880733965
41447063.44022437 907428680.6231527 4537143.403115763 0.0017284702095144563 0.1498293690168541
41447063.44022437 907428680.6231527 4537143.403115763 0.0069532504595415535 0.15678261947639566
41447063.44022437 907428680.6231527 4537143.403115763 0.030393820001205114 0.18717643947760076
41447063.44022437 907428680.6231527 4537143.403115763 0.005873067415291703 0.19304950689289246
41447063.44022437 907428680.6231527 4537143.403115763 0.0003501565053779029 0.19339966339827036
41447063.44022437 907428680.6231527 4537143.403115763 0.0044606430140998665 0.19786030641237023
41447063.44022437 907428680.6231527 4537143.403115763 0.0 0.19786030641237023
41447063.44022437 907428680.6231527 4537143.403115763 0.045675284818815394 0.24353559123118562
41447063.44022437 907428680.6231527 4537143.403115763 0.003313238410937666 0.2468488296421233
41447063.44022437 907428680.6231527 4537143.403115763 0.019480243225704918 0.2663290728678282
41447063.44022437 907428680.6231527 4537143.403115763 0.03145455036263488 0.2977836232304631
41447063.44022437 907428680.6231527 4537143.403115763 0.01090818091706373 0.30869180414752684
41447063.44022437 907428680.6231527 4537143.403115763 0.009452908565334298 0.31814471271286116
41447063.44022437 907428680.6231527 4537143.403115763 0.012348871151108576 0.3304935838639697
41447063.44022437 907428680.6231527 4537143.403115763 0.002388927117322619 0.33288251098129235
41447063.44022437 907428680.6231527 4537143.403115763 0.017684147096540634 0.350566658077833
41447063.44022437 907428680.6231527 4537143.403115763 0.013333583408109981 0.36390024148594297
41447063.44022437 907428680.6231527 4537143.403115763 0.014210119964741157 0.3781103614506841
41447063.44022437 907428680.6231527 4537143.403115763 0.003353891361350987 0.3814642528120351
41447063.44022437 907428680.6231527 4537143.403115763 0.023207481807983137 0.40467173462001826
41447063.44022437 907428680.6231527 4537143.403115763 0.0031923812265096715 0.40786411584652793
41447063.44022437 907428680.6231527 4537143.403115763 0.0010392493403388289 0.40890336518686676
41447063.44022437 907428680.6231527 4537143.403115763 0.014060264233724048 0.4229636294205908
41447063.44022437 907428680.6231527 4537143.403115763 0.03390145364725933 0.4568650830678501
41447063.44022437 907428680.6231527 4537143.403115763 0.002334565998015188 0.4591996490658653
41447063.44022437 907428680.6231527 4537143.403115763 0.016558536580912525 0.47575818564677785
41447063.44022437 907428680.6231527 4537143.403115763 0.0010292725894444075 0.47678745823622226
41447063.44022437 907428680.6231527 4537143.403115763 0.0045681255330402475 0.4813555837692625
41447063.44022437 907428680.6231527 4537143.403115763 0.015268811311660442 0.496624395080923
41447063.44022437 907428680.6231527 4537143.403115763 0.008572950696671473 0.5051973457775945
41447063.44022437 907428680.6231527 4537143.403115763 0.010553991732858455 0.5157513375104529
41447063.44022437 907428680.6231527 4537143.403115763 0.0110511320172874 0.5268024695277402
41447063.44022437 907428680.6231527 4537143.403115763 0.0004576732393496383 0.5272601427670899
41447063.44022437 907428680.6231527 4537143.403115763 0.012114936415087145 0.539375079182177
41447063.44022437 907428680.6231527 4537143.403115763 0.019366786533505216 0.5587418657156822
41447063.44022437 907428680.6231527 4537143.403115763 0.002107071086859848 0.560848936802542
41447063.44022437 907428680.6231527 4537143.403115763 0.0069532504595415535 0.5678021872620835
41447063.44022437 907428680.6231527 4537143.403115763 0.018311246545130593 0.5861134338072141
41447063.44022437 907428680.6231527 4537143.403115763 0.03411848622196156 0.6202319200291757
41447063.44022437 907428680.6231527 4537143.403115763 0.015029731259870886 0.6352616512890465
41447063.44022437 907428680.6231527 4537143.403115763 0.0032929739910275407 0.6385546252800741
41447063.44022437 907428680.6231527 4537143.403115763 0.004380592798499248 0.6429352180785733
41447063.44022437 907428680.6231527 4537143.403115763 0.022123002373807522 0.6650582204523808
41447063.44022437 907428680.6231527 4537143.403115763 0.009512559645818462 0.6745707800981993
41447063.44022437 907428680.6231527 4537143.403115763 0.0032315787878176207 0.6778023588860169
41447063.44022437 907428680.6231527 4537143.403115763 0.016621938720146466 0.6944242976061634
41447063.44022437 907428680.6231527 4537143.403115763 0.006513156904358181 0.7009374545105216
41447063.44022437 907428680.6231527 4537143.403115763 0.02942846669972226 0.7303659212102438
41447063.44022437 907428680.6231527 4537143.403115763 0.01359102191663697 0.7439569431268808
41447063.44022437 907428680.6231527 4537143.403115763 0.0033364781534517105 0.7472934212803325
41447063.44022437 907428680.6231527 4537143.403115763 0.007463978399170615 0.7547573996795031
41447063.44022437 907428680.6231527 4537143.403115763 0.0005155039030785582 0.7552729035825816
41447063.44022437 907428680.6231527 4537143.403115763 0.003053061399223381 0.7583259649818049
41447063.44022437 907428680.6231527 4537143.403115763 0.00010722253682855588 0.7584331875186335
41447063.44022437 907428680.6231527 4537143.403115763 0.006421941247864223 0.7648551287664977
41447063.44022437 907428680.6231527 4537143.403115763 0.04551896623748905 0.8103740950039868
41447063.44022437 907428680.6231527 4537143.403115763 0.006271065869849278 0.8166451608738361
41447063.44022437 907428680.6231527 4537143.403115763 8.702863952767423e-05 0.8167321895133638
41447063.44022437 907428680.6231527 4537143.403115763 0.01194351119468576 0.8286757007080495
41447063.44022437 907428680.6231527 4537143.403115763 0.01316772109214105 0.8418434218001906
41447063.44022437 907428680.6231527 4537143.403115763 0.0007636505002710663 0.8426070723004616
41447063.44022437 907428680.6231527 4537143.403115763 0.009539499759322854 0.8521465720597845
41447063.44022437 907428680.6231527 4537143.403115763 0.009191928723343493 0.861338500783128
41447063.44022437 907428680.6231527 4537143.403115763 0.004746871964736367 0.8660853727478643
41447063.44022437 907428680.6231527 4537143.403115763 0.007649445168483044 0.8737348179163474
41447063.44022437 907428680.6231527 4537143.403115763 0.006691593442256885 0.8804264113586043
41447063.44022437 907428680.6231527 4537143.403115763 0.010426273425852029 0.8908526847844563
41447063.44022437 907428680.6231527 4537143.403115763 0.01358014451362894 0.9044328292980853
41447063.44022437 907428680.6231527 4537143.403115763 0.001593295488219879 0.9060261247863052
41447063.44022437 907428680.6231527 4537143.403115763 1.832396099850249e-07 0.9060263080259151
41447063.44022437 907428680.6231527 4537143.403115763 0.044827181618018255 0.9508534896439333
41447063.44022437 907428680.6231527 4537143.403115763 0.005156985465033717 0.9560104751089671
41447063.44022437 907428680.6231527 4537143.403115763 0.010286056458285718 0.9662965315672528
41447063.44022437 907428680.6231527 4537143.403115763 0.02081222925942931 0.9871087608266821
41447063.44022437 907428680.6231527 4537143.403115763 0.0015540969607361033 0.9886628577874181
41447063.44022437 907428680.6231527 4537143.403115763 0.01133714221258163 0.9999999999999998
2101's generation extracting best parents:
0
0
676410.5631936864
0
0
0
0
0
0
254434.80136176338
0
0
0
2916813.636487597
0
0
0
0
7177502.273075223
0
0
0
0
0
0
0
0
0
0
0
0
9674736.920546005
0
0
0
0
0
0
0
0
0
0
0
0
0
311599.8517072818
0
0
0
0
3017272.516694506
0
0
0
0
0
0
0
0
0
0
0
0
0
0
0
0
0
0
0
0
0
0
0
0
0
0
0
0
0
0
0
0
0
3943973.0952429175
0
771893.7750753014
0
21942411.540344056
0
0
0
0
0
0
0
0
0
0
0
2264644.839704451
9714113.254198346
5007684.758448759
508212.8746893372
0
0
1154830.2991799272
12075719.522074368
0
1257587.0828153414
1265472.0
5622474.008755932
0
20267717.777278032
1799450.6272037583
0
641417.5551074354
7820035.314498267
0
933961.5409640806
2102093.484931629
3492828.5097530913
5948902.419774592
841855.8157689475
1568463.4417161276
6309578.890544122
27580223.982791148
5329389.81586898
317742.0556866843
4047715.4050155254
0
41447063.44022437
3006527.5598271172
17676931.40851952
28542761.135160275
9898396.217569793
8577840.347492602
11205719.85583577
2167780.9821769358
16047102.267759623
12099276.0
12894670.41110179
3043417.2129841154
21059134.597603958
2896858.284417793
943044.6577421454
12758687.022821117
30763151.3543395
2118452.143406596
15025691.002667664
933991.4678411147
4145248.125367648
13855357.303223906
7779341.3397279335
9576994.793455409
10028114.145839386
415305.82373956667
10993440.766975915
17573977.55200888
1912016.7363284247
6309578.890544122
16616150.293013118
30960092.93725379
13638409.207265193
2988139.044004479
3975075.5434894566
20075046.855487037
8631969.44875409
2932427.2757591107
15083223.922221404
5910225.376413322
26704234.710091356
12332883.086134238
3027615.9687146586
6773028.070959103
467783.02662666165
2770435.477358749
0
5827453.673588835
41305215.47621452
5690545.028378214
0
10837884.605401553
11948767.777455213
692958.3659181842
8656415.68040722
8341019.753805647
4307447.764047754
6941325.9367357185
6072143.808573706
9461099.538637144
12323012.618674055
1445802.0227181867
0
40677470.27169275
4679596.516528321
9333862.64075747
18885613.737710513
1410232.1546412138
10287648.0
