0 1 56 4 14.696938456699069 58.787753826796276
1 1 31 4 172.60069524773067 690.4027809909227
2 0 50 0 1.0 0.0
3 0 5 0 11.180339887498949 0.0
4 3 32 36 181.01933598375618 6516.696095415223
5 2 10 16 31.622776601683793 505.9644256269407
6 3 77 36 140.29611541307906 5050.660154870846
7 2 34 16 198.25236442474022 3172.0378307958435
8 30 409 3600 8271.513102208084 29777447.167949103
9 0 6 0 14.696938456699069 0.0
10 0 50 0 1.0 0.0
11 3 66 36 64.0 2304.0
12 3 64 36 512.0 18432.0
13 0 50 0 1.0 0.0
14 3 63 36 46.87216658103186 1687.397996917147
15 26 477 2704 10417.837251560422 28169831.92821938
16 0 50 0 1.0 0.0
17 0 6 0 14.696938456699069 0.0
18 10 124 400 1380.8055619818454 552322.2247927381
19 0 50 0 1.0 0.0
20 0 5 0 11.180339887498949 0.0
21 0 6 0 14.696938456699069 0.0
22 0 50 0 1.0 0.0
23 13 168 676 2177.5288746650413 1472009.519273568
24 1 11 4 36.4828726939094 145.9314907756376
25 0 50 0 1.0 0.0
26 25 347 2500 6463.8937955384135 16159734.488846034
27 1 51 4 1.0 4.0
28 0 50 0 1.0 0.0
29 0 50 0 1.0 0.0
30 2 18 16 76.36753236814714 1221.8805178903542
31 8 111 256 1169.4575665666541 299381.13704106346
32 0 50 0 1.0 0.0
33 0 50 0 1.0 0.0
34 0 50 0 1.0 0.0
35 1 57 4 18.520259177452132 74.08103670980853
36 0 50 0 1.0 0.0
37 0 50 0 1.0 0.0
38 19 256 1444 4096.0 5914624.0
39 0 50 0 1.0 0.0
40 11 145 484 1746.0312139248829 845079.1075396433
41 1 53 4 5.196152422706632 20.784609690826528
42 2 59 16 27.0 432.0
43 7 93 196 896.8595207723448 175784.46607137957
44 0 50 0 1.0 0.0
45 1 55 4 11.180339887498949 44.721359549995796
46 3 116 36 536.1865347059734 19302.715249415043
47 5 110 100 1153.6897329871667 115368.97329871668
48 1 21 4 96.23408959407264 384.93635837629057
49 0 50 0 1.0 0.0
50 19 268 1444 4387.349085723633 6335332.079784926
51 0 50 0 1.0 0.0
52 0 50 0 1.0 0.0
53 1 69 4 82.8190799272728 331.2763197090912
54 0 50 0 1.0 0.0
55 1 14 4 52.38320341483518 209.53281365934072
56 0 2 0 2.8284271247461903 0.0
57 21 356 1764 6716.994566024302 11848778.41446687
58 8 388 256 1621.132937176961 415010.031917302
59 0 50 0 1.0 0.0
60 0 50 0 1.0 0.0
61 0 50 0 1.0 0.0
62 0 50 0 1.0 0.0
63 8 345 256 925.9454627568516 237042.038465754
64 0 50 0 1.0 0.0
65 0 50 0 1.0 0.0
66 1 6 4 14.696938456699069 58.787753826796276
67 1 61 4 36.4828726939094 145.9314907756376
68 4 92 64 272.19110933313016 17420.23099732033
69 0 50 0 1.0 0.0
70 5 58 100 441.7148401401067 44171.48401401067
71 1 55 4 11.180339887498949 44.721359549995796
72 4 78 64 688.877347573572 44088.15024470861
73 1 51 4 1.0 4.0
74 3 72 36 103.18914671611545 3714.809281780156
75 0 50 0 1.0 0.0
76 0 50 0 1.0 0.0
77 0 50 0 1.0 0.0
78 2 29 16 156.16977940690063 2498.71647051041
79 14 226 784 3397.5249815122775 2663659.5855056257
80 0 50 0 1.0 0.0
81 0 50 0 1.0 0.0
82 0 50 0 1.0 0.0
83 18 313 1296 5537.535282054643 7176645.725542817
84 0 50 0 1.0 0.0
85 1 48 4 332.55375505322445 1330.2150202128978
86 6 53 144 385.84582413186746 55561.79867498892
87 0 50 0 1.0 0.0
88 14 189 784 2598.3204190399615 2037083.2085273298
89 1 26 4 132.5745073534124 530.2980294136496
90 1 22 4 103.18914671611545 412.7565868644618
91 20 341 1600 6296.969191603212 10075150.706565138
92 2 33 16 189.57056733575496 3033.1290773720793
93 19 377 1444 7320.015915283245 10570102.981669005
94 0 50 0 1.0 0.0
95 2 95 16 301.8691769624716 4829.906831399546
96 21 405 1764 8150.467777986733 14377425.160368597
97 7 335 196 783.6612788698955 153597.6106584995
98 1 33 4 189.57056733575496 758.2822693430198
99 0 50 0 1.0 0.0
100 1 59 4 27.0 108.0
101 29 469 3364 10156.855271194918 34167661.13229971
102 23 376 2116 7290.910505554159 15427566.629752599
103 17 281 1156 4710.418346601499 5445243.608671333
104 29 374 3364 7232.8157725743295 24331192.258940045
105 4 61 64 476.42523023030594 30491.21473473958
106 0 50 0 1.0 0.0
107 13 168 676 2177.5288746650413 1472009.519273568
108 16 447 1024 2765.0267629807854 2831387.4052923243
109 21 425 1764 8761.599454437528 15455461.4376278
110 12 168 576 2177.5288746650413 1254256.6318070637
111 9 133 324 1533.830825091216 496961.187329554
112 19 245 1444 3834.8565814121393 5537532.90355913
113 20 341 1600 6296.969191603212 10075150.706565138
114 20 382 1600 7466.121349134369 11945794.15861499
115 21 313 1764 5537.535282054643 9768212.237544391
116 27 407 2916 8210.91608774563 23943031.311866257
117 26 364 2704 6944.677386315364 18778407.652596746
118 24 332 2304 6049.327896551815 13937651.47365538
119 27 387 2916 7613.186126714622 22200050.74549984
120 28 518 3136 11789.479717103719 36971808.39283726
121 18 224 1296 3352.5250185494515 4344872.424040089
122 17 246 1156 3858.359236774098 4460263.277710857
123 20 269 1600 4411.928036584459 7059084.858535134
124 19 256 1444 4096.0 5914624.0
125 23 485 2116 10681.017039589442 22601032.055771258
126 20 340 1600 6269.290230959164 10030864.369534662
127 20 384 1600 7524.832489829923 12039731.983727878
128 23 347 2116 6463.8937955384135 13677599.271359283
129 29 471 3364 10221.893709093241 34386450.437389664
130 25 422 2500 8668.993482521486 21672483.706303716
131 25 405 2500 8150.467777986733 20376169.444966834
132 25 356 2500 6716.994566024302 16792486.415060755
133 21 370 1764 7117.0921028183975 12554550.469371654
134 12 201 576 2849.6668226303227 1641408.0898350659
135 33 515 4356 11687.209889447524 50909486.27843341
136 12 149 576 1818.7767867443217 1047615.4291647293
137 1 62 4 41.569219381653056 166.27687752661222
138 30 419 3600 8576.716096502203 30876177.94740793
139 27 422 2916 8668.993482521486 25278784.995032653
140 27 420 2916 8607.438643406063 25099291.08417208
141 20 313 1600 5537.535282054643 8860056.45128743
142 18 489 1296 3694.850335263933 4788526.034502057
143 33 572 4356 13680.250290107999 59591170.26371044
144 31 457 3844 9769.544155179401 37554127.73250962
145 16 291 1024 4964.088133786507 5083226.248997383
146 25 506 2500 11382.188541752417 28455471.354381043
147 19 313 1444 5537.535282054643 7996200.947286905
148 25 455 2500 9705.481698504202 24263704.246260505
149 22 347 1936 6463.8937955384135 12514098.388162369
150 24 431 2304 7349.159951994514 16932464.52939536
151 18 331 1296 6022.017186956544 7804534.274295681
152 23 461 2116 9898.089765202172 20944357.9431678
153 13 203 676 2892.3047903013266 1955198.0382436968
154 13 166 676 2138.760388636371 1445802.0227181867
155 29 552 3364 12969.063497415687 43627929.60530637
156 11 214 484 3130.5501114021476 1515186.2539186394
157 1 7 4 18.520259177452132 74.08103670980853
158 0 50 0 1.0 0.0
159 15 280 900 4685.296148590823 4216766.53373174
160 24 515 2304 11687.209889447524 26927331.585287094
161 25 391 2500 7731.524493914509 19328811.234786272
162 24 340 2304 6269.290230959164 14444444.692129914
163 22 297 1936 5118.405318065384 9909232.695774583
164 16 234 1024 3579.511698542135 3665419.9793071463
165 22 393 1936 7790.921447428411 15083223.922221404
166 17 252 1156 4000.375982329661 4624434.635573088
167 28 418 3136 8546.030189509045 26800350.674300365
168 26 430 2704 8916.66978193092 24110675.090341207
169 30 525 3600 12029.26119925908 43305340.317332685
170 26 401 2704 8030.018742194815 21713170.67889478
171 19 308 1444 5405.378062633547 7805365.922442842
172 19 289 1444 4913.0 7094372.0
173 22 327 1936 5913.187211648215 11447930.441750946
174 21 337 1764 6186.497635981121 10912981.829870697
175 33 438 4356 9166.660896967882 39929974.8671921
176 19 245 1444 3834.8565814121393 5537532.90355913
177 11 209 484 3021.4779496134006 1462395.327612886
178 20 299 1600 5170.1933232713845 8272309.317234215
179 17 262 1156 4240.840482734525 4902411.598041111
180 26 443 2704 9324.07137467319 25212288.99711631
181 23 335 2116 6131.506747937247 12974268.278635215
182 19 355 1444 6688.712506902954 9658500.859967867
183 12 175 576 2315.032397181517 1333458.6607765537
184 23 285 2116 4811.353759598228 10180824.55530985
185 22 350 1936 6547.900426854398 12676735.226390114
186 29 424 3364 8730.694359556976 29370055.825549666
187 20 593 1600 6352.448897866082 10163918.23658573
188 27 467 2916 10091.955360583002 29428141.831460036
189 20 289 1600 4913.0 7860800.0
190 4 17 64 70.09279563550022 4485.938920672014
191 30 481 3600 10549.15356794089 37976952.84458721
192 24 389 2304 7672.279257169932 17676931.40851952
193 23 368 2116 7059.464002316323 14937825.82890134
194 25 352 2500 6604.1053898313885 16510263.474578472
195 17 297 1156 5118.405318065384 5916876.547683584
196 30 505 3600 11348.463552393338 40854468.78861602
197 26 415 2704 8454.192746797295 22860137.187339883
198 19 315 1444 5590.695395029137 8072964.150422074
199 25 428 2500 8854.532850467041 22136332.126167603
3601's generation fitness ratios and roulette cutoffs:
59591170.26371044 1655076560.4346547 8275382.802173274 3.551965826363796e-08 3.551965826363796e-08
59591170.26371044 1655076560.4346547 8275382.802173274 4.1714250415679244e-07 4.526621624204304e-07
59591170.26371044 1655076560.4346547 8275382.802173274 0.0 4.526621624204304e-07
59591170.26371044 1655076560.4346547 8275382.802173274 0.0 4.526621624204304e-07
59591170.26371044 1655076560.4346547 8275382.802173274 3.9373985779267e-06 4.39006074034713e-06
59591170.26371044 1655076560.4346547 8275382.802173274 3.057045442623299e-07 4.69576528460946e-06
59591170.26371044 1655076560.4346547 8275382.802173274 3.0516172336731336e-06 7.747382518282595e-06
59591170.26371044 1655076560.4346547 8275382.802173274 1.9165505129036483e-06 9.663933031186243e-06
59591170.26371044 1655076560.4346547 8275382.802173274 0.01799158291513051 0.018001246848161696
59591170.26371044 1655076560.4346547 8275382.802173274 0.0 0.018001246848161696
59591170.26371044 1655076560.4346547 8275382.802173274 0.0 0.018001246848161696
59591170.26371044 1655076560.4346547 8275382.802173274 1.392080617343119e-06 0.018002638928779038
59591170.26371044 1655076560.4346547 8275382.802173274 1.1136644938744951e-05 0.018013775573717784
59591170.26371044 1655076560.4346547 8275382.802173274 0.0 0.018013775573717784
59591170.26371044 1655076560.4346547 8275382.802173274 1.019528665473943e-06 0.018014795102383258
59591170.26371044 1655076560.4346547 8275382.802173274 0.01702025912373591 0.03503505422611917
59591170.26371044 1655076560.4346547 8275382.802173274 0.0 0.03503505422611917
59591170.26371044 1655076560.4346547 8275382.802173274 0.0 0.03503505422611917
59591170.26371044 1655076560.4346547 8275382.802173274 0.00033371400332543393 0.035368768229444604
59591170.26371044 1655076560.4346547 8275382.802173274 0.0 0.035368768229444604
59591170.26371044 1655076560.4346547 8275382.802173274 0.0 0.035368768229444604
59591170.26371044 1655076560.4346547 8275382.802173274 0.0 0.035368768229444604
59591170.26371044 1655076560.4346547 8275382.802173274 0.0 0.035368768229444604
59591170.26371044 1655076560.4346547 8275382.802173274 0.0008893905904189653 0.03625815881986357
59591170.26371044 1655076560.4346547 8275382.802173274 8.817204851074273e-08 0.03625824699191208
59591170.26371044 1655076560.4346547 8275382.802173274 0.0 0.03625824699191208
59591170.26371044 1655076560.4346547 8275382.802173274 0.009763738352141354 0.04602198534405343
59591170.26371044 1655076560.4346547 8275382.802173274 2.4168066273318038e-09 0.04602198776086006
59591170.26371044 1655076560.4346547 8275382.802173274 0.0 0.04602198776086006
59591170.26371044 1655076560.4346547 8275382.802173274 0.0 0.04602198776086006
59591170.26371044 1655076560.4346547 8275382.802173274 7.382622333612562e-07 0.04602272602309342
59591170.26371044 1655076560.4346547 8275382.802173274 0.00018088657902474328 0.046203612602118166
59591170.26371044 1655076560.4346547 8275382.802173274 0.0 0.046203612602118166
59591170.26371044 1655076560.4346547 8275382.802173274 0.0 0.046203612602118166
59591170.26371044 1655076560.4346547 8275382.802173274 0.0 0.046203612602118166
59591170.26371044 1655076560.4346547 8275382.802173274 4.4759885119968974e-08 0.046203657362003284
59591170.26371044 1655076560.4346547 8275382.802173274 0.0 0.046203657362003284
59591170.26371044 1655076560.4346547 8275382.802173274 0.0 0.046203657362003284
59591170.26371044 1655076560.4346547 8275382.802173274 0.0035736256203439355 0.04977728298234722
59591170.26371044 1655076560.4346547 8275382.802173274 0.0 0.04977728298234722
59591170.26371044 1655076560.4346547 8275382.802173274 0.000510598196930364 0.05028788117927758
59591170.26371044 1655076560.4346547 8275382.802173274 1.2558095611823595e-08 0.05028789373737319
59591170.26371044 1655076560.4346547 8275382.802173274 2.610151157518348e-07 0.05028815475248894
59591170.26371044 1655076560.4346547 8275382.802173274 0.00010620926564582318 0.05039436401813476
59591170.26371044 1655076560.4346547 8275382.802173274 0.0 0.05039436401813476
59591170.26371044 1655076560.4346547 8275382.802173274 2.7020719535929572e-08 0.0503943910388543
59591170.26371044 1655076560.4346547 8275382.802173274 1.1662732535071236e-05 0.05040605377138937
59591170.26371044 1655076560.4346547 8275382.802173274 6.970612481420109e-05 0.05047575989620357
59591170.26371044 1655076560.4346547 8275382.802173274 2.3257918550619734e-07 0.05047599247538908
59591170.26371044 1655076560.4346547 8275382.802173274 0.0 0.05047599247538908
59591170.26371044 1655076560.4346547 8275382.802173274 0.003827818139192997 0.054303810614582074
59591170.26371044 1655076560.4346547 8275382.802173274 0.0 0.054303810614582074
59591170.26371044 1655076560.4346547 8275382.802173274 0.0 0.054303810614582074
59591170.26371044 1655076560.4346547 8275382.802173274 2.0015770123775525e-07 0.05430401077228331
59591170.26371044 1655076560.4346547 8275382.802173274 0.0 0.05430401077228331
59591170.26371044 1655076560.4346547 8275382.802173274 1.2660007317384362e-07 0.05430413737235649
59591170.26371044 1655076560.4346547 8275382.802173274 0.0 0.05430413737235649
59591170.26371044 1655076560.4346547 8275382.802173274 0.007159051549467388 0.061463188921823876
59591170.26371044 1655076560.4346547 8275382.802173274 0.0002507497488867297 0.06171393867071061
59591170.26371044 1655076560.4346547 8275382.802173274 0.0 0.06171393867071061
59591170.26371044 1655076560.4346547 8275382.802173274 0.0 0.06171393867071061
59591170.26371044 1655076560.4346547 8275382.802173274 0.0 0.06171393867071061
59591170.26371044 1655076560.4346547 8275382.802173274 0.0 0.06171393867071061
59591170.26371044 1655076560.4346547 8275382.802173274 0.00014322119238006865 0.06185715986309068
59591170.26371044 1655076560.4346547 8275382.802173274 0.0 0.06185715986309068
59591170.26371044 1655076560.4346547 8275382.802173274 0.0 0.06185715986309068
59591170.26371044 1655076560.4346547 8275382.802173274 3.551965826363796e-08 0.06185719538274894
59591170.26371044 1655076560.4346547 8275382.802173274 8.817204851074273e-08 0.06185728355479745
59591170.26371044 1655076560.4346547 8275382.802173274 1.0525332430993672e-05 0.06186780888722845
59591170.26371044 1655076560.4346547 8275382.802173274 0.0 0.06186780888722845
59591170.26371044 1655076560.4346547 8275382.802173274 2.668848382603545e-05 0.061894497371054485
59591170.26371044 1655076560.4346547 8275382.802173274 2.7020719535929572e-08 0.06189452439177402
59591170.26371044 1655076560.4346547 8275382.802173274 2.6638133424553013e-05 0.061921162525198574
59591170.26371044 1655076560.4346547 8275382.802173274 2.4168066273318038e-09 0.061921164942005204
59591170.26371044 1655076560.4346547 8275382.802173274 2.2444939228699948e-06 0.06192340943592808
59591170.26371044 1655076560.4346547 8275382.802173274 0.0 0.06192340943592808
59591170.26371044 1655076560.4346547 8275382.802173274 0.0 0.06192340943592808
59591170.26371044 1655076560.4346547 8275382.802173274 0.0 0.06192340943592808
59591170.26371044 1655076560.4346547 8275382.802173274 1.509728631438173e-06 0.061924919164559514
59591170.26371044 1655076560.4346547 8275382.802173274 0.0016093875348014704 0.06353430669936098
59591170.26371044 1655076560.4346547 8275382.802173274 0.0 0.06353430669936098
59591170.26371044 1655076560.4346547 8275382.802173274 0.0 0.06353430669936098
59591170.26371044 1655076560.4346547 8275382.802173274 0.0 0.06353430669936098
59591170.26371044 1655076560.4346547 8275382.802173274 0.004336141237876085 0.06787044793723707
59591170.26371044 1655076560.4346547 8275382.802173274 0.0 0.06787044793723707
59591170.26371044 1655076560.4346547 8275382.802173274 8.037181191567101e-07 0.06787125165535622
59591170.26371044 1655076560.4346547 8275382.802173274 3.357053081604716e-05 0.06790482218617226
59591170.26371044 1655076560.4346547 8275382.802173274 0.0 0.06790482218617226
59591170.26371044 1655076560.4346547 8275382.802173274 0.0012308090496987963 0.06913563123587106
59591170.26371044 1655076560.4346547 8275382.802173274 3.20406947986976e-07 0.06913595164281905
59591170.26371044 1655076560.4346547 8275382.802173274 2.4938821365222163e-07 0.0691362010310327
59591170.26371044 1655076560.4346547 8275382.802173274 0.006087422749748332 0.07522362378078103
59591170.26371044 1655076560.4346547 8275382.802173274 1.8326216139364102e-06 0.07522545640239496
59591170.26371044 1655076560.4346547 8275382.802173274 0.006386473734419328 0.08161193013681428
59591170.26371044 1655076560.4346547 8275382.802173274 0.0 0.08161193013681428
59591170.26371044 1655076560.4346547 8275382.802173274 2.9182377098803935e-06 0.08161484837452417
59591170.26371044 1655076560.4346547 8275382.802173274 0.008686864102886462 0.09030171247741063
59591170.26371044 1655076560.4346547 8275382.802173274 9.280393084544792e-05 0.09039451640825608
59591170.26371044 1655076560.4346547 8275382.802173274 4.5815540348410254e-07 0.09039497456365957
59591170.26371044 1655076560.4346547 8275382.802173274 0.0 0.09039497456365957
59591170.26371044 1655076560.4346547 8275382.802173274 6.52537789379587e-08 0.0903950398174385
59591170.26371044 1655076560.4346547 8275382.802173274 0.0206441574662423 0.11103919728368081
59591170.26371044 1655076560.4346547 8275382.802173274 0.009321361318597265 0.12036055860227807
59591170.26371044 1655076560.4346547 8275382.802173274 0.003290025210218256 0.12365058381249633
59591170.26371044 1655076560.4346547 8275382.802173274 0.014700946675572644 0.13835153048806897
59591170.26371044 1655076560.4346547 8275382.802173274 1.842284246157894e-05 0.13836995333053057
59591170.26371044 1655076560.4346547 8275382.802173274 0.0 0.13836995333053057
59591170.26371044 1655076560.4346547 8275382.802173274 0.0008893905904189653 0.13925934392094952
59591170.26371044 1655076560.4346547 8275382.802173274 0.0017107289614135721 0.1409700728823631
59591170.26371044 1655076560.4346547 8275382.802173274 0.009338215407732497 0.1503082882900956
59591170.26371044 1655076560.4346547 8275382.802173274 0.0007578239350315444 0.15106611222512714
59591170.26371044 1655076560.4346547 8275382.802173274 0.00030026477276618704 0.15136637699789332
59591170.26371044 1655076560.4346547 8275382.802173274 0.0033457865550974076 0.15471216355299072
59591170.26371044 1655076560.4346547 8275382.802173274 0.006087422749748332 0.16079958630273905
59591170.26371044 1655076560.4346547 8275382.802173274 0.007217668622820563 0.1680172549255596
59591170.26371044 1655076560.4346547 8275382.802173274 0.005901970018220228 0.17391922494377984
59591170.26371044 1655076560.4346547 8275382.802173274 0.014466419188232816 0.18838564413201267
59591170.26371044 1655076560.4346547 8275382.802173274 0.01134594501638352 0.1997315891483962
59591170.26371044 1655076560.4346547 8275382.802173274 0.0084211521127428 0.208152741261139
59591170.26371044 1655076560.4346547 8275382.802173274 0.01341330744220659 0.2215660487033456
59591170.26371044 1655076560.4346547 8275382.802173274 0.022338427887062674 0.24390447659040826
59591170.26371044 1655076560.4346547 8275382.802173274 0.002625179117332822 0.24652965570774107
59591170.26371044 1655076560.4346547 8275382.802173274 0.002694898462304068 0.24922455417004513
59591170.26371044 1655076560.4346547 8275382.802173274 0.004265110767251325 0.25348966493729647
59591170.26371044 1655076560.4346547 8275382.802173274 0.0035736256203439355 0.2570632905576404
59591170.26371044 1655076560.4346547 8275382.802173274 0.013655581014231628 0.270718871571872
59591170.26371044 1655076560.4346547 8275382.802173274 0.006060664871539456 0.27677953644341147
59591170.26371044 1655076560.4346547 8275382.802173274 0.007274426012393055 0.2840539624558045
59591170.26371044 1655076560.4346547 8275382.802173274 0.008264028141252442 0.29231799059705693
59591170.26371044 1655076560.4346547 8275382.802173274 0.020776350326874984 0.3130943409239319
59591170.26371044 1655076560.4346547 8275382.802173274 0.013094550563033838 0.3261888914869657
59591170.26371044 1655076560.4346547 8275382.802173274 0.01231131533855791 0.3385002068255236
59591170.26371044 1655076560.4346547 8275382.802173274 0.010146048114324529 0.34864625493984813
59591170.26371044 1655076560.4346547 8275382.802173274 0.007585480194387255 0.3562317351342354
59591170.26371044 1655076560.4346547 8275382.802173274 0.000991741487417356 0.35722347662165277
59591170.26371044 1655076560.4346547 8275382.802173274 0.03075959595794385 0.38798307257959663
59591170.26371044 1655076560.4346547 8275382.802173274 0.0006329709780250924 0.38861604355762175
59591170.26371044 1655076560.4346547 8275382.802173274 1.0046476489458876e-07 0.38861614402238664
59591170.26371044 1655076560.4346547 8275382.802173274 0.018655437872492894 0.40727158189487955
59591170.26371044 1655076560.4346547 8275382.802173274 0.015273483776722668 0.4225450656716022
59591170.26371044 1655076560.4346547 8275382.802173274 0.015165033258389285 0.4377100989299915
59591170.26371044 1655076560.4346547 8275382.802173274 0.0053532607875013405 0.4430633597174929
59591170.26371044 1655076560.4346547 8275382.802173274 0.0028932353638338633 0.44595659508132673
59591170.26371044 1655076560.4346547 8275382.802173274 0.03600508380594832 0.48196167888727504
59591170.26371044 1655076560.4346547 8275382.802173274 0.02269026619689858 0.5046519450841737
59591170.26371044 1655076560.4346547 8275382.802173274 0.003071293721700965 0.5077232388058747
59591170.26371044 1655076560.4346547 8275382.802173274 0.0171928429382796 0.5249160817441543
59591170.26371044 1655076560.4346547 8275382.802173274 0.00483131786071996 0.5297473996048743
59591170.26371044 1655076560.4346547 8275382.802173274 0.014660170306495303 0.5444075699113696
59591170.26371044 1655076560.4346547 8275382.802173274 0.007561038979898264 0.5519686088912679
59591170.26371044 1655076560.4346547 8275382.802173274 0.01023062312292585 0.5621992320141938
59591170.26371044 1655076560.4346547 8275382.802173274 0.004715512539339003 0.5669147445535327
59591170.26371044 1655076560.4346547 8275382.802173274 0.01265461577056436 0.5795693603240971
59591170.26371044 1655076560.4346547 8275382.802173274 0.0011813338941433769 0.5807506942182404
59591170.26371044 1655076560.4346547 8275382.802173274 0.0008735559775787602 0.5816242501958192
59591170.26371044 1655076560.4346547 8275382.802173274 0.02636006735171746 0.6079843175475367
59591170.26371044 1655076560.4346547 8275382.802173274 0.0009154780450281542 0.6088997955925648
59591170.26371044 1655076560.4346547 8275382.802173274 4.4759885119968974e-08 0.6088998403524499
59591170.26371044 1655076560.4346547 8275382.802173274 0.0 0.6088998403524499
59591170.26371044 1655076560.4346547 8275382.802173274 0.0025477773261584568 0.6114476176786083
59591170.26371044 1655076560.4346547 8275382.802173274 0.016269538357920714 0.627717156036529
59591170.26371044 1655076560.4346547 8275382.802173274 0.011678499772669222 0.6393956558091982
59591170.26371044 1655076560.4346547 8275382.802173274 0.008727357415016818 0.6481230132242151
59591170.26371044 1655076560.4346547 8275382.802173274 0.005987174812730252 0.6541101880369453
59591170.26371044 1655076560.4346547 8275382.802173274 0.0022146528244859783 0.6563248408614313
59591170.26371044 1655076560.4346547 8275382.802173274 0.009113308884188572 0.6654381497456199
59591170.26371044 1655076560.4346547 8275382.802173274 0.0027940910687289434 0.6682322408143488
59591170.26371044 1655076560.4346547 8275382.802173274 0.016192816281116375 0.6844250570954652
59591170.26371044 1655076560.4346547 8275382.802173274 0.014567709836945116 0.6989927669324103
59591170.26371044 1655076560.4346547 8275382.802173274 0.026165158369447196 0.7251579253018575
59591170.26371044 1655076560.4346547 8275382.802173274 0.013119133699284876 0.7382770590011424
59591170.26371044 1655076560.4346547 8275382.802173274 0.00471601502252742 0.7429930740236698
59591170.26371044 1655076560.4346547 8275382.802173274 0.004286431316589296 0.7472795053402591
59591170.26371044 1655076560.4346547 8275382.802173274 0.006916858540214297 0.7541963638804734
59591170.26371044 1655076560.4346547 8275382.802173274 0.006593641702595764 0.7607900055830692
59591170.26371044 1655076560.4346547 8275382.802173274 0.024125756972055556 0.7849157625551247
59591170.26371044 1655076560.4346547 8275382.802173274 0.0033457865550974076 0.7882615491102222
59591170.26371044 1655076560.4346547 8275382.802173274 0.0008835816798884717 0.7891451307901106
59591170.26371044 1655076560.4346547 8275382.802173274 0.0049981429953075696 0.7941432737854182
59591170.26371044 1655076560.4346547 8275382.802173274 0.0029620452100135135 0.7971053189954317
59591170.26371044 1655076560.4346547 8275382.802173274 0.015233306784608852 0.8123386257800406
59591170.26371044 1655076560.4346547 8275382.802173274 0.007839074390146595 0.8201777001701872
59591170.26371044 1655076560.4346547 8275382.802173274 0.005835682222115067 0.8260133823923023
59591170.26371044 1655076560.4346547 8275382.802173274 0.0008056779321594416 0.8268190603244617
59591170.26371044 1655076560.4346547 8275382.802173274 0.006151271064243803 0.8329703313887056
59591170.26371044 1655076560.4346547 8275382.802173274 0.00765930442701754 0.8406296358157231
59591170.26371044 1655076560.4346547 8275382.802173274 0.01774543639107337 0.8583750722067965
59591170.26371044 1655076560.4346547 8275382.802173274 0.006141056238459743 0.8645161284452563
59591170.26371044 1655076560.4346547 8275382.802173274 0.017780532052083225 0.8822966604973395
59591170.26371044 1655076560.4346547 8275382.802173274 0.004749508384032461 0.8870461688813719
59591170.26371044 1655076560.4346547 8275382.802173274 2.710411728321451e-06 0.8870488792931002
59591170.26371044 1655076560.4346547 8275382.802173274 0.02294573783016644 0.9099946171232666
59591170.26371044 1655076560.4346547 8275382.802173274 0.010680431244749924 0.9206750483680165
59591170.26371044 1655076560.4346547 8275382.802173274 0.009025459115304238 0.9297005074833208
59591170.26371044 1655076560.4346547 8275382.802173274 0.009975528546088866 0.9396760360294096
59591170.26371044 1655076560.4346547 8275382.802173274 0.003574986613386452 0.943251022642796
59591170.26371044 1655076560.4346547 8275382.802173274 0.02468433773111188 0.9679353603739079
59591170.26371044 1655076560.4346547 8275382.802173274 0.013812132764019313 0.9817474931379272
59591170.26371044 1655076560.4346547 8275382.802173274 0.004877698315238033 0.9866251914531652
59591170.26371044 1655076560.4346547 8275382.802173274 0.013374808546834946 1.0000000000000002
3601's generation extracting best parents:
0
0
0
0
0
0
0
0
29777447.167949103
0
0
0
0
0
0
28169831.92821938
0
0
0
0
0
0
0
1472009.519273568
0
0
16159734.488846034
0
0
0
0
0
0
0
0
0
0
0
5914624.0
0
0
0
0
0
0
0
0
0
0
0
6335332.079784926
0
0
0
0
0
0
11848778.41446687
0
0
0
0
0
0
0
0
0
0
0
0
0
0
0
0
0
0
0
0
0
2663659.5855056257
0
0
0
7176645.725542817
0
0
0
0
2037083.2085273298
0
0
10075150.706565138
0
10570102.981669005
0
0
14377425.160368597
0
0
0
0
34167661.13229971
15427566.629752599
5445243.608671333
24331192.258940045
0
0
1472009.519273568
2831387.4052923243
15455461.4376278
0
0
5537532.90355913
10075150.706565138
11945794.15861499
9768212.237544391
23943031.311866257
18778407.652596746
13937651.47365538
22200050.74549984
36971808.39283726
4344872.424040089
4460263.277710857
7059084.858535134
5914624.0
22601032.055771258
10030864.369534662
12039731.983727878
13677599.271359283
34386450.437389664
21672483.706303716
20376169.444966834
16792486.415060755
12554550.469371654
1641408.0898350659
50909486.27843341
0
0
30876177.94740793
25278784.995032653
25099291.08417208
8860056.45128743
4788526.034502057
59591170.26371044
37554127.73250962
5083226.248997383
28455471.354381043
7996200.947286905
24263704.246260505
12514098.388162369
16932464.52939536
7804534.274295681
20944357.9431678
1955198.0382436968
0
43627929.60530637
1515186.2539186394
0
0
4216766.53373174
26927331.585287094
19328811.234786272
14444444.692129914
9909232.695774583
3665419.9793071463
15083223.922221404
4624434.635573088
26800350.674300365
24110675.090341207
43305340.317332685
21713170.67889478
7805365.922442842
7094372.0
11447930.441750946
10912981.829870697
39929974.8671921
5537532.90355913
0
8272309.317234215
4902411.598041111
25212288.99711631
12974268.278635215
9658500.859967867
0
10180824.55530985
12676735.226390114
29370055.825549666
10163918.23658573
29428141.831460036
7860800.0
0
37976952.84458721
17676931.40851952
14937825.82890134
16510263.474578472
5916876.547683584
40854468.78861602
22860137.187339883
8072964.150422074
22136332.126167603
