0 0 50 0 1.0 0.0
1 1 50 4 1.0 4.0
2 0 50 0 1.0 0.0
3 0 50 0 1.0 0.0
4 0 5 0 11.180339887498949 0.0
5 0 50 0 1.0 0.0
6 0 50 0 1.0 0.0
7 1 13 4 46.87216658103186 187.48866632412745
8 2 22 16 103.18914671611545 1651.0263474578471
9 1 54 4 8.0 32.0
10 0 7 0 18.520259177452132 0.0
11 0 5 0 11.180339887498949 0.0
12 0 50 0 1.0 0.0
13 0 50 0 1.0 0.0
14 0 5 0 11.180339887498949 0.0
15 0 50 0 1.0 0.0
16 1 55 4 11.180339887498949 44.721359549995796
17 0 9 0 27.0 0.0
18 0 2 0 2.8284271247461903 0.0
19 0 50 0 1.0 0.0
20 0 5 0 11.180339887498949 0.0
21 2 36 16 216.0 3456.0
22 0 6 0 14.696938456699069 0.0
23 0 50 0 1.0 0.0
24 1 50 4 1.0 4.0
25 0 7 0 18.520259177452132 0.0
26 2 31 16 172.60069524773067 2761.6111239636907
27 0 7 0 18.520259177452132 0.0
28 0 5 0 11.180339887498949 0.0
29 0 50 0 1.0 0.0
30 2 18 16 76.36753236814714 1221.8805178903542
31 0 50 0 1.0 0.0
32 8 57 256 430.34056281043274 110167.18407947078
33 0 50 0 1.0 0.0
34 3 60 36 464.75800154489 16731.28805561604
35 0 2 0 2.8284271247461903 0.0
36 3 24 36 117.57550765359255 4232.718275529332
37 0 50 0 1.0 0.0
38 0 50 0 1.0 0.0
39 1 52 4 2.8284271247461903 11.313708498984761
40 1 13 4 46.87216658103186 187.48866632412745
41 0 10 0 31.622776601683793 0.0
42 1 57 4 18.520259177452132 74.08103670980853
43 2 32 16 181.01933598375618 2896.309375740099
44 1 4 4 8.0 32.0
45 1 14 4 52.38320341483518 209.53281365934072
46 0 50 0 1.0 0.0
47 0 50 0 1.0 0.0
48 11 145 484 1746.0312139248829 845079.1075396433
49 1 12 4 41.569219381653056 166.27687752661222
50 0 6 0 14.696938456699069 0.0
51 9 78 324 688.877347573572 223196.26061383734
52 3 38 36 234.2477321128211 8432.91835606156
53 23 300 2116 5196.152422706632 10995058.526447233
54 0 50 0 1.0 0.0
55 0 50 0 1.0 0.0
56 0 6 0 14.696938456699069 0.0
57 0 2 0 2.8284271247461903 0.0
58 3 67 36 70.09279563550022 2523.340642878008
59 0 6 0 14.696938456699069 0.0
60 0 14 0 52.38320341483518 0.0
61 1 53 4 5.196152422706632 20.784609690826528
62 0 50 0 1.0 0.0
63 1 53 4 5.196152422706632 20.784609690826528
64 0 2 0 2.8284271247461903 0.0
65 1 50 4 1.0 4.0
66 3 39 36 243.55492193753753 8767.977189751351
67 0 50 0 1.0 0.0
68 2 60 16 31.622776601683793 505.9644256269407
69 15 148 900 1800.497708968273 1620447.9380714456
70 3 53 36 385.84582413186746 13890.44966874723
71 8 141 256 1674.2822342723464 428616.2519737207
72 4 49 64 343.0 21952.0
73 0 50 0 1.0 0.0
74 0 5 0 11.180339887498949 0.0
75 1 54 4 8.0 32.0
76 9 134 324 1551.1621449738902 502576.53497154044
77 7 126 196 1414.3464922005498 277211.9124713078
78 0 9 0 27.0 0.0
79 4 80 64 715.5417527999327 45794.672179195695
80 2 55 16 407.8909167902615 6526.254668644184
81 0 50 0 1.0 0.0
82 5 86 100 797.5311906126306 79753.11906126306
83 0 5 0 11.180339887498949 0.0
84 0 50 0 1.0 0.0
85 9 143 324 1710.0312862634999 554050.136749374
86 3 53 36 385.84582413186746 13890.44966874723
87 0 50 0 1.0 0.0
88 0 50 0 1.0 0.0
89 2 47 16 322.21576621884907 5155.452259501585
90 1 13 4 46.87216658103186 187.48866632412745
91 0 50 0 1.0 0.0
92 0 50 0 1.0 0.0
93 0 50 0 1.0 0.0
94 0 50 0 1.0 0.0
95 0 50 0 1.0 0.0
96 0 50 0 1.0 0.0
97 6 55 144 407.8909167902615 58736.292017797656
98 0 50 0 1.0 0.0
99 11 155 484 1929.7344376882536 933991.4678411147
100 15 178 900 2374.8162034144875 2137334.5830730386
101 15 242 900 3764.636503037179 3388172.852733461
102 1 59 4 27.0 108.0
103 22 317 1936 5644.024539280459 10926831.508046968
104 4 134 64 769.8727167525811 49271.85387216519
105 4 121 64 1331.0 85184.0
106 20 243 1600 3787.995116153135 6060792.185845016
107 20 311 1600 5484.544739538552 8775271.583261684
108 8 81 256 729.0 186624.0
109 20 250 1600 3952.847075210474 6324555.320336758
110 24 280 2304 4685.296148590823 10794922.326353256
111 21 383 1764 7495.457757869095 13221987.484881084
112 2 21 16 96.23408959407264 1539.7454335051623
113 18 245 1296 3834.8565814121393 4969974.129510133
114 20 282 1600 4735.58528589656 7576936.457434496
115 14 183 784 2475.578114299769 1940853.2416110188
116 14 189 784 2598.3204190399615 2037083.2085273298
117 7 118 196 1281.8080979616254 251234.38720047858
118 5 74 100 636.5720697611544 63657.206976115434
119 10 145 400 1746.0312139248829 698412.4855699531
120 0 50 0 1.0 0.0
121 0 50 0 1.0 0.0
122 8 89 256 839.6243207530378 214943.82611277766
123 0 50 0 1.0 0.0
124 15 187 900 2557.1865399301632 2301467.885937147
125 5 131 100 1499.363531636007 149936.35316360072
126 11 139 484 1638.785831034672 793172.3422207813
127 21 212 1764 3086.7665930549397 5445056.270148913
128 19 263 1444 4265.143256679663 6158866.862645433
129 10 143 400 1710.0312862634999 684012.5145054
130 12 197 576 2765.0267629807854 1592655.4154769324
131 28 389 3136 7672.279257169932 24060267.750484906
132 12 224 576 3352.5250185494515 1931054.410684484
133 21 328 1764 5940.332650618146 10478746.795690408
134 15 207 900 2978.2113759771987 2680390.238379479
135 10 143 400 1710.0312862634999 684012.5145054
136 19 300 1444 5196.152422706632 7503244.098388377
137 12 161 576 2042.8609840123727 1176687.9267911266
138 5 67 100 548.4186357154541 54841.863571545415
139 0 50 0 1.0 0.0
140 20 324 1600 5832.0 9331200.0
141 18 251 1296 3976.5878589564695 5153657.865207585
142 18 629 1296 7378.3425645601465 9562331.96366995
143 10 143 400 1710.0312862634999 684012.5145054
144 19 270 1444 4436.552715791846 6406382.121603426
145 6 74 144 636.5720697611544 91666.37804560622
146 15 220 900 3263.127334322092 2936814.6008898825
147 4 47 64 322.21576621884907 20621.80903800634
148 17 254 1156 4048.0938724293437 4679596.516528321
149 18 313 1296 5537.535282054643 7176645.725542817
150 13 228 676 3442.724502483462 2327281.7636788203
151 17 235 1156 3602.4817834376345 4164468.9416539054
152 0 50 0 1.0 0.0
153 8 94 256 911.3638131942698 233309.13617773307
154 24 308 2304 5405.378062633547 12453991.056307694
155 20 300 1600 5196.152422706632 8313843.876330611
156 7 140 196 1656.5023392678925 324674.4584965069
157 12 172 576 2255.7588523598884 1299317.0989592958
158 0 50 0 1.0 0.0
159 17 320 1156 5724.334022399462 6617330.129893778
160 16 234 1024 3579.511698542135 3665419.9793071463
161 17 299 1156 5170.1933232713845 5976743.4817017205
162 11 386 484 1586.0189153979218 767633.1550525941
163 13 188 676 2577.7261297507926 1742542.8637115357
164 24 350 2304 6547.900426854398 15086362.583472531
165 21 274 1764 4535.5070278856365 8000634.397190263
166 13 175 676 2315.032397181517 1564961.9004947054
167 9 176 324 2334.9038524102016 756508.8481809053
168 14 209 784 3021.4779496134006 2368838.712496906
169 13 240 676 3718.06401235912 2513411.2723547653
170 19 244 1444 3811.4018418424475 5503664.259620494
171 16 286 1024 4836.6988742323 4952779.647213875
172 23 281 2116 4710.418346601499 9967245.221408773
173 8 82 256 742.5415813272682 190090.64481978066
174 14 175 784 2315.032397181517 1814985.3993903094
175 10 216 400 3174.538706646999 1269815.4826587995
176 11 167 484 2158.1156132144542 1044527.9567957958
177 1 21 4 96.23408959407264 384.93635837629057
178 19 239 1444 3694.850335263933 5335363.884121119
179 15 205 900 2935.1533179716525 2641637.9861744875
180 2 10 16 31.622776601683793 505.9644256269407
181 16 243 1024 3787.995116153135 3878906.99894081
182 16 251 1024 3976.5878589564695 4072025.967571425
183 20 343 1600 6352.448897866082 10163918.23658573
184 17 355 1156 6688.712506902954 7732151.657979815
185 16 261 1024 4216.584043986317 4317782.061041988
186 13 193 676 2681.2416899638124 1812519.3824155373
187 16 290 1024 4938.522046118656 5057046.575225504
188 14 195 784 2723.0268085349435 2134853.017891396
189 12 254 576 4048.0938724293437 2331702.070519302
190 21 234 1764 3579.511698542135 6314258.636228326
191 12 142 576 1692.125290869444 974664.1675407997
192 27 411 2916 8332.258457345164 24296865.661618497
193 5 77 100 675.6722578291934 67567.22578291934
194 16 246 1024 3858.359236774098 3950959.8584566764
195 15 197 900 2765.0267629807854 2488524.086682707
196 21 336 1764 6158.981734020649 10864443.778812425
197 15 209 900 3021.4779496134006 2719330.1546520605
198 15 220 900 3263.127334322092 2936814.6008898825
199 25 340 2500 6269.290230959164 15673225.577397909
1601's generation fitness ratios and roulette cutoffs:
24296865.661618497 430919360.88469416 2154596.804423471 0.0 0.0
24296865.661618497 430919360.88469416 2154596.804423471 9.282479190045777e-09 9.282479190045777e-09
24296865.661618497 430919360.88469416 2154596.804423471 0.0 9.282479190045777e-09
24296865.661618497 430919360.88469416 2154596.804423471 0.0 9.282479190045777e-09
24296865.661618497 430919360.88469416 2154596.804423471 0.0 9.282479190045777e-09
24296865.661618497 430919360.88469416 2154596.804423471 0.0 9.282479190045777e-09
24296865.661618497 430919360.88469416 2154596.804423471 0.0 9.282479190045777e-09
24296865.661618497 430919360.88469416 2154596.804423471 4.3508991088078743e-07 4.443723900708332e-07
24296865.661618497 430919360.88469416 2154596.804423471 3.831404428123689e-06 4.275776818194522e-06
24296865.661618497 430919360.88469416 2154596.804423471 7.425983352036622e-08 4.350036651714888e-06
24296865.661618497 430919360.88469416 2154596.804423471 0.0 4.350036651714888e-06
24296865.661618497 430919360.88469416 2154596.804423471 0.0 4.350036651714888e-06
24296865.661618497 430919360.88469416 2154596.804423471 0.0 4.350036651714888e-06
24296865.661618497 430919360.88469416 2154596.804423471 0.0 4.350036651714888e-06
24296865.661618497 430919360.88469416 2154596.804423471 0.0 4.350036651714888e-06
24296865.661618497 430919360.88469416 2154596.804423471 0.0 4.350036651714888e-06
24296865.661618497 430919360.88469416 2154596.804423471 1.0378127234334775e-07 4.453817924058236e-06
24296865.661618497 430919360.88469416 2154596.804423471 0.0 4.453817924058236e-06
24296865.661618497 430919360.88469416 2154596.804423471 0.0 4.453817924058236e-06
24296865.661618497 430919360.88469416 2154596.804423471 0.0 4.453817924058236e-06
24296865.661618497 430919360.88469416 2154596.804423471 0.0 4.453817924058236e-06
24296865.661618497 430919360.88469416 2154596.804423471 8.020062020199551e-06 1.2473879944257786e-05
24296865.661618497 430919360.88469416 2154596.804423471 0.0 1.2473879944257786e-05
24296865.661618497 430919360.88469416 2154596.804423471 0.0 1.2473879944257786e-05
24296865.661618497 430919360.88469416 2154596.804423471 9.282479190045777e-09 1.2483162423447832e-05
24296865.661618497 430919360.88469416 2154596.804423471 0.0 1.2483162423447832e-05
24296865.661618497 430919360.88469416 2154596.804423471 6.408649447297972e-06 1.8891811870745805e-05
24296865.661618497 430919360.88469416 2154596.804423471 0.0 1.8891811870745805e-05
24296865.661618497 430919360.88469416 2154596.804423471 0.0 1.8891811870745805e-05
24296865.661618497 430919360.88469416 2154596.804423471 0.0 1.8891811870745805e-05
24296865.661618497 430919360.88469416 2154596.804423471 2.8355201200098924e-06 2.1727331990755698e-05
24296865.661618497 430919360.88469416 2154596.804423471 0.0 2.1727331990755698e-05
24296865.661618497 430919360.88469416 2154596.804423471 0.0002556561484109075 0.00027738348040166324
24296865.661618497 430919360.88469416 2154596.804423471 0.0 0.00027738348040166324
24296865.661618497 430919360.88469416 2154596.804423471 3.882695829972935e-05 0.0003162104387013926
24296865.661618497 430919360.88469416 2154596.804423471 0.0 0.0003162104387013926
24296865.661618497 430919360.88469416 2154596.804423471 9.822529827481867e-06 0.0003260329685288744
24296865.661618497 430919360.88469416 2154596.804423471 0.0 0.0003260329685288744
24296865.661618497 430919360.88469416 2154596.804423471 0.0 0.0003260329685288744
24296865.661618497 430919360.88469416 2154596.804423471 2.6254815926017525e-08 0.00032605922334480046
24296865.661618497 430919360.88469416 2154596.804423471 4.3508991088078743e-07 0.00032649431325568125
24296865.661618497 430919360.88469416 2154596.804423471 0.0 0.00032649431325568125
24296865.661618497 430919360.88469416 2154596.804423471 1.7191392040895374e-07 0.0003266662271760902
24296865.661618497 430919360.88469416 2154596.804423471 6.7212328770604865e-06 0.00033338746005315067
24296865.661618497 430919360.88469416 2154596.804423471 7.425983352036622e-08 0.000333461719886671
24296865.661618497 430919360.88469416 2154596.804423471 4.862459956061425e-07 0.0003339479658822772
24296865.661618497 430919360.88469416 2154596.804423471 0.0 0.0003339479658822772
24296865.661618497 430919360.88469416 2154596.804423471 0.0 0.0003339479658822772
24296865.661618497 430919360.88469416 2154596.804423471 0.0019611073074197994 0.0022950552733020766
24296865.661618497 430919360.88469416 2154596.804423471 3.858654138566421e-07 0.0022954411387159333
24296865.661618497 430919360.88469416 2154596.804423471 0.0 0.0022954411387159333
24296865.661618497 430919360.88469416 2154596.804423471 0.0005179536611109948 0.002813394799826928
24296865.661618497 430919360.88469416 2154596.804423471 1.956959728787412e-05 0.0028329643971148023
24296865.661618497 430919360.88469416 2154596.804423471 0.025515350491270457 0.02834831488838526
24296865.661618497 430919360.88469416 2154596.804423471 0.0 0.02834831488838526
24296865.661618497 430919360.88469416 2154596.804423471 0.0 0.02834831488838526
24296865.661618497 430919360.88469416 2154596.804423471 0.0 0.02834831488838526
24296865.661618497 430919360.88469416 2154596.804423471 0.0 0.02834831488838526
24296865.661618497 430919360.88469416 2154596.804423471 5.855714251727961e-06 0.028354170602636987
24296865.661618497 430919360.88469416 2154596.804423471 0.0 0.028354170602636987
24296865.661618497 430919360.88469416 2154596.804423471 0.0 0.028354170602636987
24296865.661618497 430919360.88469416 2154596.804423471 4.823317673208026e-08 0.028354218835813717
24296865.661618497 430919360.88469416 2154596.804423471 0.0 0.028354218835813717
24296865.661618497 430919360.88469416 2154596.804423471 4.823317673208026e-08 0.028354267068990448
24296865.661618497 430919360.88469416 2154596.804423471 0.0 0.028354267068990448
24296865.661618497 430919360.88469416 2154596.804423471 9.282479190045777e-09 0.02835427635146964
24296865.661618497 430919360.88469416 2154596.804423471 2.0347141450665742e-05 0.028374623492920303
24296865.661618497 430919360.88469416 2154596.804423471 0.0 0.028374623492920303
24296865.661618497 430919360.88469416 2154596.804423471 1.1741510629463853e-06 0.02837579764398325
24296865.661618497 430919360.88469416 2154596.804423471 0.0037604435659251956 0.03213624120990845
24296865.661618497 430919360.88469416 2154596.804423471 3.2234452497631104e-05 0.032168475662406076
24296865.661618497 430919360.88469416 2154596.804423471 0.0009946553598653698 0.03316313102227145
24296865.661618497 430919360.88469416 2154596.804423471 5.094224579497123e-05 0.03321407326806642
24296865.661618497 430919360.88469416 2154596.804423471 0.0 0.03321407326806642
24296865.661618497 430919360.88469416 2154596.804423471 0.0 0.03321407326806642
24296865.661618497 430919360.88469416 2154596.804423471 7.425983352036622e-08 0.03321414752789994
24296865.661618497 430919360.88469416 2154596.804423471 0.0011662890568196595 0.0343804365847196
24296865.661618497 430919360.88469416 2154596.804423471 0.0006433034521869266 0.035023740036906524
24296865.661618497 430919360.88469416 2154596.804423471 0.0 0.035023740036906524
24296865.661618497 430919360.88469416 2154596.804423471 0.00010627202287958809 0.03513001205978611
24296865.661618497 430919360.88469416 2154596.804423471 1.5144955787657185e-05 0.03514515701557377
24296865.661618497 430919360.88469416 2154596.804423471 0.0 0.03514515701557377
24296865.661618497 430919360.88469416 2154596.804423471 0.0001850766670068544 0.03533023368258062
24296865.661618497 430919360.88469416 2154596.804423471 0.0 0.03533023368258062
24296865.661618497 430919360.88469416 2154596.804423471 0.0 0.03533023368258062
24296865.661618497 430919360.88469416 2154596.804423471 0.0012857397161545204 0.03661597339873514
24296865.661618497 430919360.88469416 2154596.804423471 3.2234452497631104e-05 0.03664820785123277
24296865.661618497 430919360.88469416 2154596.804423471 0.0 0.03664820785123277
24296865.661618497 430919360.88469416 2154596.804423471 0.0 0.03664820785123277
24296865.661618497 430919360.88469416 2154596.804423471 1.1963844578524486e-05 0.03666017169581129
24296865.661618497 430919360.88469416 2154596.804423471 4.3508991088078743e-07 0.036660606785722166
24296865.661618497 430919360.88469416 2154596.804423471 0.0 0.036660606785722166
24296865.661618497 430919360.88469416 2154596.804423471 0.0 0.036660606785722166
24296865.661618497 430919360.88469416 2154596.804423471 0.0 0.036660606785722166
24296865.661618497 430919360.88469416 2154596.804423471 0.0 0.036660606785722166
24296865.661618497 430919360.88469416 2154596.804423471 0.0 0.036660606785722166
24296865.661618497 430919360.88469416 2154596.804423471 0.0 0.036660606785722166
24296865.661618497 430919360.88469416 2154596.804423471 0.00013630460208891466 0.03679691138781108
24296865.661618497 430919360.88469416 2154596.804423471 0.0 0.03679691138781108
24296865.661618497 430919360.88469416 2154596.804423471 0.0021674390909788644 0.03896435047878995
24296865.661618497 430919360.88469416 2154596.804423471 0.004959940947385162 0.043924291426175106
24296865.661618497 430919360.88469416 2154596.804423471 0.007862660999444097 0.051786952425619204
24296865.661618497 430919360.88469416 2154596.804423471 2.50626938131236e-07 0.05178720305255734
24296865.661618497 430919360.88469416 2154596.804423471 0.025357021521645626 0.07714422457420296
24296865.661618497 430919360.88469416 2154596.804423471 0.00011434123955583747 0.0772585658137588
24296865.661618497 430919360.88469416 2154596.804423471 0.00019767967683121488 0.07745624549059
24296865.661618497 430919360.88469416 2154596.804423471 0.014064794335074605 0.09152103982566462
24296865.661618497 430919360.88469416 2154596.804423471 0.02036406896465666 0.11188510879032128
24296865.661618497 430919360.88469416 2154596.804423471 0.0004330833490907758 0.11231819213941205
24296865.661618497 430919360.88469416 2154596.804423471 0.014676888286829816 0.12699508042624186
24296865.661618497 430919360.88469416 2154596.804423471 0.025050910463133663 0.1520459908893755
24296865.661618497 430919360.88469416 2154596.804423471 0.030683205919863593 0.1827291968092391
24296865.661618497 430919360.88469416 2154596.804423471 3.573163736119921e-06 0.18273276997297522
24296865.661618497 430919360.88469416 2154596.804423471 0.01153342035806092 0.19426619033103615
24296865.661618497 430919360.88469416 2154596.804423471 0.01758318874760872 0.21184937907864487
24296865.661618497 430919360.88469416 2154596.804423471 0.004503982456546793 0.21635336153519166
24296865.661618497 430919360.88469416 2154596.804423471 0.004727295622886656 0.22108065715807831
24296865.661618497 430919360.88469416 2154596.804423471 0.0005830194927530864 0.2216636766508314
24296865.661618497 430919360.88469416 2154596.804423471 0.00014772417476305712 0.22181140082559445
24296865.661618497 430919360.88469416 2154596.804423471 0.0016207498408428091 0.22343215066643726
24296865.661618497 430919360.88469416 2154596.804423471 0.0 0.22343215066643726
24296865.661618497 430919360.88469416 2154596.804423471 0.0 0.22343215066643726
24296865.661618497 430919360.88469416 2154596.804423471 0.0004988028982301692 0.22393095356466744
24296865.661618497 430919360.88469416 2154596.804423471 0.0 0.22393095356466744
24296865.661618497 430919360.88469416 2154596.804423471 0.005340831939442554 0.22927178550410998
24296865.661618497 430919360.88469416 2154596.804423471 0.0003479452695181195 0.2296197307736281
24296865.661618497 430919360.88469416 2154596.804423471 0.0018406514401960675 0.23146038221382417
24296865.661618497 430919360.88469416 2154596.804423471 0.012635905379071392 0.24409628759289556
24296865.661618497 430919360.88469416 2154596.804423471 0.01429238837169219 0.25838867596458776
24296865.661618497 430919360.88469416 2154596.804423471 0.0015873329829068153 0.25997600894749456
24296865.661618497 430919360.88469416 2154596.804423471 0.003695947687769584 0.26367195663526416
24296865.661618497 430919360.88469416 2154596.804423471 0.05583473367520142 0.3195066903104656
24296865.661618497 430919360.88469416 2154596.804423471 0.004481243095506209 0.32398793340597176
24296865.661618497 430919360.88469416 2154596.804423471 0.02431718726718877 0.34830512067316055
24296865.661618497 430919360.88469416 2154596.804423471 0.006220166652239839 0.3545252873254004
24296865.661618497 430919360.88469416 2154596.804423471 0.0015873329829068153 0.3561126203083072
24296865.661618497 430919360.88469416 2154596.804423471 0.017412176800280975 0.37352479710858816
24296865.661618497 430919360.88469416 2154596.804423471 0.0027306452984041858 0.3762554424069923
24296865.661618497 430919360.88469416 2154596.804423471 0.00012726711433655 0.37638270952132885
24296865.661618497 430919360.88469416 2154596.804423471 0.0 0.37638270952132885
24296865.661618497 430919360.88469416 2154596.804423471 0.02165416745453879 0.39803687697586765
24296865.661618497 430919360.88469416 2154596.804423471 0.011959680471601288 0.40999655744746893
24296865.661618497 430919360.88469416 2154596.804423471 0.02219053686526897 0.4321870943127379
24296865.661618497 430919360.88469416 2154596.804423471 0.0015873329829068153 0.4337744272956447
24296865.661618497 430919360.88469416 2154596.804423471 0.014866777181816278 0.448641204477461
24296865.661618497 430919360.88469416 2154596.804423471 0.00021272281165880222 0.44885392728911977
24296865.661618497 430919360.88469416 2154596.804423471 0.006815230104445733 0.4556691573935655
24296865.661618497 430919360.88469416 2154596.804423471 4.7855378314097946e-05 0.4557170127718796
24296865.661618497 430919360.88469416 2154596.804423471 0.010859564320621214 0.46657657709250083
24296865.661618497 430919360.88469416 2154596.804423471 0.016654266150420545 0.48323084324292137
24296865.661618497 430919360.88469416 2154596.804423471 0.005400736135180421 0.4886315793781018
24296865.661618497 430919360.88469416 2154596.804423471 0.009664149072123585 0.4982957284502254
24296865.661618497 430919360.88469416 2154596.804423471 0.0 0.4982957284502254
24296865.661618497 430919360.88469416 2154596.804423471 0.0005414218003543409 0.49883715025057973
24296865.661618497 430919360.88469416 2154596.804423471 0.0289009782032981 0.5277381284538778
24296865.661618497 430919360.88469416 2154596.804423471 0.019293270692832105 0.54703139914671
24296865.661618497 430919360.88469416 2154596.804423471 0.0007534459761333017 0.5477848451228432
24296865.661618497 430919360.88469416 2154596.804423471 0.0030152209830900784 0.5508000661059332
24296865.661618497 430919360.88469416 2154596.804423471 0.0 0.5508000661059332
24296865.661618497 430919360.88469416 2154596.804423471 0.01535630730610048 0.5661563734120337
24296865.661618497 430919360.88469416 2154596.804423471 0.008506046170174152 0.5746624195822079
24296865.661618497 430919360.88469416 2154596.804423471 0.013869749248284493 0.5885321688304924
24296865.661618497 430919360.88469416 2154596.804423471 0.0017813846968412223 0.5903135535273336
24296865.661618497 430919360.88469416 2154596.804423471 0.0040437794675412765 0.5943573329948749
24296865.661618497 430919360.88469416 2154596.804423471 0.03500971168364226 0.6293670446785172
24296865.661618497 430919360.88469416 2154596.804423471 0.018566430574770764 0.647933475253288
24296865.661618497 430919360.88469416 2154596.804423471 0.0036316815686391487 0.6515651568219272
24296865.661618497 430919360.88469416 2154596.804423471 0.0017555694100811886 0.6533207262320083
24296865.661618497 430919360.88469416 2154596.804423471 0.0054971740133318405 0.6588179002453401
24296865.661618497 430919360.88469416 2154596.804423471 0.005832671957914898 0.6646505722032551
24296865.661618497 430919360.88469416 2154596.804423471 0.012771912239731485 0.6774224844429866
24296865.661618497 430919360.88469416 2154596.804423471 0.011493518502036266 0.6889160029450229
24296865.661618497 430919360.88469416 2154596.804423471 0.02313018658745254 0.7120461895324754
24296865.661618497 430919360.88469416 2154596.804423471 0.0004411281136904993 0.7124873176461659
24296865.661618497 430919360.88469416 2154596.804423471 0.004211891050019368 0.7166992086961853
24296865.661618497 430919360.88469416 2154596.804423471 0.0029467589482445604 0.7196459676444299
24296865.661618497 430919360.88469416 2154596.804423471 0.0024239522555945026 0.7220699199000244
24296865.661618497 430919360.88469416 2154596.804423471 8.932909340299802e-07 0.7220708131909584
24296865.661618497 430919360.88469416 2154596.804423471 0.012381351056419024 0.7344521642473775
24296865.661618497 430919360.88469416 2154596.804423471 0.006130237408574779 0.7405824016559522
24296865.661618497 430919360.88469416 2154596.804423471 1.1741510629463853e-06 0.7405835758070152
24296865.661618497 430919360.88469416 2154596.804423471 0.009001468374447747 0.7495850441814629
24296865.661618497 430919360.88469416 2154596.804423471 0.009449624076326943 0.7590346682577899
24296865.661618497 430919360.88469416 2154596.804423471 0.023586589880108456 0.7826212581378983
24296865.661618497 430919360.88469416 2154596.804423471 0.017943384214868897 0.8005646423527671
24296865.661618497 430919360.88469416 2154596.804423471 0.010019930532193806 0.810584572884961
24296865.661618497 430919360.88469416 2154596.804423471 0.004206168362206712 0.8147907412471677
24296865.661618497 430919360.88469416 2154596.804423471 0.011735482399405753 0.8265262236465735
24296865.661618497 430919360.88469416 2154596.804423471 0.004954182178095827 0.8314804058246693
24296865.661618497 430919360.88469416 2154596.804423471 0.005410993986745518 0.8368913998114148
24296865.661618497 430919360.88469416 2154596.804423471 0.014652993597839066 0.8515443934092539
24296865.661618497 430919360.88469416 2154596.804423471 0.002261824963120191 0.8538062183723741
24296865.661618497 430919360.88469416 2154596.804423471 0.05638378747182789 0.9101900058442021
24296865.661618497 430919360.88469416 2154596.804423471 0.00015679784181476833 0.9103468036860168
24296865.661618497 430919360.88469416 2154596.804423471 0.009168675666707577 0.9195154793527244
24296865.661618497 430919360.88469416 2154596.804423471 0.005774918262139976 0.9252903976148643
24296865.661618497 430919360.88469416 2154596.804423471 0.025212243322062164 0.9505026409369265
24296865.661618497 430919360.88469416 2154596.804423471 0.006310531392855429 0.9568131723297819
24296865.661618497 430919360.88469416 2154596.804423471 0.006815230104445733 0.9636284024342276
24296865.661618497 430919360.88469416 2154596.804423471 0.03637159756577233 1.0
1601's generation extracting best parents:
0
0
0
0
0
0
0
0
0
0
0
0
0
0
0
0
0
0
0
0
0
0
0
0
0
0
0
0
0
0
0
0
110167.18407947078
0
0
0
0
0
0
0
0
0
0
0
0
0
0
0
845079.1075396433
0
0
223196.26061383734
0
10995058.526447233
0
0
0
0
0
0
0
0
0
0
0
0
0
0
0
1620447.9380714456
0
428616.2519737207
0
0
0
0
502576.53497154044
277211.9124713078
0
0
0
0
79753.11906126306
0
0
554050.136749374
0
0
0
0
0
0
0
0
0
0
0
58736.292017797656
0
933991.4678411147
2137334.5830730386
3388172.852733461
0
10926831.508046968
0
85184.0
6060792.185845016
8775271.583261684
186624.0
6324555.320336758
10794922.326353256
13221987.484881084
0
4969974.129510133
7576936.457434496
1940853.2416110188
2037083.2085273298
251234.38720047858
63657.206976115434
698412.4855699531
0
0
214943.82611277766
0
2301467.885937147
149936.35316360072
793172.3422207813
5445056.270148913
6158866.862645433
684012.5145054
1592655.4154769324
24060267.750484906
1931054.410684484
10478746.795690408
2680390.238379479
684012.5145054
7503244.098388377
1176687.9267911266
54841.863571545415
0
9331200.0
5153657.865207585
9562331.96366995
684012.5145054
6406382.121603426
91666.37804560622
2936814.6008898825
0
4679596.516528321
7176645.725542817
2327281.7636788203
4164468.9416539054
0
233309.13617773307
12453991.056307694
8313843.876330611
324674.4584965069
1299317.0989592958
0
6617330.129893778
3665419.9793071463
5976743.4817017205
767633.1550525941
1742542.8637115357
15086362.583472531
8000634.397190263
1564961.9004947054
756508.8481809053
2368838.712496906
2513411.2723547653
5503664.259620494
4952779.647213875
9967245.221408773
190090.64481978066
1814985.3993903094
1269815.4826587995
1044527.9567957958
0
5335363.884121119
2641637.9861744875
0
3878906.99894081
4072025.967571425
10163918.23658573
7732151.657979815
4317782.061041988
1812519.3824155373
5057046.575225504
2134853.017891396
2331702.070519302
6314258.636228326
974664.1675407997
24296865.661618497
67567.22578291934
3950959.8584566764
2488524.086682707
10864443.778812425
2719330.1546520605
2936814.6008898825
15673225.577397909
